5.56640625e-02 2.14843750e-02 8.39843750e-02 -4.88281250e-03 2.47070312e-01 5.07812500e-02 -1.17187500e-02 -1.17187500e-02 -7.81250000e-03 -9.76562500e-04 -8.78906250e-03 -1.66015625e-02 -2.53906250e-02 4.10156250e-02 -2.83203125e-02 1.75781250e-02 -1.85546875e-02 8.30078125e-02 -1.66015625e-02 -1.75781250e-02 -1.17187500e-02 -1.66015625e-02 9.86328125e-02 -1.17187500e-02 3.12500000e-02 -3.90625000e-03 4.78515625e-02 -1.36718750e-02 -1.26953125e-02 -6.83593750e-03 -3.12500000e-02 -4.00390625e-02 -1.07421875e-02 -8.78906250e-03 5.95703125e-02 -1.17187500e-02 -2.92968750e-03 8.69140625e-02 -2.92968750e-03 -1.95312500e-03 -8.78906250e-03 -1.07421875e-02 -7.81250000e-03 -1.75781250e-02 -2.14843750e-02 -5.85937500e-03 -2.73437500e-02 4.58984375e-02 -1.36718750e-02 4.19921875e-02 9.08203125e-02 -9.76562500e-03 0.00000000e+00 -9.76562500e-04 6.15234375e-02 -8.78906250e-03 -7.81250000e-03 -1.95312500e-03 -5.85937500e-03 1.85546875e-02 -1.17187500e-02 -9.76562500e-04 7.42187500e-02 8.88671875e-02 -1.95312500e-03 -3.90625000e-03 -9.76562500e-04 -2.44140625e-02 6.64062500e-02 2.05078125e-02 -4.88281250e-03 5.66406250e-02 -3.90625000e-03 -1.07421875e-02 5.85937500e-03 -1.46484375e-02 4.88281250e-02 3.90625000e-03 2.24609375e-02 -1.17187500e-02 1.58203125e-01 -2.92968750e-03 3.02734375e-02 4.78515625e-02 1.04492188e-01 1.09375000e-01 7.12890625e-02 -1.17187500e-02 -1.26953125e-02 1.38671875e-01 1.22070312e-01 -2.92968750e-03 -3.12500000e-02 -1.56250000e-02 -5.85937500e-03 -1.56250000e-02 8.10546875e-02 -1.85546875e-02 4.49218750e-02 1.31835938e-01 2.54882812e-01 7.42187500e-02 1.12304688e-01 9.76562500e-02 -1.66015625e-02 -2.05078125e-02 -4.88281250e-03 -1.56250000e-02 -2.63671875e-02 -8.78906250e-03 1.07421875e-01 -1.95312500e-03 -1.07421875e-02 -2.24609375e-02 -2.92968750e-03 1.25976562e-01 4.88281250e-02 1.95312500e-02 -1.85546875e-02 4.68750000e-02 1.36718750e-02 -2.05078125e-02 3.71093750e-02 -1.46484375e-02 -2.44140625e-02 -1.36718750e-02 -2.14843750e-02 7.81250000e-03
8.39843750e-02 1.60156250e-01 4.78515625e-02 -2.63671875e-02 1.83593750e-01 2.05078125e-02 -1.17187500e-02 -7.81250000e-03 -4.88281250e-03 -1.36718750e-02 1.31835938e-01 -1.95312500e-02 -3.80859375e-02 1.95312500e-02 -1.56250000e-02 -2.05078125e-02 -8.78906250e-03 1.03515625e-01 -1.46484375e-02 -2.92968750e-03 -2.14843750e-02 -2.63671875e-02 2.63671875e-02 -4.58984375e-02 1.46484375e-02 -8.78906250e-03 -1.46484375e-02 -2.53906250e-02 2.34375000e-02 6.83593750e-03 -1.46484375e-02 -2.34375000e-02 -1.66015625e-02 1.18164062e-01 1.75781250e-02 5.37109375e-02 6.34765625e-02 1.54296875e-01 2.83203125e-02 2.48046875e-01 -5.85937500e-03 1.85546875e-02 1.09375000e-01 -2.53906250e-02 -1.85546875e-02 1.50390625e-01 -5.85937500e-03 1.02539062e-01 1.04492188e-01 5.37109375e-02 1.24023438e-01 -2.05078125e-02 -1.26953125e-02 -1.46484375e-02 -3.90625000e-03 -2.63671875e-02 -5.46875000e-02 -1.56250000e-02 -1.07421875e-02 4.19921875e-02 -2.34375000e-02 5.56640625e-02 1.17187500e-01 8.00781250e-02 -2.14843750e-02 -8.78906250e-03 -1.17187500e-02 -3.61328125e-02 8.59375000e-02 -8.78906250e-03 1.49414062e-01 6.34765625e-02 4.49218750e-02 -1.36718750e-02 8.59375000e-02 2.53906250e-02 7.71484375e-02 -1.26953125e-02 -2.24609375e-02 -2.14843750e-02 1.52343750e-01 1.29882812e-01 4.78515625e-02 -8.78906250e-03 8.00781250e-02 5.56640625e-02 3.22265625e-02 -9.76562500e-03 -1.95312500e-02 4.78515625e-02 1.17187500e-01 5.46875000e-02 -5.85937500e-03 -1.26953125e-02 -2.05078125e-02 8.78906250e-03 -2.92968750e-03 -4.88281250e-03 1.10351562e-01 7.51953125e-02 1.68945312e-01 -7.81250000e-03 -5.85937500e-03 -1.95312500e-03 -1.56250000e-02 -1.26953125e-02 -8.78906250e-03 -2.34375000e-02 -3.32031250e-02 -4.88281250e-03 1.80664062e-01 -5.85937500e-03 -9.76562500e-03 -2.92968750e-03 7.81250000e-02 1.03515625e-01 7.61718750e-02 -1.66015625e-02 -1.07421875e-02 -1.07421875e-02 -8.78906250e-03 -5.85937500e-03 2.20703125e-01 -1.56250000e-02 -2.73437500e-02 2.44140625e-02 -1.07421875e-02 6.15234375e-02
7.42187500e-02 8.88671875e-02 6.93359375e-02 -2.53906250e-02 1.35742188e-01 -1.36718750e-02 -1.85546875e-02 -4.88281250e-03 7.12890625e-02 -1.66015625e-02 -9.76562500e-03 -3.02734375e-02 -3.22265625e-02 -1.66015625e-02 -1.95312500e-03 -4.49218750e-02 6.73828125e-02 2.34375000e-02 -1.26953125e-02 3.41796875e-01 -9.76562500e-03 -4.39453125e-02 -7.81250000e-03 -1.07421875e-02 7.42187500e-02 9.76562500e-03 1.07421875e-02 -1.66015625e-02 -1.36718750e-02 5.66406250e-02 4.88281250e-02 -5.85937500e-03 -4.88281250e-03 -1.56250000e-02 -2.92968750e-03 4.58984375e-02 -4.88281250e-03 2.09960938e-01 4.49218750e-02 -7.81250000e-03 9.76562500e-04 2.66601562e-01 -1.95312500e-03 -2.92968750e-02 8.49609375e-02 1.08398438e-01 2.14843750e-02 -1.07421875e-02 2.92968750e-03 4.10156250e-02 1.19140625e-01 -1.46484375e-02 -2.73437500e-02 6.64062500e-02 -2.92968750e-03 -3.61328125e-02 -3.02734375e-02 -8.78906250e-03 2.83203125e-02 1.70898438e-01 -2.83203125e-02 1.16210938e-01 1.04492188e-01 -6.83593750e-03 -1.95312500e-03 1.66015625e-02 -5.85937500e-02 -4.00390625e-02 4.10156250e-02 -4.68750000e-02 2.14843750e-02 1.65039062e-01 -1.95312500e-03 -2.24609375e-02 6.15234375e-02 9.86328125e-02 -1.36718750e-02 -3.90625000e-03 1.17187500e-01 1.08398438e-01 -1.66015625e-02 5.95703125e-02 1.22070312e-01 -1.95312500e-03 1.07421875e-01 1.27929688e-01 -4.88281250e-03 4.98046875e-02 -2.92968750e-03 -2.34375000e-02 -7.81250000e-03 -9.76562500e-04 1.09375000e-01 -1.85546875e-02 -1.26953125e-02 4.19921875e-02 -7.81250000e-03 2.86132812e-01 -1.56250000e-02 1.08398438e-01 3.71093750e-02 5.27343750e-02 -1.56250000e-02 3.41796875e-02 4.88281250e-02 -3.90625000e-03 -2.14843750e-02 -1.75781250e-02 -4.29687500e-02 -1.17187500e-02 9.17968750e-02 -4.88281250e-03 -9.76562500e-03 2.92968750e-03 3.17382812e-01 1.37695312e-01 9.66796875e-02 -3.61328125e-02 -2.53906250e-02 -1.75781250e-02 -8.78906250e-03 -8.78906250e-03 1.10351562e-01 -1.26953125e-02 -9.76562500e-03 -2.63671875e-02 8.00781250e-02 2.67578125e-01
-9.76562500e-04 1.46484375e-02 4.49218750e-02 -1.36718750e-02 1.22070312e-01 3.32031250e-02 -3.02734375e-02 -1.17187500e-02 5.17578125e-02 1.16210938e-01 -9.76562500e-03 -1.26953125e-02 -2.05078125e-02 6.83593750e-02 -8.78906250e-03 -1.95312500e-03 -7.81250000e-03 5.66406250e-02 5.76171875e-02 -2.44140625e-02 -5.85937500e-03 -1.07421875e-02 -4.88281250e-03 -2.34375000e-02 -5.85937500e-03 2.14843750e-02 -1.26953125e-02 -1.95312500e-02 -1.07421875e-02 -9.76562500e-04 4.00390625e-02 -7.81250000e-03 -7.81250000e-03 3.61328125e-02 -6.83593750e-03 4.58984375e-02 0.00000000e+00 1.37695312e-01 1.56250000e-02 1.26953125e-01 -4.88281250e-03 -1.46484375e-02 3.80859375e-02 -7.81250000e-03 -4.88281250e-03 -6.83593750e-03 5.95703125e-02 -7.81250000e-03 -2.92968750e-03 8.30078125e-02 8.59375000e-02 -8.78906250e-03 -5.85937500e-03 6.64062500e-02 1.22070312e-01 -9.76562500e-04 -3.51562500e-02 -1.95312500e-02 -1.07421875e-02 4.19921875e-02 -2.05078125e-02 -9.76562500e-04 5.07812500e-02 5.95703125e-02 -2.92968750e-03 1.46484375e-02 -4.88281250e-03 -3.22265625e-02 9.17968750e-02 6.05468750e-02 8.10546875e-02 1.26953125e-01 2.63671875e-02 5.85937500e-03 6.54296875e-02 1.26953125e-02 2.63671875e-02 -4.88281250e-03 -4.88281250e-03 -1.95312500e-02 1.74804688e-01 -8.78906250e-03 -2.92968750e-03 1.46484375e-02 1.10351562e-01 -2.92968750e-03 -1.95312500e-03 -1.17187500e-02 -1.56250000e-02 1.63085938e-01 1.59179688e-01 1.37695312e-01 9.57031250e-02 -3.90625000e-03 2.92968750e-03 -9.76562500e-04 7.71484375e-02 7.81250000e-03 4.88281250e-02 1.31835938e-01 9.66796875e-02 -6.83593750e-03 0.00000000e+00 1.41601562e-01 -3.12500000e-02 -1.17187500e-02 -2.14843750e-02 -1.85546875e-02 -2.44140625e-02 -3.90625000e-03 5.85937500e-02 6.05468750e-02 -1.95312500e-03 -7.81250000e-03 -3.90625000e-03 2.07031250e-01 6.93359375e-02 1.36718750e-02 -1.66015625e-02 -2.92968750e-03 -2.92968750e-03 -8.78906250e-03 1.29882812e-01 -1.36718750e-02 -1.66015625e-02 -2.14843750e-02 -1.85546875e-02 -4.88281250e-03
-9.76562500e-04 1.45507812e-01 5.07812500e-02 -3.32031250e-02 7.32421875e-02 1.08398438e-01 -1.56250000e-02 -1.36718750e-02 6.25000000e-02 -2.14843750e-02 2.24609375e-02 -3.41796875e-02 -4.29687500e-02 1.46484375e-02 -2.34375000e-02 -2.92968750e-03 -6.83593750e-03 1.15234375e-01 -1.36718750e-02 -4.88281250e-03 -1.26953125e-02 -1.66015625e-02 -7.81250000e-03 -4.88281250e-02 -5.85937500e-03 -3.90625000e-03 -1.56250000e-02 -2.24609375e-02 -1.66015625e-02 9.76562500e-03 -7.81250000e-03 -2.14843750e-02 -1.66015625e-02 1.04492188e-01 -3.90625000e-03 1.09375000e-01 7.51953125e-02 8.39843750e-02 3.22265625e-02 2.37304688e-01 -9.76562500e-04 1.95312500e-03 8.39843750e-02 -2.92968750e-02 -1.75781250e-02 3.80859375e-02 5.46875000e-02 6.25000000e-02 1.95312500e-02 6.05468750e-02 8.59375000e-02 -1.17187500e-02 -2.92968750e-03 -1.66015625e-02 5.27343750e-02 -2.73437500e-02 -4.78515625e-02 -1.36718750e-02 -9.76562500e-03 3.90625000e-02 -1.46484375e-02 4.00390625e-02 5.27343750e-02 9.37500000e-02 -1.36718750e-02 -1.95312500e-03 -1.46484375e-02 -4.10156250e-02 9.37500000e-02 -1.07421875e-02 1.65039062e-01 2.15820312e-01 8.30078125e-02 -9.76562500e-03 9.76562500e-03 2.24609375e-02 4.78515625e-02 -6.83593750e-03 -2.44140625e-02 -3.22265625e-02 1.77734375e-01 -1.17187500e-02 -2.92968750e-03 5.85937500e-03 1.77734375e-01 -3.90625000e-03 2.63671875e-02 -8.78906250e-03 -1.66015625e-02 1.77734375e-01 1.29882812e-01 6.93359375e-02 3.71093750e-02 -6.83593750e-03 -1.95312500e-02 -3.90625000e-03 -3.90625000e-03 2.83203125e-02 1.11328125e-01 2.66601562e-01 1.56250000e-01 -9.76562500e-03 -9.76562500e-04 7.71484375e-02 -2.73437500e-02 -1.56250000e-02 -2.34375000e-02 -2.34375000e-02 -4.00390625e-02 -9.76562500e-03 1.02539062e-01 1.95312500e-02 -2.34375000e-02 -7.81250000e-03 8.49609375e-02 8.78906250e-02 2.63671875e-02 -1.85546875e-02 -5.85937500e-03 -1.75781250e-02 -1.07421875e-02 -1.46484375e-02 2.73437500e-01 -1.95312500e-02 -2.63671875e-02 -6.83593750e-03 -2.05078125e-02 1.03515625e-01
3.51562500e-02 2.03125000e-01 6.93359375e-02 -4.29687500e-02 7.61718750e-02 1.50390625e-01 -3.71093750e-02 -2.24609375e-02 9.86328125e-02 -9.76562500e-03 1.49414062e-01 -3.32031250e-02 -3.61328125e-02 1.26953125e-02 -2.24609375e-02 -3.12500000e-02 1.95312500e-02 2.13867188e-01 -2.53906250e-02 1.83593750e-01 -5.85937500e-03 -3.22265625e-02 -9.76562500e-04 -4.88281250e-02 5.27343750e-02 -4.88281250e-03 -3.22265625e-02 -3.51562500e-02 -5.85937500e-03 -9.76562500e-04 -2.24609375e-02 -2.53906250e-02 -1.56250000e-02 9.76562500e-03 -5.85937500e-03 9.08203125e-02 9.08203125e-02 1.52343750e-01 1.14257812e-01 1.66992188e-01 1.26953125e-02 1.20117188e-01 2.10937500e-01 -4.10156250e-02 -2.44140625e-02 8.88671875e-02 -1.95312500e-03 1.56250000e-01 1.36718750e-01 4.88281250e-02 8.69140625e-02 -3.22265625e-02 -2.83203125e-02 -2.92968750e-03 -1.46484375e-02 -3.32031250e-02 -5.17578125e-02 -1.66015625e-02 -1.26953125e-02 1.39648438e-01 -4.29687500e-02 3.41796875e-02 9.27734375e-02 1.03515625e-01 -2.14843750e-02 -1.95312500e-03 -3.32031250e-02 -4.29687500e-02 1.20117188e-01 -3.22265625e-02 2.66601562e-01 7.51953125e-02 4.78515625e-02 -8.78906250e-03 1.95312500e-02 6.25000000e-02 7.32421875e-02 -5.85937500e-03 -2.63671875e-02 -1.66015625e-02 6.34765625e-02 -9.76562500e-03 2.24609375e-02 -5.85937500e-03 8.49609375e-02 1.66015625e-02 -4.88281250e-03 -2.92968750e-03 -4.88281250e-03 1.07421875e-02 1.32812500e-01 2.25585938e-01 2.14843750e-02 -1.56250000e-02 -2.14843750e-02 2.92968750e-02 -1.46484375e-02 5.66406250e-02 -2.92968750e-03 3.12500000e-02 1.96289062e-01 -9.76562500e-04 1.46484375e-02 1.75781250e-02 -3.51562500e-02 -1.26953125e-02 -3.41796875e-02 -3.71093750e-02 -3.90625000e-02 -1.07421875e-02 9.66796875e-02 2.14843750e-02 1.85546875e-02 -9.76562500e-03 1.82617188e-01 9.47265625e-02 7.81250000e-02 -3.51562500e-02 -2.92968750e-03 9.76562500e-03 -9.76562500e-03 -8.78906250e-03 2.37304688e-01 -2.34375000e-02 -2.92968750e-02 4.98046875e-02 -1.56250000e-02 2.16796875e-01
6.83593750e-03 1.18164062e-01 1.23046875e-01 -1.85546875e-02 2.34375000e-02 7.12890625e-02 -2.44140625e-02 -1.36718750e-02 7.51953125e-02 -8.78906250e-03 3.41796875e-02 -2.14843750e-02 -3.22265625e-02 -7.81250000e-03 -1.46484375e-02 -3.71093750e-02 1.02539062e-01 1.30859375e-01 -2.14843750e-02 3.13476562e-01 -2.24609375e-02 -4.29687500e-02 -7.81250000e-03 -1.56250000e-02 1.42578125e-01 -8.78906250e-03 -6.83593750e-03 -2.34375000e-02 -1.07421875e-02 8.30078125e-02 -1.46484375e-02 -1.95312500e-02 -1.17187500e-02 -3.80859375e-02 -6.83593750e-03 4.10156250e-02 1.66015625e-02 1.14257812e-01 2.53906250e-02 -9.76562500e-03 6.83593750e-03 1.87500000e-01 5.07812500e-02 -3.61328125e-02 -7.81250000e-03 1.09375000e-01 5.95703125e-02 5.46875000e-02 2.92968750e-03 3.12500000e-02 9.37500000e-02 -2.05078125e-02 -2.73437500e-02 -4.88281250e-03 -4.88281250e-03 -3.71093750e-02 -3.61328125e-02 -2.92968750e-03 1.95312500e-03 1.44531250e-01 -3.51562500e-02 9.96093750e-02 1.23046875e-01 2.24609375e-02 -1.36718750e-02 9.76562500e-04 -4.58984375e-02 -3.90625000e-02 1.09375000e-01 -4.10156250e-02 1.16210938e-01 6.34765625e-02 -9.76562500e-04 -1.66015625e-02 1.85546875e-02 1.30859375e-01 5.27343750e-02 -9.76562500e-04 3.12500000e-02 -3.90625000e-03 -1.07421875e-02 -9.76562500e-04 8.39843750e-02 5.37109375e-02 7.12890625e-02 8.20312500e-02 -5.85937500e-03 5.07812500e-02 -1.95312500e-03 -1.17187500e-02 5.85937500e-02 1.82617188e-01 5.37109375e-02 -2.14843750e-02 -2.05078125e-02 -3.90625000e-03 -1.17187500e-02 1.70898438e-01 -1.07421875e-02 1.05468750e-01 6.44531250e-02 6.34765625e-02 -1.66015625e-02 5.85937500e-03 -7.81250000e-03 -4.88281250e-03 -2.05078125e-02 -2.83203125e-02 -4.29687500e-02 -1.56250000e-02 2.73437500e-02 -9.76562500e-04 -5.85937500e-03 -9.76562500e-04 2.06054688e-01 7.32421875e-02 4.68750000e-02 -3.61328125e-02 -2.44140625e-02 2.05078125e-02 -7.81250000e-03 -2.53906250e-02 1.43554688e-01 -1.75781250e-02 -2.24609375e-02 -6.83593750e-03 -1.95312500e-03 2.32421875e-01
6.93359375e-02 9.08203125e-02 1.09375000e-01 -1.66015625e-02 1.37695312e-01 8.00781250e-02 -1.17187500e-02 -4.88281250e-03 -9.76562500e-04 -7.81250000e-03 2.73437500e-02 -2.24609375e-02 -2.53906250e-02 -2.92968750e-03 -2.92968750e-02 -2.34375000e-02 -7.81250000e-03 9.86328125e-02 -2.73437500e-02 8.39843750e-02 -2.24609375e-02 -3.51562500e-02 4.88281250e-03 -1.85546875e-02 6.15234375e-02 -2.92968750e-03 1.26953125e-02 -1.95312500e-02 -7.81250000e-03 2.63671875e-02 -3.51562500e-02 -3.90625000e-02 -1.56250000e-02 -1.46484375e-02 1.95312500e-02 -6.83593750e-03 4.29687500e-02 1.43554688e-01 4.49218750e-02 -1.95312500e-03 -1.07421875e-02 4.58984375e-02 7.81250000e-03 -2.44140625e-02 -2.44140625e-02 1.64062500e-01 -2.05078125e-02 7.03125000e-02 7.81250000e-03 1.75781250e-02 8.78906250e-02 -2.24609375e-02 -1.75781250e-02 -6.83593750e-03 -4.88281250e-03 -2.24609375e-02 -2.05078125e-02 -2.92968750e-03 -1.17187500e-02 2.92968750e-03 -2.14843750e-02 1.46484375e-02 1.01562500e-01 8.88671875e-02 -1.26953125e-02 -9.76562500e-03 -1.46484375e-02 -2.92968750e-02 6.73828125e-02 -2.05078125e-02 6.73828125e-02 -4.88281250e-03 -9.76562500e-04 -1.46484375e-02 7.81250000e-03 1.17187500e-02 5.66406250e-02 -5.85937500e-03 -9.76562500e-04 -5.85937500e-03 8.59375000e-02 1.67968750e-01 7.03125000e-02 2.44140625e-02 6.25000000e-02 1.26953125e-01 1.66015625e-02 -3.90625000e-03 -1.17187500e-02 -9.76562500e-04 9.66796875e-02 3.90625000e-02 -2.53906250e-02 -2.24609375e-02 -2.53906250e-02 -1.07421875e-02 3.90625000e-03 -1.17187500e-02 3.71093750e-02 3.71093750e-02 2.06054688e-01 1.04492188e-01 1.85546875e-02 -9.76562500e-04 -6.83593750e-03 -1.36718750e-02 -4.88281250e-03 -2.14843750e-02 -3.22265625e-02 -9.76562500e-03 8.00781250e-02 -5.85937500e-03 -5.85937500e-03 -1.66015625e-02 7.81250000e-02 7.91015625e-02 6.44531250e-02 -1.66015625e-02 -2.14843750e-02 7.22656250e-02 -2.92968750e-03 -2.63671875e-02 9.57031250e-02 -1.56250000e-02 -2.34375000e-02 -6.83593750e-03 -1.17187500e-02 1.29882812e-01
-2.92968750e-03 -1.95312500e-03 7.51953125e-02 -3.90625000e-03 1.53320312e-01 -1.17187500e-02 -2.92968750e-02 -1.85546875e-02 -8.78906250e-03 5.07812500e-02 2.53906250e-02 -1.17187500e-02 -4.19921875e-02 4.00390625e-02 -1.56250000e-02 -9.76562500e-03 -7.81250000e-03 8.30078125e-02 -5.85937500e-03 -2.44140625e-02 -1.26953125e-02 -1.17187500e-02 -4.88281250e-03 -2.53906250e-02 -9.76562500e-04 -7.81250000e-03 -1.95312500e-03 -2.73437500e-02 -5.85937500e-03 2.92968750e-02 -1.07421875e-02 -2.05078125e-02 -1.66015625e-02 3.90625000e-03 6.05468750e-02 1.13281250e-01 4.68750000e-02 1.83593750e-01 -1.95312500e-03 1.93359375e-01 -2.92968750e-03 -1.26953125e-02 1.06445312e-01 -1.85546875e-02 -1.46484375e-02 -1.07421875e-02 -1.95312500e-03 4.78515625e-02 1.66015625e-02 1.29882812e-01 1.01562500e-01 -1.95312500e-02 -1.95312500e-03 2.63671875e-02 1.02539062e-01 -2.05078125e-02 -4.49218750e-02 -2.05078125e-02 -7.81250000e-03 6.54296875e-02 -2.44140625e-02 -1.95312500e-03 1.56250000e-02 6.93359375e-02 -1.75781250e-02 7.81250000e-03 -1.85546875e-02 -3.32031250e-02 1.07421875e-01 -1.95312500e-03 1.05468750e-01 1.78710938e-01 3.22265625e-02 -3.90625000e-03 8.49609375e-02 3.41796875e-02 1.25976562e-01 9.76562500e-04 -2.92968750e-03 -2.34375000e-02 1.35742188e-01 -1.17187500e-02 4.00390625e-02 8.49609375e-02 8.88671875e-02 6.83593750e-03 5.37109375e-02 -1.46484375e-02 -1.36718750e-02 1.42578125e-01 1.24023438e-01 8.20312500e-02 4.88281250e-03 -8.78906250e-03 -7.81250000e-03 -4.88281250e-03 9.47265625e-02 1.75781250e-02 3.02734375e-02 1.95312500e-01 1.70898438e-01 3.22265625e-02 2.14843750e-02 1.31835938e-01 -2.83203125e-02 -1.07421875e-02 -1.75781250e-02 -2.24609375e-02 -4.10156250e-02 -5.85937500e-03 1.08398438e-01 -1.95312500e-03 -3.90625000e-03 -8.78906250e-03 5.17578125e-02 1.22070312e-01 1.56250000e-02 3.90625000e-03 -2.24609375e-02 -9.76562500e-03 -5.85937500e-03 -3.90625000e-03 1.89453125e-01 -1.07421875e-02 -2.83203125e-02 -3.90625000e-03 -2.83203125e-02 3.22265625e-02
3.02734375e-02 7.12890625e-02 1.75781250e-02 -1.75781250e-02 1.22070312e-01 3.71093750e-02 -1.46484375e-02 -1.56250000e-02 -1.95312500e-03 -1.26953125e-02 1.05468750e-01 -1.75781250e-02 -3.61328125e-02 5.17578125e-02 -1.75781250e-02 -2.73437500e-02 -3.90625000e-03 1.17187500e-01 -1.75781250e-02 1.35742188e-01 -1.56250000e-02 -2.34375000e-02 -1.07421875e-02 -3.80859375e-02 4.19921875e-02 -5.85937500e-03 -9.76562500e-03 -2.63671875e-02 -6.83593750e-03 3.32031250e-02 -7.81250000e-03 -1.66015625e-02 -1.26953125e-02 4.19921875e-02 2.63671875e-02 1.20117188e-01 9.76562500e-02 1.65039062e-01 4.10156250e-02 1.65039062e-01 -2.92968750e-03 6.25000000e-02 1.01562500e-01 -2.73437500e-02 -1.46484375e-02 1.14257812e-01 5.85937500e-03 6.83593750e-02 7.91015625e-02 8.49609375e-02 1.44531250e-01 -2.44140625e-02 -1.26953125e-02 -2.92968750e-03 -4.88281250e-03 -3.80859375e-02 -4.88281250e-02 -1.36718750e-02 -1.17187500e-02 7.91015625e-02 -2.05078125e-02 1.07421875e-02 6.44531250e-02 5.37109375e-02 -1.85546875e-02 -3.90625000e-03 -2.63671875e-02 -3.32031250e-02 1.44531250e-01 -1.75781250e-02 1.76757812e-01 8.69140625e-02 5.85937500e-02 -8.78906250e-03 5.07812500e-02 3.80859375e-02 8.98437500e-02 -1.07421875e-02 -1.36718750e-02 -1.17187500e-02 8.98437500e-02 5.07812500e-02 1.95312500e-02 9.76562500e-04 6.64062500e-02 2.24609375e-02 -1.95312500e-03 -1.95312500e-03 -1.17187500e-02 2.92968750e-03 1.08398438e-01 1.21093750e-01 4.19921875e-02 -1.07421875e-02 -1.85546875e-02 -9.76562500e-04 9.76562500e-03 6.25000000e-02 2.44140625e-02 1.15234375e-01 1.48437500e-01 -1.95312500e-03 -3.90625000e-03 0.00000000e+00 -1.75781250e-02 -8.78906250e-03 -1.95312500e-02 -2.73437500e-02 -3.90625000e-02 -7.81250000e-03 1.05468750e-01 -9.76562500e-04 -3.90625000e-03 -4.88281250e-03 1.31835938e-01 4.78515625e-02 6.64062500e-02 -1.56250000e-02 -1.75781250e-02 -6.83593750e-03 -1.46484375e-02 -6.83593750e-03 2.26562500e-01 -1.75781250e-02 -1.85546875e-02 -3.90625000e-03 -1.46484375e-02 1.19140625e-01
2.05078125e-02 9.57031250e-02 -2.92968750e-03 -1.66015625e-02 1.73828125e-01 1.03515625e-01 -1.56250000e-02 -1.95312500e-02 1.19140625e-01 -1.07421875e-02 0.00000000e+00 -2.63671875e-02 -2.63671875e-02 -2.92968750e-03 -1.46484375e-02 -4.00390625e-02 1.85546875e-02 1.17187500e-01 -2.73437500e-02 3.70117188e-01 -6.83593750e-03 -3.71093750e-02 -2.92968750e-03 -1.36718750e-02 1.35742188e-01 -2.92968750e-03 -5.85937500e-03 -2.24609375e-02 -7.81250000e-03 2.53906250e-02 -9.76562500e-03 -2.53906250e-02 -1.95312500e-03 -2.83203125e-02 -5.85937500e-03 -4.88281250e-03 3.02734375e-02 1.09375000e-01 2.92968750e-02 -1.17187500e-02 -1.95312500e-03 1.39648438e-01 -2.92968750e-03 -3.02734375e-02 -7.81250000e-03 9.27734375e-02 -6.83593750e-03 1.95312500e-03 1.56250000e-02 2.53906250e-02 7.81250000e-02 -2.53906250e-02 -1.36718750e-02 6.05468750e-02 -1.17187500e-02 -3.71093750e-02 -2.83203125e-02 -7.81250000e-03 -4.88281250e-03 1.68945312e-01 -2.44140625e-02 3.22265625e-02 7.12890625e-02 1.26953125e-02 -9.76562500e-04 4.10156250e-02 -3.71093750e-02 -3.71093750e-02 1.61132812e-01 -4.00390625e-02 1.08398438e-01 6.25000000e-02 -2.92968750e-03 -9.76562500e-03 -1.95312500e-03 1.85546875e-02 -8.78906250e-03 3.22265625e-02 8.98437500e-02 2.05078125e-02 -6.83593750e-03 -6.83593750e-03 5.56640625e-02 4.29687500e-02 4.19921875e-02 3.51562500e-02 -8.78906250e-03 5.76171875e-02 6.44531250e-02 -1.07421875e-02 4.58984375e-02 1.06445312e-01 -2.92968750e-03 -1.75781250e-02 -1.17187500e-02 3.51562500e-02 -2.92968750e-03 1.27929688e-01 -1.07421875e-02 1.95312500e-02 1.34765625e-01 -2.92968750e-03 -9.76562500e-04 1.56250000e-02 -1.46484375e-02 -3.90625000e-03 -2.53906250e-02 -2.53906250e-02 -4.19921875e-02 -1.36718750e-02 5.07812500e-02 5.37109375e-02 2.24609375e-02 -1.17187500e-02 1.53320312e-01 7.81250000e-02 2.63671875e-02 -3.32031250e-02 -2.34375000e-02 3.02734375e-02 -9.76562500e-03 -8.78906250e-03 5.85937500e-02 -2.05078125e-02 -1.56250000e-02 -1.46484375e-02 -7.81250000e-03 2.21679688e-01
7.81250000e-03 9.37500000e-02 1.07421875e-02 -9.76562500e-03 1.88476562e-01 -9.76562500e-04 -1.46484375e-02 -1.26953125e-02 2.92968750e-02 2.53906250e-02 1.05468750e-01 -1.66015625e-02 -2.63671875e-02 1.66015625e-02 -2.44140625e-02 -2.14843750e-02 -1.07421875e-02 9.86328125e-02 -2.63671875e-02 3.90625000e-03 -2.14843750e-02 -2.34375000e-02 1.85546875e-02 -2.05078125e-02 5.56640625e-02 -8.78906250e-03 -7.81250000e-03 -2.53906250e-02 5.76171875e-02 2.14843750e-02 -2.14843750e-02 -4.00390625e-02 -9.76562500e-03 -1.17187500e-02 -2.92968750e-03 -4.88281250e-03 8.00781250e-02 1.64062500e-01 -3.90625000e-03 9.57031250e-02 -6.83593750e-03 -2.92968750e-03 4.29687500e-02 -1.17187500e-02 -2.44140625e-02 9.86328125e-02 -1.46484375e-02 8.39843750e-02 6.25000000e-02 5.27343750e-02 7.91015625e-02 -2.63671875e-02 7.81250000e-03 6.64062500e-02 3.02734375e-02 -3.02734375e-02 -3.51562500e-02 -1.26953125e-02 -1.26953125e-02 7.03125000e-02 -2.05078125e-02 -2.92968750e-03 3.12500000e-02 3.32031250e-02 -1.56250000e-02 -3.90625000e-03 -1.85546875e-02 -2.44140625e-02 1.66992188e-01 -1.36718750e-02 1.53320312e-01 7.61718750e-02 2.34375000e-02 1.95312500e-03 6.83593750e-03 -9.76562500e-04 1.26953125e-02 -1.95312500e-03 -3.90625000e-03 -7.81250000e-03 7.22656250e-02 -2.92968750e-03 4.88281250e-02 1.36718750e-02 4.58984375e-02 5.46875000e-02 1.95312500e-03 -7.81250000e-03 -8.78906250e-03 5.56640625e-02 9.08203125e-02 1.13281250e-01 -2.05078125e-02 -1.56250000e-02 -1.85546875e-02 5.85937500e-03 9.76562500e-03 -1.07421875e-02 5.66406250e-02 3.80859375e-02 2.13867188e-01 -1.95312500e-03 2.92968750e-03 8.78906250e-02 -1.56250000e-02 -9.76562500e-03 -1.46484375e-02 -2.24609375e-02 -3.41796875e-02 -9.76562500e-03 8.88671875e-02 5.95703125e-02 -9.76562500e-04 -1.26953125e-02 2.44140625e-02 8.00781250e-02 1.17187500e-02 -1.36718750e-02 -1.36718750e-02 9.76562500e-04 -3.90625000e-03 -9.76562500e-03 9.76562500e-02 -1.17187500e-02 -2.44140625e-02 6.05468750e-02 -2.14843750e-02 4.19921875e-02
-1.95312500e-03 8.49609375e-02 2.92968750e-03 3.90625000e-03 7.42187500e-02 4.49218750e-02 -3.90625000e-03 -1.36718750e-02 9.76562500e-03 -9.76562500e-04 1.02539062e-01 -1.26953125e-02 -2.34375000e-02 4.98046875e-02 -1.46484375e-02 -8.78906250e-03 -8.78906250e-03 9.96093750e-02 -1.17187500e-02 -9.76562500e-03 -2.14843750e-02 -1.95312500e-02 1.75781250e-02 -1.56250000e-02 9.47265625e-02 -7.81250000e-03 -2.92968750e-03 -2.05078125e-02 7.81250000e-02 4.00390625e-02 -2.34375000e-02 -3.02734375e-02 -1.46484375e-02 -1.17187500e-02 1.36718750e-02 -3.90625000e-03 4.39453125e-02 1.09375000e-01 -4.88281250e-03 6.34765625e-02 -1.36718750e-02 -8.78906250e-03 9.76562500e-04 -1.75781250e-02 -2.14843750e-02 6.93359375e-02 -9.76562500e-03 6.34765625e-02 2.92968750e-02 5.17578125e-02 6.15234375e-02 -1.85546875e-02 6.83593750e-02 -1.95312500e-03 4.00390625e-02 -2.92968750e-02 -3.32031250e-02 -1.26953125e-02 -9.76562500e-03 4.78515625e-02 -1.07421875e-02 -4.88281250e-03 6.25000000e-02 8.10546875e-02 -1.85546875e-02 -7.81250000e-03 -3.90625000e-03 -2.63671875e-02 4.98046875e-02 -9.76562500e-04 8.49609375e-02 2.14843750e-02 0.00000000e+00 -4.88281250e-03 5.46875000e-02 5.37109375e-02 2.63671875e-02 -9.76562500e-04 -3.90625000e-03 -1.26953125e-02 1.64062500e-01 7.81250000e-02 8.78906250e-03 4.10156250e-02 3.51562500e-02 3.61328125e-02 7.81250000e-03 -4.88281250e-03 -1.17187500e-02 4.19921875e-02 6.73828125e-02 7.22656250e-02 -1.75781250e-02 -1.26953125e-02 -6.83593750e-03 -9.76562500e-04 3.90625000e-03 -1.17187500e-02 6.05468750e-02 7.03125000e-02 1.41601562e-01 -7.81250000e-03 -2.92968750e-03 3.22265625e-02 -9.76562500e-03 -8.78906250e-03 9.76562500e-04 -1.95312500e-02 -3.02734375e-02 -8.78906250e-03 3.12500000e-02 1.85546875e-02 6.83593750e-03 -8.78906250e-03 5.85937500e-03 6.64062500e-02 3.80859375e-02 1.75781250e-02 -1.36718750e-02 -3.90625000e-03 -1.95312500e-03 -8.78906250e-03 1.38671875e-01 -9.76562500e-03 -2.44140625e-02 1.21093750e-01 -1.26953125e-02 -9.76562500e-04
9.47265625e-02 1.00585938e-01 1.22070312e-01 -1.26953125e-02 1.17187500e-01 2.05078125e-02 5.56640625e-02 7.81250000e-03 -9.76562500e-04 -1.66015625e-02 6.34765625e-02 -3.12500000e-02 -2.73437500e-02 -1.07421875e-02 -1.36718750e-02 -2.83203125e-02 3.22265625e-02 -9.76562500e-04 -1.07421875e-02 -1.95312500e-03 -2.73437500e-02 -4.29687500e-02 3.90625000e-03 -1.36718750e-02 8.49609375e-02 -3.90625000e-03 2.92968750e-03 -1.75781250e-02 2.63671875e-02 7.42187500e-02 -2.24609375e-02 -2.53906250e-02 -1.26953125e-02 -1.56250000e-02 8.78906250e-03 -8.78906250e-03 2.34375000e-02 2.23632812e-01 1.95312500e-03 2.92968750e-02 -1.26953125e-02 1.75781250e-02 4.00390625e-02 -7.81250000e-03 -1.75781250e-02 2.74414062e-01 -1.07421875e-02 2.53906250e-02 3.41796875e-02 5.76171875e-02 1.01562500e-01 -2.24609375e-02 -1.85546875e-02 -1.46484375e-02 5.95703125e-02 -3.12500000e-02 -3.22265625e-02 -1.66015625e-02 -5.85937500e-03 5.37109375e-02 -2.53906250e-02 2.05078125e-02 8.69140625e-02 1.85546875e-02 -1.36718750e-02 -7.81250000e-03 -9.76562500e-03 -2.53906250e-02 8.49609375e-02 -2.92968750e-02 8.59375000e-02 -2.92968750e-03 -1.95312500e-03 -1.07421875e-02 1.12304688e-01 8.59375000e-02 9.76562500e-03 -3.90625000e-03 5.46875000e-02 -4.88281250e-03 8.49609375e-02 2.45117188e-01 1.04492188e-01 3.90625000e-03 5.07812500e-02 9.66796875e-02 -5.85937500e-03 -2.92968750e-03 -2.05078125e-02 5.07812500e-02 6.05468750e-02 6.44531250e-02 -1.26953125e-02 -1.26953125e-02 -1.95312500e-02 -4.88281250e-03 1.07421875e-02 -9.76562500e-03 7.91015625e-02 -5.85937500e-03 8.59375000e-02 7.12890625e-02 -1.36718750e-02 2.73437500e-02 8.00781250e-02 -5.85937500e-03 8.59375000e-02 -1.95312500e-02 -3.32031250e-02 -1.17187500e-02 4.19921875e-02 -4.88281250e-03 -1.56250000e-02 -1.95312500e-03 5.37109375e-02 6.25000000e-02 1.06445312e-01 -2.34375000e-02 -2.44140625e-02 -5.85937500e-03 2.05078125e-02 -1.75781250e-02 1.25000000e-01 -4.88281250e-03 -2.05078125e-02 -4.88281250e-03 -2.92968750e-03 9.96093750e-02
1.43554688e-01 2.10937500e-01 8.88671875e-02 -2.44140625e-02 2.08007812e-01 3.79882812e-01 1.84570312e-01 -8.78906250e-03 -2.92968750e-03 -3.80859375e-02 -1.46484375e-02 -5.56640625e-02 -4.58984375e-02 -6.83593750e-03 -3.90625000e-02 9.66796875e-02 -1.95312500e-02 3.61328125e-02 -3.02734375e-02 -1.95312500e-03 -1.66015625e-02 -1.85546875e-02 3.12500000e-02 -2.92968750e-02 -9.76562500e-03 -9.76562500e-03 4.00390625e-02 -2.92968750e-03 -1.75781250e-02 2.83203125e-02 -3.80859375e-02 -5.46875000e-02 -9.76562500e-03 1.56250000e-02 3.22265625e-02 -1.46484375e-02 1.28906250e-01 -1.75781250e-02 -6.83593750e-03 3.12500000e-02 -1.56250000e-02 -9.76562500e-03 -3.51562500e-02 -9.76562500e-03 -3.51562500e-02 8.49609375e-02 -2.92968750e-02 8.69140625e-02 -2.53906250e-02 -9.76562500e-03 1.01562500e-01 6.05468750e-02 1.34765625e-01 -4.10156250e-02 1.85546875e-02 -2.73437500e-02 -9.76562500e-04 2.05078125e-02 -1.66015625e-02 -1.07421875e-02 1.96289062e-01 7.61718750e-02 1.07421875e-01 1.40625000e-01 1.75781250e-02 1.75781250e-02 9.37500000e-02 -3.22265625e-02 1.20117188e-01 -1.36718750e-02 1.17187500e-02 1.83593750e-01 4.29687500e-02 -1.46484375e-02 -9.76562500e-03 -1.07421875e-02 -2.92968750e-03 1.17187500e-02 2.44140625e-02 -4.00390625e-02 2.39257812e-01 -2.14843750e-02 8.88671875e-02 1.07421875e-02 1.26953125e-01 6.83593750e-03 9.27734375e-02 -8.78906250e-03 -2.34375000e-02 2.68554688e-01 1.25976562e-01 -2.24609375e-02 -4.58984375e-02 -4.88281250e-03 -2.44140625e-02 -1.36718750e-02 8.00781250e-02 -3.22265625e-02 2.98828125e-01 3.30078125e-01 3.12500000e-01 -2.24609375e-02 1.34765625e-01 -9.76562500e-04 0.00000000e+00 -1.85546875e-02 9.96093750e-02 -1.17187500e-02 -4.98046875e-02 -1.17187500e-02 1.37695312e-01 8.49609375e-02 -4.78515625e-02 -2.44140625e-02 -1.07421875e-02 6.93359375e-02 -5.85937500e-03 -3.02734375e-02 -7.81250000e-03 -9.76562500e-03 -1.95312500e-03 -1.95312500e-02 1.49414062e-01 -2.14843750e-02 -3.22265625e-02 -6.83593750e-03 -3.02734375e-02 8.49609375e-02
-4.88281250e-03 -2.92968750e-03 2.73437500e-02 -2.53906250e-02 5.56640625e-02 8.49609375e-02 -4.49218750e-02 -3.22265625e-02 2.05078125e-02 2.01171875e-01 -9.76562500e-03 -2.63671875e-02 -2.63671875e-02 1.35742188e-01 -2.05078125e-02 -1.26953125e-02 -8.78906250e-03 1.07421875e-01 -9.76562500e-04 -2.63671875e-02 7.42187500e-02 -9.76562500e-03 -5.85937500e-03 -2.44140625e-02 -3.90625000e-03 -3.90625000e-03 -2.73437500e-02 -2.63671875e-02 -2.14843750e-02 -7.81250000e-03 -1.07421875e-02 -1.56250000e-02 -1.36718750e-02 -2.92968750e-03 1.46484375e-02 2.24609375e-02 4.49218750e-02 8.88671875e-02 4.49218750e-02 4.49218750e-02 -5.85937500e-03 -1.95312500e-02 7.03125000e-02 -1.95312500e-03 -1.26953125e-02 -1.36718750e-02 1.95312500e-02 -4.88281250e-03 0.00000000e+00 1.73828125e-01 1.05468750e-01 -1.95312500e-02 -1.17187500e-02 9.57031250e-02 6.44531250e-02 3.32031250e-02 -2.63671875e-02 -2.92968750e-02 -1.26953125e-02 6.25000000e-02 -3.32031250e-02 -1.17187500e-02 1.56250000e-02 9.86328125e-02 -9.76562500e-04 1.09375000e-01 -9.76562500e-03 -2.44140625e-02 1.68945312e-01 -1.17187500e-02 1.17187500e-01 7.61718750e-02 -1.95312500e-03 6.44531250e-02 -9.76562500e-04 -3.90625000e-03 -2.92968750e-03 -3.90625000e-03 -5.85937500e-03 -2.63671875e-02 1.91406250e-01 -2.83203125e-02 1.85546875e-02 4.00390625e-02 1.12304688e-01 -4.88281250e-03 -1.95312500e-03 -1.17187500e-02 -7.81250000e-03 2.64648438e-01 2.03125000e-01 2.19726562e-01 6.05468750e-02 -4.88281250e-03 7.81250000e-03 -3.90625000e-03 8.98437500e-02 -2.92968750e-03 -1.95312500e-03 1.15234375e-01 1.38671875e-01 -9.76562500e-04 7.42187500e-02 2.64648438e-01 -4.88281250e-02 -1.17187500e-02 -3.41796875e-02 -3.22265625e-02 -3.12500000e-02 -1.07421875e-02 -6.83593750e-03 6.83593750e-02 5.37109375e-02 -2.34375000e-02 4.88281250e-03 2.13867188e-01 8.59375000e-02 -1.95312500e-03 -9.76562500e-03 2.92968750e-03 -9.76562500e-04 -4.88281250e-03 1.05468750e-01 -1.75781250e-02 -2.24609375e-02 -1.95312500e-02 -2.92968750e-02 -4.88281250e-03
1.85546875e-02 9.47265625e-02 5.07812500e-02 -3.51562500e-02 1.13281250e-01 3.22265625e-02 -2.73437500e-02 -1.46484375e-02 1.71875000e-01 -2.44140625e-02 -4.88281250e-03 -4.10156250e-02 -3.12500000e-02 -1.46484375e-02 -3.32031250e-02 -3.90625000e-02 5.85937500e-02 1.48437500e-01 -4.29687500e-02 4.17968750e-01 -1.46484375e-02 -4.68750000e-02 -4.88281250e-03 -1.75781250e-02 1.06445312e-01 2.73437500e-02 -5.85937500e-03 -2.24609375e-02 -2.24609375e-02 4.39453125e-02 -2.53906250e-02 -3.80859375e-02 -7.81250000e-03 -3.90625000e-02 -8.78906250e-03 -3.90625000e-03 -2.92968750e-03 1.05468750e-01 4.49218750e-02 -2.05078125e-02 2.92968750e-02 3.11523438e-01 -3.90625000e-03 -4.39453125e-02 -1.17187500e-02 4.29687500e-02 -9.76562500e-03 1.95312500e-03 -6.83593750e-03 4.88281250e-03 9.27734375e-02 -2.34375000e-02 -2.73437500e-02 4.68750000e-02 -6.83593750e-03 -4.49218750e-02 -2.53906250e-02 -9.76562500e-04 -1.95312500e-03 1.75781250e-01 -3.61328125e-02 6.64062500e-02 1.23046875e-01 3.90625000e-03 -4.88281250e-03 3.41796875e-02 -7.22656250e-02 -4.39453125e-02 1.13281250e-01 -5.46875000e-02 1.04492188e-01 1.50390625e-01 -3.90625000e-03 -1.85546875e-02 -1.36718750e-02 2.73437500e-02 -6.83593750e-03 3.90625000e-02 5.85937500e-03 1.15234375e-01 -2.34375000e-02 -1.17187500e-02 7.81250000e-02 -9.76562500e-04 1.19140625e-01 1.17187500e-01 -5.85937500e-03 7.22656250e-02 6.64062500e-02 -2.73437500e-02 -2.92968750e-03 8.69140625e-02 -9.76562500e-03 -2.53906250e-02 -1.66015625e-02 -1.95312500e-03 -1.36718750e-02 2.05078125e-01 -2.34375000e-02 1.66015625e-01 2.02148438e-01 1.07421875e-01 -2.92968750e-03 2.05078125e-02 -1.36718750e-02 -8.78906250e-03 -4.29687500e-02 -2.83203125e-02 -4.88281250e-02 -2.05078125e-02 4.19921875e-02 1.07421875e-02 -1.46484375e-02 -1.66015625e-02 3.46679688e-01 7.51953125e-02 4.00390625e-02 -4.39453125e-02 -2.14843750e-02 -2.92968750e-03 -1.36718750e-02 -2.44140625e-02 7.91015625e-02 -2.63671875e-02 -1.85546875e-02 -1.26953125e-02 -7.81250000e-03 3.17382812e-01
6.15234375e-02 1.02539062e-01 -3.90625000e-03 -2.14843750e-02 1.11328125e-01 1.07421875e-01 1.19140625e-01 -2.92968750e-03 1.46484375e-02 -1.75781250e-02 -3.90625000e-03 -4.19921875e-02 -2.34375000e-02 -3.90625000e-03 -1.95312500e-02 -1.75781250e-02 -1.07421875e-02 9.76562500e-03 -1.17187500e-02 3.02734375e-02 -1.56250000e-02 -3.41796875e-02 -7.81250000e-03 -1.56250000e-02 3.22265625e-02 -9.76562500e-04 -5.85937500e-03 -6.83593750e-03 -1.56250000e-02 1.66015625e-02 -2.24609375e-02 -2.44140625e-02 -4.88281250e-03 -1.75781250e-02 1.46484375e-02 -1.56250000e-02 1.26953125e-02 9.86328125e-02 -5.85937500e-03 -1.36718750e-02 -1.66015625e-02 -1.95312500e-03 -2.14843750e-02 1.07421875e-02 -2.14843750e-02 2.51953125e-01 -1.66015625e-02 9.76562500e-04 -9.76562500e-03 5.85937500e-02 9.27734375e-02 -9.76562500e-03 -7.81250000e-03 -1.17187500e-02 4.10156250e-02 -2.63671875e-02 -9.76562500e-03 -6.83593750e-03 -1.26953125e-02 1.26953125e-02 -5.85937500e-03 -4.88281250e-03 5.95703125e-02 2.34375000e-02 2.53906250e-02 -1.95312500e-03 -1.07421875e-02 -1.85546875e-02 1.43554688e-01 -2.92968750e-02 6.44531250e-02 3.80859375e-02 -3.90625000e-03 -1.17187500e-02 -1.07421875e-02 -2.92968750e-03 -1.36718750e-02 -9.76562500e-04 -9.76562500e-04 -8.78906250e-03 6.83593750e-02 1.38671875e-01 1.12304688e-01 -6.83593750e-03 7.61718750e-02 1.06445312e-01 -3.90625000e-03 -1.95312500e-03 -1.56250000e-02 6.44531250e-02 3.51562500e-02 2.83203125e-02 -1.95312500e-02 -8.78906250e-03 -1.07421875e-02 -6.83593750e-03 -3.90625000e-03 -1.56250000e-02 8.98437500e-02 4.68750000e-02 8.20312500e-02 -3.90625000e-03 -9.76562500e-04 4.68750000e-02 3.90625000e-03 -1.36718750e-02 1.95312500e-03 -1.95312500e-02 -4.00390625e-02 -1.26953125e-02 -4.88281250e-03 9.96093750e-02 -2.05078125e-02 -1.17187500e-02 1.66015625e-02 6.93359375e-02 7.12890625e-02 -1.95312500e-02 -9.76562500e-03 -5.85937500e-03 -1.95312500e-03 -2.14843750e-02 4.10156250e-02 -1.56250000e-02 -1.56250000e-02 -1.36718750e-02 -5.85937500e-03 6.54296875e-02
4.29687500e-02 1.66015625e-02 -1.17187500e-02 -8.78906250e-03 2.01171875e-01 -6.83593750e-03 3.22265625e-02 -6.83593750e-03 -1.95312500e-03 -4.88281250e-03 -1.66015625e-02 -1.75781250e-02 -1.36718750e-02 6.93359375e-02 -1.75781250e-02 -1.26953125e-02 -2.44140625e-02 1.56250000e-02 -1.07421875e-02 -5.85937500e-03 -3.90625000e-03 -2.53906250e-02 6.83593750e-03 -5.85937500e-03 2.83203125e-02 -1.95312500e-03 1.95312500e-02 -7.81250000e-03 -1.17187500e-02 -8.78906250e-03 -2.05078125e-02 -2.24609375e-02 -3.90625000e-03 -7.81250000e-03 6.73828125e-02 -2.24609375e-02 7.81250000e-03 1.34765625e-01 -6.83593750e-03 -1.46484375e-02 -2.05078125e-02 -6.83593750e-03 -2.73437500e-02 1.07421875e-02 -1.36718750e-02 1.55273438e-01 -2.92968750e-02 -2.92968750e-03 -1.26953125e-02 5.56640625e-02 8.98437500e-02 -1.07421875e-02 -9.76562500e-04 9.57031250e-02 3.02734375e-02 -9.76562500e-03 1.07421875e-02 -1.07421875e-02 -1.07421875e-02 2.83203125e-02 -6.83593750e-03 -1.07421875e-02 5.07812500e-02 6.25000000e-02 4.98046875e-02 -8.78906250e-03 -9.76562500e-03 -1.17187500e-02 1.10351562e-01 -8.78906250e-03 -4.88281250e-03 -2.92968750e-03 -8.78906250e-03 -1.07421875e-02 -6.83593750e-03 -1.46484375e-02 -2.14843750e-02 -4.88281250e-03 4.00390625e-02 -9.76562500e-04 5.95703125e-02 1.18164062e-01 5.37109375e-02 -6.83593750e-03 6.34765625e-02 1.93359375e-01 1.46484375e-02 -5.85937500e-03 -7.81250000e-03 -2.92968750e-03 -1.95312500e-03 -4.88281250e-03 -3.02734375e-02 -1.36718750e-02 -3.90625000e-03 -4.88281250e-03 9.76562500e-04 -1.75781250e-02 3.22265625e-02 -1.95312500e-03 7.91015625e-02 -8.78906250e-03 9.08203125e-02 4.10156250e-02 1.46484375e-02 -2.24609375e-02 -9.76562500e-04 -1.17187500e-02 -2.83203125e-02 -4.88281250e-03 -3.90625000e-03 4.88281250e-02 -9.76562500e-04 -2.05078125e-02 1.85546875e-02 4.58984375e-02 4.68750000e-02 9.76562500e-04 -7.81250000e-03 -7.81250000e-03 2.14843750e-02 -1.36718750e-02 -4.88281250e-03 -1.36718750e-02 -1.36718750e-02 -1.85546875e-02 -3.90625000e-03 -1.95312500e-03
1.26953125e-02 1.75781250e-02 1.17187500e-02 -4.88281250e-03 1.66992188e-01 3.12500000e-01 -6.83593750e-02 -4.19921875e-02 -9.76562500e-04 3.10546875e-01 -1.85546875e-02 -1.66015625e-02 -2.14843750e-02 2.47070312e-01 -1.75781250e-02 -2.63671875e-02 -8.78906250e-03 1.99218750e-01 -6.83593750e-03 -1.56250000e-02 4.68750000e-02 -8.78906250e-03 -2.92968750e-03 -1.95312500e-03 2.34375000e-02 -6.83593750e-03 -2.83203125e-02 -2.44140625e-02 -1.85546875e-02 -6.83593750e-03 -1.26953125e-02 -2.24609375e-02 -6.83593750e-03 -1.46484375e-02 -2.92968750e-03 -6.83593750e-03 3.71093750e-02 4.58984375e-02 9.47265625e-02 -1.46484375e-02 2.24609375e-02 -3.12500000e-02 3.80859375e-02 5.46875000e-02 -1.36718750e-02 -2.34375000e-02 -1.07421875e-02 -3.90625000e-03 -1.95312500e-03 1.56250000e-01 7.81250000e-02 -2.73437500e-02 -7.81250000e-03 1.50390625e-01 -1.17187500e-02 7.71484375e-02 -1.66015625e-02 -2.14843750e-02 -1.36718750e-02 1.12304688e-01 -2.53906250e-02 -8.78906250e-03 5.37109375e-02 9.57031250e-02 9.17968750e-02 1.76757812e-01 1.44531250e-01 -2.14843750e-02 2.09960938e-01 -2.63671875e-02 9.76562500e-02 -1.07421875e-02 4.39453125e-02 1.05468750e-01 1.95312500e-03 -6.83593750e-03 7.81250000e-03 4.29687500e-02 1.24023438e-01 -3.41796875e-02 2.59765625e-01 -4.58984375e-02 5.95703125e-02 1.12304688e-01 3.22265625e-02 -1.56250000e-02 -9.76562500e-04 -8.78906250e-03 1.66015625e-02 3.57421875e-01 3.31054688e-01 2.73437500e-01 -3.90625000e-03 -9.76562500e-03 1.95312500e-02 -3.90625000e-03 7.51953125e-02 -1.95312500e-02 -4.88281250e-03 -9.76562500e-03 1.82617188e-01 -6.83593750e-03 1.50390625e-01 2.66601562e-01 -6.05468750e-02 -1.17187500e-02 -2.73437500e-02 -3.71093750e-02 -3.51562500e-02 -6.83593750e-03 -1.95312500e-03 1.47460938e-01 2.45117188e-01 -3.22265625e-02 -1.95312500e-02 2.33398438e-01 3.71093750e-02 -4.88281250e-03 -1.95312500e-02 2.19726562e-01 2.92968750e-03 3.51562500e-02 -2.92968750e-03 -1.85546875e-02 -2.24609375e-02 -2.53906250e-02 -3.71093750e-02 7.42187500e-02
4.19921875e-02 7.81250000e-02 1.17187500e-01 -1.36718750e-02 2.02148438e-01 5.85937500e-02 -2.53906250e-02 -1.46484375e-02 -3.90625000e-03 -9.76562500e-03 7.12890625e-02 -2.53906250e-02 -3.32031250e-02 9.76562500e-04 -3.80859375e-02 -2.53906250e-02 -3.90625000e-03 1.43554688e-01 -4.19921875e-02 1.92382812e-01 -2.92968750e-02 -2.44140625e-02 -3.90625000e-03 -2.63671875e-02 3.41796875e-02 -6.83593750e-03 -1.95312500e-03 -2.73437500e-02 -6.83593750e-03 1.17187500e-02 -2.63671875e-02 -4.29687500e-02 -9.76562500e-03 -1.46484375e-02 2.05078125e-02 2.63671875e-02 1.04492188e-01 1.64062500e-01 2.14843750e-02 1.11328125e-01 5.37109375e-02 1.19140625e-01 9.96093750e-02 -2.83203125e-02 -2.83203125e-02 4.49218750e-02 -1.85546875e-02 1.14257812e-01 -9.76562500e-04 3.80859375e-02 1.15234375e-01 -2.63671875e-02 -1.66015625e-02 4.49218750e-02 5.85937500e-03 -3.90625000e-02 -3.80859375e-02 -6.83593750e-03 -9.76562500e-03 7.42187500e-02 -2.34375000e-02 2.24609375e-02 5.17578125e-02 5.76171875e-02 -1.36718750e-02 -2.92968750e-03 -4.00390625e-02 -2.92968750e-02 1.60156250e-01 -2.73437500e-02 1.51367188e-01 1.26953125e-01 6.64062500e-02 -5.85937500e-03 0.00000000e+00 -3.90625000e-03 1.66992188e-01 -3.90625000e-03 -9.76562500e-04 -1.95312500e-03 3.12500000e-02 -8.78906250e-03 7.12890625e-02 2.14843750e-02 6.54296875e-02 8.59375000e-02 2.44140625e-02 -3.90625000e-03 -1.36718750e-02 -9.76562500e-04 1.23046875e-01 1.21093750e-01 -2.14843750e-02 -1.66015625e-02 -2.83203125e-02 -5.85937500e-03 3.22265625e-02 -4.88281250e-03 1.17187500e-02 1.75781250e-01 2.87109375e-01 1.02539062e-01 9.76562500e-03 5.27343750e-02 -1.95312500e-02 -1.36718750e-02 -2.92968750e-02 -2.83203125e-02 -3.71093750e-02 -1.75781250e-02 1.36718750e-01 2.53906250e-02 -9.76562500e-03 -1.66015625e-02 1.41601562e-01 5.07812500e-02 2.53906250e-02 -2.44140625e-02 -2.53906250e-02 3.61328125e-02 -9.76562500e-03 -2.05078125e-02 1.95312500e-01 -1.75781250e-02 -2.53906250e-02 -9.76562500e-04 -2.63671875e-02 1.71875000e-01
6.93359375e-02 7.51953125e-02 7.03125000e-02 -3.90625000e-03 1.76757812e-01 2.16796875e-01 9.37500000e-02 -6.83593750e-03 -4.88281250e-03 -1.75781250e-02 -5.85937500e-03 -2.63671875e-02 -2.53906250e-02 1.36718750e-02 -3.32031250e-02 -1.36718750e-02 -1.56250000e-02 9.37500000e-02 -2.53906250e-02 1.58203125e-01 -1.75781250e-02 -1.56250000e-02 -8.78906250e-03 -7.81250000e-03 1.17187500e-02 -4.88281250e-03 2.73437500e-02 -1.26953125e-02 -1.75781250e-02 -9.76562500e-04 -3.02734375e-02 -3.71093750e-02 -9.76562500e-04 -1.46484375e-02 1.95312500e-03 -2.92968750e-03 1.24023438e-01 4.58984375e-02 -4.88281250e-03 -1.07421875e-02 -4.88281250e-03 2.92968750e-03 -1.75781250e-02 -1.85546875e-02 -2.53906250e-02 1.08398438e-01 -1.36718750e-02 7.71484375e-02 -1.46484375e-02 2.34375000e-02 8.78906250e-02 -3.90625000e-03 -9.76562500e-04 -1.46484375e-02 -2.92968750e-03 -3.71093750e-02 -1.95312500e-03 6.44531250e-02 -1.17187500e-02 -5.85937500e-03 6.25000000e-02 -2.92968750e-03 2.34375000e-02 9.17968750e-02 -9.76562500e-04 -2.92968750e-03 -1.56250000e-02 -1.85546875e-02 1.51367188e-01 -2.63671875e-02 3.90625000e-02 8.78906250e-02 9.57031250e-02 -1.26953125e-02 -9.76562500e-03 -7.81250000e-03 1.61132812e-01 -1.95312500e-03 3.51562500e-02 -1.36718750e-02 1.25976562e-01 1.26953125e-02 5.37109375e-02 6.93359375e-02 2.24609375e-02 4.29687500e-02 1.26953125e-02 3.90625000e-03 -1.46484375e-02 8.30078125e-02 9.86328125e-02 -4.88281250e-03 -3.32031250e-02 -8.78906250e-03 -2.05078125e-02 -1.17187500e-02 4.19921875e-02 -2.14843750e-02 9.76562500e-02 1.51367188e-01 2.41210938e-01 7.61718750e-02 6.93359375e-02 -9.76562500e-04 -4.88281250e-03 -1.26953125e-02 -2.92968750e-03 -1.56250000e-02 -4.19921875e-02 -1.56250000e-02 1.07421875e-01 1.10351562e-01 -2.34375000e-02 -2.05078125e-02 -1.95312500e-03 3.22265625e-02 -4.88281250e-03 -2.05078125e-02 -2.05078125e-02 1.08398438e-01 -7.81250000e-03 -2.24609375e-02 8.59375000e-02 -1.75781250e-02 -7.81250000e-03 -4.88281250e-03 -1.85546875e-02 8.49609375e-02
5.66406250e-02 7.32421875e-02 -9.76562500e-04 -5.85937500e-03 1.65039062e-01 1.90429688e-01 1.69921875e-01 -7.81250000e-03 9.76562500e-03 -1.85546875e-02 -7.81250000e-03 -2.24609375e-02 -2.14843750e-02 1.17187500e-02 -2.73437500e-02 6.83593750e-02 -2.34375000e-02 7.42187500e-02 -1.46484375e-02 -7.81250000e-03 -1.26953125e-02 -5.85937500e-03 4.58984375e-02 -7.81250000e-03 7.91015625e-02 -1.95312500e-03 5.66406250e-02 -6.83593750e-03 -1.46484375e-02 -3.90625000e-03 -3.41796875e-02 -3.71093750e-02 6.83593750e-03 -1.95312500e-03 2.63671875e-02 -9.76562500e-03 5.85937500e-02 1.95312500e-02 -8.78906250e-03 -8.78906250e-03 -1.56250000e-02 -1.36718750e-02 -1.95312500e-02 -1.46484375e-02 -2.34375000e-02 8.69140625e-02 -2.24609375e-02 6.05468750e-02 -1.75781250e-02 2.05078125e-02 1.07421875e-01 -2.92968750e-03 1.23046875e-01 -1.46484375e-02 3.90625000e-02 -2.92968750e-02 5.85937500e-03 6.64062500e-02 -7.81250000e-03 1.36718750e-02 4.98046875e-02 -1.95312500e-03 5.76171875e-02 6.93359375e-02 -2.92968750e-03 -5.85937500e-03 9.76562500e-02 -2.05078125e-02 6.93359375e-02 -2.92968750e-03 -2.92968750e-03 6.05468750e-02 -2.92968750e-03 -1.26953125e-02 -6.83593750e-03 -1.17187500e-02 1.75781250e-02 2.34375000e-02 -3.90625000e-03 -1.46484375e-02 1.65039062e-01 -2.92968750e-03 1.46484375e-02 6.54296875e-02 6.83593750e-02 2.44140625e-02 9.76562500e-03 9.76562500e-04 -1.46484375e-02 1.17187500e-01 6.73828125e-02 -1.26953125e-02 -4.29687500e-02 -7.81250000e-03 -3.90625000e-03 -1.36718750e-02 -2.92968750e-03 -2.73437500e-02 1.02539062e-01 1.10351562e-01 2.31445312e-01 -6.83593750e-03 1.46484375e-01 -4.88281250e-03 -2.92968750e-03 -1.85546875e-02 7.22656250e-02 -7.81250000e-03 -3.41796875e-02 -8.78906250e-03 8.20312500e-02 7.32421875e-02 -2.05078125e-02 -2.44140625e-02 -1.17187500e-02 4.10156250e-02 -3.90625000e-03 -5.85937500e-03 -8.78906250e-03 4.49218750e-02 -4.88281250e-03 -1.17187500e-02 4.19921875e-02 -1.46484375e-02 -1.17187500e-02 -9.76562500e-04 -1.36718750e-02 2.92968750e-03
8.69140625e-02 9.57031250e-02 4.00390625e-02 -3.41796875e-02 1.58203125e-01 4.98046875e-02 5.27343750e-02 -4.88281250e-03 2.53906250e-02 -1.85546875e-02 5.07812500e-02 -3.90625000e-02 -2.63671875e-02 -4.88281250e-03 -3.22265625e-02 -1.66015625e-02 -1.17187500e-02 2.83203125e-02 -2.05078125e-02 -2.92968750e-03 -1.26953125e-02 -2.83203125e-02 -1.95312500e-03 -3.02734375e-02 2.83203125e-02 8.78906250e-03 -1.56250000e-02 -1.36718750e-02 -1.75781250e-02 -1.95312500e-03 -2.92968750e-02 -3.41796875e-02 -1.26953125e-02 7.81250000e-02 2.92968750e-03 -6.83593750e-03 6.15234375e-02 1.61132812e-01 -9.76562500e-04 7.12890625e-02 -1.36718750e-02 -1.95312500e-03 3.90625000e-03 -6.83593750e-03 -2.73437500e-02 2.31445312e-01 -2.14843750e-02 6.25000000e-02 2.14843750e-02 9.47265625e-02 1.03515625e-01 -1.75781250e-02 -1.26953125e-02 -7.81250000e-03 2.83203125e-02 -2.24609375e-02 -1.66015625e-02 -1.36718750e-02 -1.56250000e-02 1.85546875e-02 -1.56250000e-02 -1.95312500e-03 7.12890625e-02 4.49218750e-02 -7.81250000e-03 -4.88281250e-03 -1.56250000e-02 -2.14843750e-02 1.41601562e-01 -2.44140625e-02 1.08398438e-01 2.63671875e-02 -4.88281250e-03 -6.83593750e-03 -6.83593750e-03 -1.95312500e-03 -7.81250000e-03 -6.83593750e-03 -1.75781250e-02 -1.26953125e-02 7.81250000e-02 1.69921875e-01 9.57031250e-02 -8.78906250e-03 9.57031250e-02 1.15234375e-01 -9.76562500e-04 -4.88281250e-03 -1.56250000e-02 8.00781250e-02 6.93359375e-02 2.92968750e-02 -2.14843750e-02 -9.76562500e-03 -1.56250000e-02 -6.83593750e-03 -9.76562500e-04 -1.36718750e-02 9.47265625e-02 2.05078125e-02 2.29492188e-01 3.80859375e-02 5.76171875e-02 4.39453125e-02 -3.90625000e-03 -1.36718750e-02 -3.90625000e-03 -2.14843750e-02 -3.41796875e-02 -6.83593750e-03 4.19921875e-02 3.22265625e-02 -1.85546875e-02 -2.05078125e-02 7.32421875e-02 7.03125000e-02 4.78515625e-02 -2.44140625e-02 -9.76562500e-04 -7.81250000e-03 -3.90625000e-03 -1.17187500e-02 1.10351562e-01 -1.56250000e-02 -1.75781250e-02 -6.83593750e-03 -1.17187500e-02 6.05468750e-02
8.88671875e-02 1.51367188e-01 3.22265625e-02 -2.83203125e-02 1.69921875e-01 3.14453125e-01 -3.80859375e-02 -2.34375000e-02 6.83593750e-02 1.47460938e-01 -9.76562500e-04 -1.36718750e-02 -1.66015625e-02 1.30859375e-01 -1.26953125e-02 -2.34375000e-02 -5.85937500e-03 1.82617188e-01 -1.07421875e-02 4.49218750e-02 3.12500000e-02 -1.56250000e-02 5.85937500e-03 -2.05078125e-02 3.90625000e-02 -9.76562500e-04 -3.61328125e-02 -2.83203125e-02 -1.56250000e-02 -4.88281250e-03 -1.36718750e-02 -1.75781250e-02 -9.76562500e-03 5.27343750e-02 -1.07421875e-02 3.12500000e-02 9.76562500e-02 8.69140625e-02 1.21093750e-01 -1.95312500e-03 0.00000000e+00 -1.56250000e-02 1.09375000e-01 -1.46484375e-02 -1.85546875e-02 5.95703125e-02 4.88281250e-03 7.32421875e-02 7.71484375e-02 5.95703125e-02 4.68750000e-02 -2.05078125e-02 -1.56250000e-02 3.61328125e-02 -1.85546875e-02 4.88281250e-03 -2.34375000e-02 -1.75781250e-02 -1.46484375e-02 8.78906250e-02 -2.53906250e-02 -9.76562500e-04 8.49609375e-02 1.49414062e-01 -3.90625000e-03 3.12500000e-02 7.12890625e-02 -2.73437500e-02 1.60156250e-01 -2.44140625e-02 1.66992188e-01 -7.81250000e-03 7.03125000e-02 -2.92968750e-03 2.53906250e-02 1.26953125e-02 6.05468750e-02 -1.95312500e-03 -8.78906250e-03 -3.41796875e-02 2.09960938e-01 -1.07421875e-02 2.83203125e-02 -1.95312500e-03 6.83593750e-03 -1.07421875e-02 -2.92968750e-03 -6.83593750e-03 -2.92968750e-03 2.08007812e-01 2.67578125e-01 2.19726562e-01 2.63671875e-02 -1.07421875e-02 -8.78906250e-03 -9.76562500e-04 -2.92968750e-03 -1.17187500e-02 3.02734375e-02 -1.46484375e-02 2.06054688e-01 -5.85937500e-03 9.17968750e-02 9.08203125e-02 -3.90625000e-02 -1.26953125e-02 -1.46484375e-02 -3.32031250e-02 -2.73437500e-02 -2.92968750e-03 1.01562500e-01 1.10351562e-01 1.32812500e-01 -1.56250000e-02 -1.36718750e-02 1.88476562e-01 5.07812500e-02 -1.56250000e-02 -5.85937500e-03 1.80664062e-01 -3.90625000e-03 1.17187500e-02 9.37500000e-02 -2.53906250e-02 -1.66015625e-02 -1.07421875e-02 -1.85546875e-02 9.76562500e-02
2.14843750e-02 1.81640625e-01 9.76562500e-04 -2.53906250e-02 1.27929688e-01 1.67968750e-01 -3.22265625e-02 -2.34375000e-02 5.76171875e-02 -9.76562500e-04 1.39648438e-01 -2.44140625e-02 -3.71093750e-02 4.98046875e-02 -9.76562500e-03 -3.41796875e-02 3.22265625e-02 1.49414062e-01 -2.24609375e-02 1.72851562e-01 -1.95312500e-02 -3.51562500e-02 -4.88281250e-03 -4.10156250e-02 7.03125000e-02 -6.83593750e-03 -2.53906250e-02 -3.02734375e-02 2.44140625e-02 5.07812500e-02 -4.88281250e-03 -2.05078125e-02 -1.17187500e-02 -1.26953125e-02 -5.85937500e-03 7.61718750e-02 3.71093750e-02 1.21093750e-01 6.15234375e-02 1.38671875e-01 3.22265625e-02 6.93359375e-02 1.12304688e-01 -2.92968750e-02 -1.85546875e-02 1.03515625e-01 5.37109375e-02 9.66796875e-02 1.07421875e-01 4.88281250e-02 1.14257812e-01 -3.02734375e-02 -1.75781250e-02 -4.88281250e-03 -1.07421875e-02 -3.32031250e-02 -6.15234375e-02 -1.75781250e-02 -1.17187500e-02 1.43554688e-01 -3.41796875e-02 5.66406250e-02 1.05468750e-01 4.00390625e-02 -2.05078125e-02 2.05078125e-02 -1.85546875e-02 -4.19921875e-02 1.78710938e-01 -2.83203125e-02 2.20703125e-01 5.27343750e-02 5.95703125e-02 -2.92968750e-03 5.56640625e-02 5.66406250e-02 4.78515625e-02 -7.81250000e-03 -1.07421875e-02 -2.24609375e-02 8.78906250e-02 -3.90625000e-03 2.34375000e-02 -4.88281250e-03 5.17578125e-02 -5.85937500e-03 -6.83593750e-03 -2.92968750e-03 -7.81250000e-03 5.85937500e-02 1.79687500e-01 2.49023438e-01 1.02539062e-01 -1.46484375e-02 -2.24609375e-02 5.37109375e-02 -6.83593750e-03 5.17578125e-02 4.29687500e-02 5.27343750e-02 1.20117188e-01 -1.46484375e-02 -1.07421875e-02 2.92968750e-02 -3.12500000e-02 -8.78906250e-03 -2.53906250e-02 -3.80859375e-02 -4.10156250e-02 -8.78906250e-03 1.01562500e-01 4.58984375e-02 3.61328125e-02 6.83593750e-03 8.39843750e-02 1.54296875e-01 8.39843750e-02 -2.53906250e-02 -1.95312500e-02 -9.76562500e-04 -1.56250000e-02 -1.07421875e-02 2.31445312e-01 -2.14843750e-02 -2.92968750e-02 -5.85937500e-03 -1.56250000e-02 1.55273438e-01
3.41796875e-02 9.86328125e-02 2.24609375e-02 -2.05078125e-02 1.06445312e-01 -9.76562500e-04 9.76562500e-04 -6.83593750e-03 9.76562500e-03 -2.05078125e-02 6.83593750e-02 -4.10156250e-02 -3.80859375e-02 -1.07421875e-02 -5.85937500e-03 -3.51562500e-02 5.85937500e-02 -9.76562500e-04 -1.36718750e-02 1.19140625e-01 -2.73437500e-02 -4.88281250e-02 -9.76562500e-03 -2.24609375e-02 9.86328125e-02 -4.88281250e-03 -3.90625000e-03 -1.56250000e-02 -1.95312500e-03 8.69140625e-02 -6.83593750e-03 -1.95312500e-02 -1.26953125e-02 -1.95312500e-02 8.78906250e-03 -5.85937500e-03 -3.90625000e-03 1.85546875e-01 -1.95312500e-03 1.95312500e-02 -8.78906250e-03 1.15234375e-01 1.95312500e-03 -1.36718750e-02 -9.76562500e-03 2.08984375e-01 -1.95312500e-03 -3.90625000e-03 1.85546875e-02 7.71484375e-02 1.58203125e-01 -2.24609375e-02 -2.14843750e-02 -1.07421875e-02 6.83593750e-02 -4.00390625e-02 -4.49218750e-02 -1.75781250e-02 -5.85937500e-03 1.25976562e-01 -2.73437500e-02 6.05468750e-02 1.14257812e-01 -8.78906250e-03 -9.76562500e-03 2.44140625e-02 -2.53906250e-02 -3.41796875e-02 1.12304688e-01 -3.61328125e-02 9.57031250e-02 6.44531250e-02 -4.88281250e-03 -1.17187500e-02 5.85937500e-02 8.88671875e-02 -1.26953125e-02 -8.78906250e-03 5.07812500e-02 1.26953125e-02 3.90625000e-03 1.94335938e-01 1.46484375e-01 -2.92968750e-03 8.59375000e-02 7.61718750e-02 -7.81250000e-03 3.02734375e-02 -1.56250000e-02 -9.76562500e-04 1.26953125e-02 8.59375000e-02 3.90625000e-02 -1.17187500e-02 -1.46484375e-02 1.07421875e-02 -2.92968750e-03 9.08203125e-02 5.85937500e-03 9.86328125e-02 3.22265625e-02 -9.76562500e-04 -2.14843750e-02 6.44531250e-02 2.53906250e-02 -1.95312500e-03 -9.76562500e-03 -2.92968750e-02 -4.19921875e-02 -1.26953125e-02 1.66015625e-02 -5.85937500e-03 -2.05078125e-02 4.29687500e-02 1.67968750e-01 1.13281250e-01 1.39648438e-01 -2.92968750e-02 -2.14843750e-02 -1.95312500e-02 -5.85937500e-03 -1.26953125e-02 1.56250000e-01 -1.07421875e-02 -2.14843750e-02 -1.17187500e-02 9.76562500e-04 1.53320312e-01
7.81250000e-03 5.17578125e-02 -9.76562500e-04 1.36718750e-02 8.69140625e-02 2.54882812e-01 -2.24609375e-02 -2.05078125e-02 2.14843750e-02 1.63085938e-01 -7.81250000e-03 -3.90625000e-03 -1.56250000e-02 1.49414062e-01 6.93359375e-02 -2.24609375e-02 -3.90625000e-03 1.13281250e-01 1.07421875e-02 3.22265625e-02 -4.88281250e-03 -1.56250000e-02 -7.81250000e-03 -2.92968750e-03 4.39453125e-02 -3.90625000e-03 -1.66015625e-02 -2.44140625e-02 -6.83593750e-03 1.07421875e-02 4.49218750e-02 -5.85937500e-03 -4.88281250e-03 -1.75781250e-02 -6.83593750e-03 -9.76562500e-04 5.76171875e-02 7.71484375e-02 3.80859375e-02 -1.36718750e-02 -3.90625000e-03 -1.46484375e-02 -1.95312500e-03 -5.85937500e-03 -2.92968750e-03 4.78515625e-02 1.09375000e-01 -6.83593750e-03 1.66015625e-02 5.76171875e-02 4.68750000e-02 -1.75781250e-02 -6.83593750e-03 2.63671875e-02 -8.78906250e-03 -7.81250000e-03 -2.92968750e-02 -1.75781250e-02 -1.07421875e-02 1.06445312e-01 -1.75781250e-02 -6.83593750e-03 8.49609375e-02 7.32421875e-02 -1.95312500e-03 6.05468750e-02 7.12890625e-02 -2.34375000e-02 9.96093750e-02 -1.56250000e-02 7.51953125e-02 -9.76562500e-03 8.10546875e-02 -3.90625000e-03 1.02539062e-01 5.56640625e-02 6.73828125e-02 -2.92968750e-03 1.37695312e-01 -2.53906250e-02 2.31445312e-01 -9.76562500e-04 -1.95312500e-03 6.15234375e-02 -3.90625000e-03 -1.46484375e-02 -9.76562500e-03 -9.76562500e-04 -9.76562500e-04 1.35742188e-01 2.12890625e-01 2.00195312e-01 1.10351562e-01 -8.78906250e-03 1.56250000e-02 1.26953125e-02 5.66406250e-02 -3.90625000e-03 5.27343750e-02 -4.88281250e-03 4.19921875e-02 -1.17187500e-02 -4.88281250e-03 7.91015625e-02 -2.92968750e-02 -9.76562500e-04 -8.78906250e-03 -2.83203125e-02 -2.73437500e-02 -5.85937500e-03 3.51562500e-02 9.37500000e-02 1.49414062e-01 -1.95312500e-03 -1.56250000e-02 2.10937500e-01 8.39843750e-02 0.00000000e+00 -2.63671875e-02 1.22070312e-01 -5.85937500e-03 -3.90625000e-03 7.71484375e-02 -1.85546875e-02 -8.78906250e-03 -1.85546875e-02 -1.07421875e-02 3.22265625e-02
1.66015625e-02 1.03515625e-01 -1.95312500e-03 -1.95312500e-02 -1.95312500e-03 6.93359375e-02 -1.36718750e-02 -9.76562500e-03 9.08203125e-02 -1.26953125e-02 4.78515625e-02 -2.14843750e-02 -3.22265625e-02 -9.76562500e-04 -3.90625000e-03 -2.24609375e-02 1.85546875e-02 8.59375000e-02 -9.76562500e-03 1.43554688e-01 -2.14843750e-02 -2.92968750e-02 -1.95312500e-02 -3.90625000e-02 -9.76562500e-04 -9.76562500e-04 -3.90625000e-03 -2.34375000e-02 -4.88281250e-03 9.08203125e-02 1.10351562e-01 -7.81250000e-03 -5.85937500e-03 -6.83593750e-03 -6.83593750e-03 1.21093750e-01 5.37109375e-02 1.26953125e-01 2.73437500e-02 1.49414062e-01 -1.95312500e-03 9.08203125e-02 6.83593750e-03 -2.83203125e-02 -5.85937500e-03 1.23046875e-01 1.44531250e-01 -1.95312500e-03 3.61328125e-02 2.63671875e-02 9.17968750e-02 -1.75781250e-02 -7.81250000e-03 -4.88281250e-03 -3.90625000e-03 -3.22265625e-02 -5.46875000e-02 -1.95312500e-02 -8.78906250e-03 5.85937500e-02 -1.66015625e-02 9.76562500e-03 6.93359375e-02 2.14843750e-02 -1.17187500e-02 -7.81250000e-03 -2.53906250e-02 -4.29687500e-02 1.26953125e-01 -1.36718750e-02 1.66015625e-01 1.49414062e-01 7.22656250e-02 -1.26953125e-02 7.22656250e-02 8.69140625e-02 1.56250000e-02 -9.76562500e-03 -6.83593750e-03 -1.17187500e-02 9.66796875e-02 1.17187500e-02 -1.95312500e-03 -3.90625000e-03 1.10351562e-01 -4.88281250e-03 -6.83593750e-03 -3.90625000e-03 -1.46484375e-02 1.56250000e-02 8.49609375e-02 1.41601562e-01 1.57226562e-01 -8.78906250e-03 -1.95312500e-02 3.90625000e-02 -2.92968750e-03 1.20117188e-01 6.05468750e-02 1.18164062e-01 1.17187500e-02 -1.66015625e-02 -2.34375000e-02 6.83593750e-03 -1.75781250e-02 -6.83593750e-03 -2.24609375e-02 -2.34375000e-02 -3.61328125e-02 -1.07421875e-02 2.83203125e-02 5.76171875e-02 -1.17187500e-02 6.73828125e-02 8.69140625e-02 7.81250000e-02 7.32421875e-02 -1.75781250e-02 -2.05078125e-02 -1.66015625e-02 -1.36718750e-02 -1.36718750e-02 2.45117188e-01 -1.75781250e-02 -1.36718750e-02 -1.46484375e-02 -1.07421875e-02 1.08398438e-01
-9.76562500e-04 8.59375000e-02 9.76562500e-03 -1.26953125e-02 1.50390625e-01 -9.76562500e-04 -2.53906250e-02 -1.46484375e-02 5.95703125e-02 -9.76562500e-04 1.14257812e-01 -1.56250000e-02 -3.71093750e-02 2.14843750e-02 -1.36718750e-02 -1.66015625e-02 -1.95312500e-03 1.25000000e-01 -9.76562500e-03 -1.07421875e-02 -1.46484375e-02 -1.95312500e-02 -4.88281250e-03 -3.80859375e-02 1.85546875e-02 -4.88281250e-03 -1.07421875e-02 -2.92968750e-02 8.78906250e-03 4.68750000e-02 -5.85937500e-03 -1.95312500e-02 -1.46484375e-02 2.24609375e-02 -2.92968750e-03 1.12304688e-01 5.46875000e-02 2.03125000e-01 2.92968750e-02 2.38281250e-01 -1.95312500e-03 -4.88281250e-03 1.66015625e-01 -2.92968750e-02 -1.66015625e-02 4.68750000e-02 2.05078125e-02 9.17968750e-02 7.51953125e-02 1.03515625e-01 8.59375000e-02 -2.73437500e-02 -2.92968750e-03 1.95312500e-03 4.88281250e-02 -2.92968750e-02 -5.95703125e-02 -2.14843750e-02 -1.07421875e-02 6.93359375e-02 -3.02734375e-02 -9.76562500e-04 2.34375000e-02 3.90625000e-02 -2.05078125e-02 -1.95312500e-03 -1.75781250e-02 -3.71093750e-02 1.43554688e-01 -6.83593750e-03 2.08984375e-01 1.58203125e-01 6.64062500e-02 -2.92968750e-03 9.27734375e-02 4.88281250e-02 8.98437500e-02 -1.95312500e-03 -1.36718750e-02 -2.05078125e-02 1.40625000e-01 -7.81250000e-03 1.26953125e-02 2.63671875e-02 9.37500000e-02 -4.88281250e-03 3.90625000e-03 -9.76562500e-03 -1.17187500e-02 1.38671875e-01 1.34765625e-01 1.36718750e-01 5.56640625e-02 -9.76562500e-03 -1.26953125e-02 2.83203125e-02 1.56250000e-02 1.95312500e-02 5.85937500e-02 9.47265625e-02 1.52343750e-01 -5.85937500e-03 -2.92968750e-03 8.30078125e-02 -2.92968750e-02 -8.78906250e-03 -2.14843750e-02 -2.63671875e-02 -3.90625000e-02 -6.83593750e-03 1.16210938e-01 2.34375000e-02 -5.85937500e-03 -3.90625000e-03 5.37109375e-02 9.08203125e-02 3.32031250e-02 -1.17187500e-02 -1.75781250e-02 -8.78906250e-03 -7.81250000e-03 -2.92968750e-03 2.14843750e-01 -1.36718750e-02 -2.83203125e-02 -9.76562500e-04 -2.34375000e-02 7.32421875e-02
7.51953125e-02 1.00585938e-01 2.63671875e-02 -2.73437500e-02 1.43554688e-01 9.27734375e-02 1.07421875e-02 -7.81250000e-03 7.22656250e-02 -2.63671875e-02 4.00390625e-02 -4.10156250e-02 -2.92968750e-02 -6.83593750e-03 -2.63671875e-02 -2.34375000e-02 -9.76562500e-04 3.12500000e-02 -2.63671875e-02 1.11328125e-01 -1.56250000e-02 -3.41796875e-02 -1.17187500e-02 -3.02734375e-02 5.66406250e-02 -1.95312500e-03 -7.81250000e-03 -1.66015625e-02 -1.75781250e-02 6.93359375e-02 -1.66015625e-02 -3.02734375e-02 -9.76562500e-03 -9.76562500e-04 -1.95312500e-03 2.24609375e-02 8.00781250e-02 1.44531250e-01 1.66015625e-02 4.58984375e-02 -8.78906250e-03 6.83593750e-02 1.07421875e-02 -1.36718750e-02 -2.24609375e-02 2.19726562e-01 -1.07421875e-02 3.32031250e-02 1.46484375e-02 6.64062500e-02 1.07421875e-01 -2.05078125e-02 -1.26953125e-02 -7.81250000e-03 2.34375000e-02 -4.10156250e-02 -3.02734375e-02 -1.75781250e-02 -1.46484375e-02 5.56640625e-02 -1.17187500e-02 6.83593750e-03 6.15234375e-02 3.90625000e-03 -8.78906250e-03 -9.76562500e-04 -2.34375000e-02 -3.22265625e-02 1.68945312e-01 -3.41796875e-02 1.21093750e-01 1.01562500e-01 2.14843750e-02 -6.83593750e-03 -3.90625000e-03 4.68750000e-02 -7.81250000e-03 -6.83593750e-03 -4.88281250e-03 -1.07421875e-02 5.66406250e-02 9.17968750e-02 8.69140625e-02 -3.90625000e-03 8.88671875e-02 4.00390625e-02 -5.85937500e-03 -2.92968750e-03 -1.17187500e-02 7.12890625e-02 7.81250000e-02 5.56640625e-02 -5.85937500e-03 -1.26953125e-02 -2.05078125e-02 -5.85937500e-03 1.85546875e-02 1.85546875e-02 8.59375000e-02 8.30078125e-02 2.01171875e-01 -9.76562500e-04 -2.92968750e-03 4.10156250e-02 -6.83593750e-03 -9.76562500e-03 -1.07421875e-02 -2.24609375e-02 -4.39453125e-02 -1.07421875e-02 6.25000000e-02 4.00390625e-02 -2.24609375e-02 -1.17187500e-02 1.18164062e-01 6.05468750e-02 5.07812500e-02 -3.12500000e-02 -1.26953125e-02 -1.26953125e-02 -7.81250000e-03 -1.07421875e-02 1.46484375e-01 -1.46484375e-02 -1.85546875e-02 -1.46484375e-02 -1.17187500e-02 1.46484375e-01
2.34375000e-02 6.73828125e-02 -3.90625000e-03 -1.36718750e-02 1.33789062e-01 1.77734375e-01 -1.26953125e-02 -1.75781250e-02 3.32031250e-02 3.71093750e-02 1.07421875e-02 -1.26953125e-02 -2.24609375e-02 1.06445312e-01 -7.81250000e-03 -2.24609375e-02 -8.78906250e-03 1.13281250e-01 -1.26953125e-02 1.04492188e-01 -3.90625000e-03 -1.85546875e-02 -4.88281250e-03 -1.95312500e-02 5.85937500e-02 -3.90625000e-03 -1.66015625e-02 -1.95312500e-02 -6.83593750e-03 -1.95312500e-03 -8.78906250e-03 -1.66015625e-02 -8.78906250e-03 -4.88281250e-03 -2.92968750e-03 2.92968750e-03 7.51953125e-02 9.17968750e-02 4.10156250e-02 -9.76562500e-04 -8.78906250e-03 -6.83593750e-03 8.78906250e-03 -1.66015625e-02 -1.17187500e-02 1.14257812e-01 3.90625000e-03 1.07421875e-02 3.80859375e-02 5.76171875e-02 8.20312500e-02 -1.85546875e-02 -5.85937500e-03 9.76562500e-03 -9.76562500e-03 -1.75781250e-02 -2.83203125e-02 -1.46484375e-02 -1.46484375e-02 6.44531250e-02 -1.66015625e-02 -5.85937500e-03 7.42187500e-02 8.59375000e-02 -7.81250000e-03 3.90625000e-03 -1.95312500e-03 -2.53906250e-02 1.08398438e-01 -1.56250000e-02 1.21093750e-01 -4.88281250e-03 2.63671875e-02 -5.85937500e-03 3.71093750e-02 1.46484375e-02 1.17187500e-02 -4.88281250e-03 -1.95312500e-03 -1.85546875e-02 1.56250000e-01 5.95703125e-02 1.17187500e-02 1.66015625e-02 1.17187500e-02 -3.90625000e-03 -5.85937500e-03 6.83593750e-03 -2.92968750e-03 6.44531250e-02 1.38671875e-01 1.26953125e-01 -9.76562500e-04 -1.07421875e-02 -5.85937500e-03 1.95312500e-02 1.75781250e-02 -2.92968750e-03 3.41796875e-02 7.81250000e-03 1.23046875e-01 -1.07421875e-02 3.90625000e-02 1.66015625e-02 -2.14843750e-02 -5.85937500e-03 -1.17187500e-02 -2.63671875e-02 -2.92968750e-02 -5.85937500e-03 5.76171875e-02 5.37109375e-02 7.32421875e-02 -9.76562500e-03 -3.90625000e-03 1.42578125e-01 5.76171875e-02 -7.81250000e-03 -1.36718750e-02 5.17578125e-02 -7.81250000e-03 -4.88281250e-03 1.07421875e-01 -2.05078125e-02 -1.36718750e-02 -9.76562500e-03 -1.17187500e-02 5.85937500e-02
-6.83593750e-03 5.85937500e-03 3.32031250e-02 -2.92968750e-03 1.61132812e-01 -1.07421875e-02 -3.41796875e-02 -2.34375000e-02 -7.81250000e-03 1.14257812e-01 5.46875000e-02 -1.26953125e-02 -4.29687500e-02 5.46875000e-02 -1.17187500e-02 -1.46484375e-02 -5.85937500e-03 8.69140625e-02 -2.92968750e-03 -3.02734375e-02 -1.17187500e-02 -1.56250000e-02 -2.92968750e-03 -2.53906250e-02 -2.92968750e-03 -9.76562500e-03 -8.78906250e-03 -2.92968750e-02 0.00000000e+00 2.53906250e-02 -3.90625000e-03 -2.05078125e-02 -1.56250000e-02 -6.83593750e-03 4.49218750e-02 8.88671875e-02 2.92968750e-03 1.78710938e-01 -2.92968750e-03 1.88476562e-01 -1.95312500e-03 -1.26953125e-02 1.14257812e-01 -1.36718750e-02 -1.26953125e-02 -9.76562500e-03 2.14843750e-02 2.05078125e-02 4.49218750e-02 1.56250000e-01 1.31835938e-01 -2.34375000e-02 -9.76562500e-04 2.92968750e-02 1.06445312e-01 -2.14843750e-02 -5.37109375e-02 -2.53906250e-02 -8.78906250e-03 8.78906250e-02 -2.92968750e-02 -4.88281250e-03 1.75781250e-02 2.53906250e-02 -1.66015625e-02 5.95703125e-02 -1.56250000e-02 -3.32031250e-02 1.41601562e-01 -4.88281250e-03 1.34765625e-01 1.82617188e-01 2.83203125e-02 2.34375000e-02 8.78906250e-02 2.24609375e-02 9.47265625e-02 -3.90625000e-03 -2.92968750e-03 -2.14843750e-02 1.61132812e-01 -1.46484375e-02 5.07812500e-02 5.37109375e-02 8.59375000e-02 -4.88281250e-03 3.22265625e-02 -1.36718750e-02 -1.36718750e-02 1.90429688e-01 1.49414062e-01 1.27929688e-01 4.58984375e-02 -6.83593750e-03 -5.85937500e-03 -1.95312500e-03 9.76562500e-02 1.17187500e-02 3.02734375e-02 1.84570312e-01 1.47460938e-01 -1.95312500e-03 -2.92968750e-03 1.75781250e-01 -3.41796875e-02 -7.81250000e-03 -2.34375000e-02 -2.73437500e-02 -4.00390625e-02 -8.78906250e-03 1.03515625e-01 9.76562500e-03 -9.76562500e-04 -5.85937500e-03 4.78515625e-02 1.79687500e-01 7.51953125e-02 2.34375000e-02 -2.34375000e-02 -1.17187500e-02 -6.83593750e-03 -2.92968750e-03 1.69921875e-01 -8.78906250e-03 -3.02734375e-02 -4.88281250e-03 -3.02734375e-02 -1.95312500e-03
1.05468750e-01 1.44531250e-01 -1.95312500e-03 -2.63671875e-02 6.54296875e-02 3.78906250e-01 3.22265625e-01 -3.90625000e-03 -1.95312500e-03 -5.07812500e-02 -8.78906250e-03 -7.03125000e-02 -3.32031250e-02 -3.90625000e-03 -1.95312500e-02 -7.81250000e-03 -4.88281250e-03 0.00000000e+00 -4.88281250e-03 9.76562500e-03 -5.85937500e-03 -2.53906250e-02 -1.95312500e-02 -2.92968750e-02 -2.92968750e-03 -6.83593750e-03 -7.81250000e-03 -9.76562500e-04 -3.80859375e-02 3.71093750e-02 -1.26953125e-02 -1.46484375e-02 -1.95312500e-03 -5.85937500e-03 4.19921875e-02 -1.17187500e-02 1.10351562e-01 -7.81250000e-03 -5.85937500e-03 -1.46484375e-02 -1.17187500e-02 -5.85937500e-03 -2.14843750e-02 3.71093750e-02 -2.34375000e-02 2.85156250e-01 -4.88281250e-03 -9.76562500e-04 -1.36718750e-02 7.51953125e-02 1.35742188e-01 -9.76562500e-04 -4.88281250e-03 -4.58984375e-02 2.92968750e-02 -4.58984375e-02 -6.83593750e-03 -1.26953125e-02 -1.56250000e-02 -9.76562500e-04 7.42187500e-02 -8.78906250e-03 6.44531250e-02 3.71093750e-02 7.42187500e-02 1.11328125e-01 5.17578125e-02 -2.05078125e-02 1.89453125e-01 -4.49218750e-02 9.57031250e-02 9.37500000e-02 2.34375000e-02 -1.36718750e-02 -8.78906250e-03 -8.78906250e-03 -5.85937500e-03 -5.85937500e-03 2.63671875e-02 -3.22265625e-02 1.98242188e-01 3.02734375e-02 1.19140625e-01 -1.95312500e-03 6.25000000e-02 -1.26953125e-02 -5.85937500e-03 5.37109375e-02 -2.24609375e-02 2.98828125e-01 1.31835938e-01 -1.95312500e-03 -1.36718750e-02 5.27343750e-02 -7.81250000e-03 -1.46484375e-02 8.69140625e-02 -1.85546875e-02 2.39257812e-01 1.49414062e-01 9.66796875e-02 -1.36718750e-02 3.90625000e-02 2.24609375e-02 -1.95312500e-03 -5.85937500e-03 5.85937500e-02 -1.75781250e-02 -5.17578125e-02 -2.05078125e-02 -8.78906250e-03 1.46484375e-01 -4.98046875e-02 -1.46484375e-02 -1.07421875e-02 7.32421875e-02 7.22656250e-02 -3.71093750e-02 -1.07421875e-02 -1.36718750e-02 -8.78906250e-03 -1.56250000e-02 1.14257812e-01 -2.14843750e-02 -9.76562500e-03 -2.63671875e-02 -9.76562500e-03 4.10156250e-02
-2.92968750e-03 -3.90625000e-03 9.76562500e-04 -1.26953125e-02 -6.83593750e-03 1.36718750e-02 -1.95312500e-03 -6.83593750e-03 3.51562500e-02 3.12500000e-02 -1.75781250e-02 -1.07421875e-02 -1.46484375e-02 7.91015625e-02 -4.88281250e-03 -1.75781250e-02 -1.26953125e-02 5.76171875e-02 7.03125000e-02 6.83593750e-02 -6.83593750e-03 -1.17187500e-02 -1.75781250e-02 -1.07421875e-02 5.76171875e-02 -4.88281250e-03 -9.76562500e-03 -7.81250000e-03 -2.24609375e-02 -4.88281250e-03 4.78515625e-02 1.00585938e-01 -2.92968750e-03 -1.46484375e-02 6.83593750e-03 5.37109375e-02 7.12890625e-02 9.57031250e-02 -6.83593750e-03 -1.66015625e-02 -1.17187500e-02 -1.17187500e-02 -1.46484375e-02 -6.83593750e-03 2.44140625e-02 1.30859375e-01 7.03125000e-02 -8.78906250e-03 -6.83593750e-03 9.08203125e-02 7.61718750e-02 -3.90625000e-03 -1.26953125e-02 7.12890625e-02 -9.76562500e-04 -7.81250000e-03 -4.88281250e-03 -8.78906250e-03 -6.83593750e-03 -9.76562500e-04 -1.17187500e-02 -8.78906250e-03 1.56250000e-02 5.66406250e-02 4.00390625e-02 -5.85937500e-03 -1.95312500e-02 -1.26953125e-02 1.26953125e-01 -1.36718750e-02 5.66406250e-02 1.66015625e-02 -3.90625000e-03 -1.26953125e-02 -1.95312500e-03 1.75781250e-02 -5.85937500e-03 -2.92968750e-03 2.92968750e-03 -7.81250000e-03 4.29687500e-02 3.32031250e-02 -6.83593750e-03 2.05078125e-02 7.61718750e-02 9.57031250e-02 -9.76562500e-03 -3.90625000e-03 -8.78906250e-03 -5.85937500e-03 7.91015625e-02 1.15234375e-01 7.51953125e-02 -9.76562500e-03 -1.95312500e-03 -9.76562500e-04 -1.95312500e-03 9.37500000e-02 8.78906250e-03 1.46484375e-02 -1.85546875e-02 -4.88281250e-03 -1.36718750e-02 8.78906250e-03 -9.76562500e-03 -1.66015625e-02 -6.83593750e-03 -1.07421875e-02 -2.73437500e-02 -1.17187500e-02 -1.46484375e-02 4.58984375e-02 6.83593750e-03 -7.81250000e-03 -9.76562500e-04 6.34765625e-02 3.22265625e-02 -1.95312500e-03 -1.17187500e-02 -1.95312500e-03 -7.81250000e-03 -1.56250000e-02 7.71484375e-02 -1.46484375e-02 -9.76562500e-04 -2.34375000e-02 1.26953125e-02 -5.85937500e-03
-8.78906250e-03 -1.26953125e-02 -7.81250000e-03 -9.76562500e-03 -1.95312500e-02 -3.90625000e-03 -1.17187500e-02 -5.85937500e-03 6.54296875e-02 5.95703125e-02 -2.83203125e-02 -1.75781250e-02 -1.46484375e-02 1.32812500e-01 -1.46484375e-02 -1.75781250e-02 -1.26953125e-02 3.41796875e-02 7.12890625e-02 1.20117188e-01 -2.63671875e-02 -4.88281250e-03 -3.02734375e-02 -1.07421875e-02 4.88281250e-02 -6.83593750e-03 -5.85937500e-03 4.88281250e-03 -2.63671875e-02 -5.85937500e-03 4.58984375e-02 1.72851562e-01 1.95312500e-02 -2.14843750e-02 -2.92968750e-03 9.17968750e-02 1.05468750e-01 9.76562500e-02 -2.05078125e-02 -1.56250000e-02 -6.83593750e-03 -5.85937500e-03 -2.53906250e-02 -6.83593750e-03 1.85546875e-02 5.37109375e-02 5.95703125e-02 -6.83593750e-03 -2.05078125e-02 9.47265625e-02 5.17578125e-02 5.27343750e-02 -2.92968750e-03 1.24023438e-01 2.83203125e-02 -1.46484375e-02 -7.81250000e-03 -3.90625000e-03 -9.76562500e-03 -2.92968750e-03 5.27343750e-02 -1.07421875e-02 -9.76562500e-04 5.17578125e-02 4.88281250e-02 -9.76562500e-03 -4.10156250e-02 -1.07421875e-02 1.85546875e-01 -2.24609375e-02 4.68750000e-02 1.42578125e-01 5.07812500e-02 -4.88281250e-03 -7.81250000e-03 8.78906250e-03 -5.85937500e-03 -9.76562500e-04 -2.92968750e-03 -7.81250000e-03 4.39453125e-02 -1.46484375e-02 -1.95312500e-03 6.83593750e-03 1.08398438e-01 1.18164062e-01 -4.88281250e-03 -4.88281250e-03 -1.36718750e-02 -7.81250000e-03 1.85546875e-02 1.34765625e-01 5.27343750e-02 0.00000000e+00 -1.07421875e-02 -2.92968750e-03 -1.95312500e-03 9.66796875e-02 3.80859375e-02 1.82617188e-01 -2.05078125e-02 -9.76562500e-03 -1.56250000e-02 9.66796875e-02 -1.46484375e-02 -1.36718750e-02 -2.05078125e-02 -2.92968750e-03 -3.61328125e-02 -1.36718750e-02 -2.24609375e-02 1.29882812e-01 -1.66015625e-02 -1.07421875e-02 4.88281250e-02 9.76562500e-04 -4.88281250e-03 -4.88281250e-03 -9.76562500e-03 -1.17187500e-02 -9.76562500e-03 -1.85546875e-02 1.21093750e-01 -1.36718750e-02 -2.92968750e-03 -1.17187500e-02 -9.76562500e-04 -3.90625000e-03
-7.81250000e-03 -9.76562500e-03 -3.41796875e-02 -4.88281250e-03 1.29882812e-01 -2.24609375e-02 1.45507812e-01 -8.78906250e-03 6.34765625e-02 -4.88281250e-03 -1.95312500e-02 -1.07421875e-02 -1.07421875e-02 6.93359375e-02 -1.26953125e-02 -1.75781250e-02 -3.22265625e-02 -6.83593750e-03 -4.88281250e-03 -1.56250000e-02 -3.90625000e-03 -1.36718750e-02 -2.92968750e-03 1.85546875e-02 1.09375000e-01 3.80859375e-02 5.07812500e-02 -9.76562500e-04 -7.81250000e-03 -1.07421875e-02 -1.85546875e-02 -1.17187500e-02 2.34375000e-02 -4.88281250e-03 9.27734375e-02 -1.66015625e-02 1.07421875e-02 1.82617188e-01 -1.36718750e-02 -1.75781250e-02 -3.51562500e-02 -1.07421875e-02 -2.92968750e-02 6.15234375e-02 -1.26953125e-02 2.08984375e-01 -3.41796875e-02 1.95312500e-03 -1.75781250e-02 1.24023438e-01 9.08203125e-02 -8.78906250e-03 9.37500000e-02 2.06054688e-01 8.39843750e-02 -2.14843750e-02 3.61328125e-02 -1.56250000e-02 -1.07421875e-02 1.06445312e-01 -7.81250000e-03 -1.85546875e-02 -2.92968750e-03 1.26953125e-02 1.95312500e-02 -1.36718750e-02 -6.83593750e-03 -9.76562500e-04 1.27929688e-01 -1.26953125e-02 -4.88281250e-03 -9.76562500e-03 -1.46484375e-02 -6.83593750e-03 -5.85937500e-03 -1.36718750e-02 -3.80859375e-02 -1.95312500e-03 -1.95312500e-03 -9.76562500e-04 5.17578125e-02 1.57226562e-01 1.95312500e-02 -3.90625000e-03 5.07812500e-02 1.93359375e-01 -3.90625000e-03 -1.95312500e-03 -1.95312500e-03 -9.76562500e-03 -1.66015625e-02 -1.36718750e-02 -3.80859375e-02 -4.88281250e-03 2.92968750e-03 9.76562500e-03 -4.88281250e-03 -2.05078125e-02 1.17187500e-02 -1.85546875e-02 -9.76562500e-04 -3.02734375e-02 9.86328125e-02 4.49218750e-02 1.04492188e-01 -2.24609375e-02 8.69140625e-02 -4.88281250e-03 -3.41796875e-02 3.12500000e-02 -1.26953125e-02 1.27929688e-01 -3.90625000e-03 -2.53906250e-02 6.83593750e-03 -4.88281250e-03 1.46484375e-02 5.56640625e-02 8.00781250e-02 -2.44140625e-02 1.26953125e-02 6.93359375e-02 -1.07421875e-02 -3.90625000e-03 -5.85937500e-03 -2.92968750e-03 7.81250000e-02 -6.83593750e-03
8.20312500e-02 -1.95312500e-03 -4.88281250e-03 -2.92968750e-03 1.85546875e-01 3.90625000e-02 4.78515625e-02 -3.90625000e-03 1.85546875e-02 2.05078125e-02 -2.63671875e-02 -4.88281250e-03 -5.85937500e-03 8.39843750e-02 -1.85546875e-02 -8.78906250e-03 -3.02734375e-02 3.41796875e-02 -1.56250000e-02 -4.88281250e-03 -7.81250000e-03 -2.14843750e-02 6.73828125e-02 8.39843750e-02 7.42187500e-02 1.75781250e-02 6.73828125e-02 -1.07421875e-02 -1.36718750e-02 -8.78906250e-03 -3.22265625e-02 -2.92968750e-02 4.88281250e-03 -1.66015625e-02 2.24609375e-02 -2.44140625e-02 3.80859375e-02 1.08398438e-01 -6.83593750e-03 -3.12500000e-02 -2.05078125e-02 -8.78906250e-03 -3.41796875e-02 -1.36718750e-02 -1.56250000e-02 1.63085938e-01 -3.41796875e-02 1.07421875e-02 -2.05078125e-02 1.95312500e-03 -9.76562500e-04 -6.83593750e-03 9.76562500e-04 1.13281250e-01 -6.83593750e-03 1.26953125e-02 1.50390625e-01 2.34375000e-02 -6.83593750e-03 1.95312500e-02 -2.92968750e-03 -7.81250000e-03 6.83593750e-02 1.20117188e-01 7.71484375e-02 -1.75781250e-02 4.68750000e-02 -1.07421875e-02 5.37109375e-02 -1.07421875e-02 -1.36718750e-02 -1.36718750e-02 -6.83593750e-03 -1.56250000e-02 -1.95312500e-03 -1.46484375e-02 -1.17187500e-02 2.05078125e-02 9.37500000e-02 -4.88281250e-03 9.17968750e-02 8.30078125e-02 1.36718750e-02 2.83203125e-02 4.10156250e-02 2.06054688e-01 -1.95312500e-03 -5.85937500e-03 -4.88281250e-03 -8.78906250e-03 6.83593750e-03 -9.76562500e-03 -4.68750000e-02 -1.36718750e-02 -4.88281250e-03 -1.07421875e-02 -5.85937500e-03 -2.83203125e-02 5.95703125e-02 -1.46484375e-02 9.76562500e-02 -3.90625000e-03 1.44531250e-01 -6.83593750e-03 3.80859375e-02 -2.53906250e-02 8.20312500e-02 -2.92968750e-03 -2.34375000e-02 -1.95312500e-03 2.44140625e-02 7.71484375e-02 3.02734375e-02 -2.63671875e-02 -8.78906250e-03 2.24609375e-02 -6.83593750e-03 1.66015625e-02 -1.46484375e-02 8.78906250e-02 1.56250000e-02 -1.56250000e-02 -8.78906250e-03 -1.26953125e-02 -1.17187500e-02 -1.46484375e-02 -1.95312500e-03 9.76562500e-04
8.98437500e-02 5.95703125e-02 9.76562500e-02 -2.24609375e-02 2.00195312e-01 -6.83593750e-03 -1.26953125e-02 -7.81250000e-03 -4.88281250e-03 -2.92968750e-03 -8.78906250e-03 -1.85546875e-02 -3.32031250e-02 1.36718750e-02 -2.44140625e-02 4.88281250e-03 -2.24609375e-02 3.51562500e-02 -1.75781250e-02 -2.05078125e-02 -1.56250000e-02 -1.26953125e-02 9.86328125e-02 -2.73437500e-02 -4.88281250e-03 -4.88281250e-03 -1.95312500e-03 -1.75781250e-02 -7.81250000e-03 -3.90625000e-03 -2.92968750e-02 -3.51562500e-02 -1.56250000e-02 1.18164062e-01 4.68750000e-02 -5.85937500e-03 8.10546875e-02 1.01562500e-01 -3.90625000e-03 1.60156250e-01 -1.56250000e-02 -8.78906250e-03 -1.07421875e-02 -1.66015625e-02 -1.95312500e-02 2.44140625e-02 -2.73437500e-02 4.49218750e-02 -7.81250000e-03 2.92968750e-02 3.71093750e-02 -5.85937500e-03 -2.92968750e-03 3.12500000e-02 3.80859375e-02 1.07421875e-02 -1.95312500e-02 -1.07421875e-02 -7.81250000e-03 -3.90625000e-03 -5.85937500e-03 3.90625000e-02 8.20312500e-02 1.49414062e-01 -6.83593750e-03 -1.46484375e-02 -8.78906250e-03 -3.02734375e-02 3.02734375e-02 3.90625000e-02 0.00000000e+00 1.23046875e-01 -1.95312500e-03 -9.76562500e-03 4.29687500e-02 -9.76562500e-04 -9.76562500e-04 -9.76562500e-04 -1.07421875e-02 -2.44140625e-02 1.50390625e-01 -1.95312500e-03 2.83203125e-02 -3.90625000e-03 1.21093750e-01 1.82617188e-01 7.51953125e-02 -2.24609375e-02 -1.56250000e-02 2.63671875e-02 4.78515625e-02 -7.81250000e-03 -3.02734375e-02 -7.81250000e-03 -1.36718750e-02 -5.85937500e-03 3.90625000e-02 -1.56250000e-02 1.11328125e-01 1.76757812e-01 2.26562500e-01 -7.81250000e-03 8.59375000e-02 2.63671875e-02 -1.17187500e-02 -2.14843750e-02 -7.81250000e-03 -1.17187500e-02 -3.32031250e-02 -1.95312500e-03 1.44531250e-01 3.90625000e-03 -1.17187500e-02 -1.85546875e-02 4.98046875e-02 9.08203125e-02 -3.90625000e-03 -2.92968750e-03 -3.90625000e-03 -1.46484375e-02 3.41796875e-02 -6.83593750e-03 1.51367188e-01 -1.17187500e-02 -3.22265625e-02 -9.76562500e-04 -1.95312500e-02 3.90625000e-03
5.85937500e-02 1.16210938e-01 3.12500000e-02 -2.92968750e-02 2.15820312e-01 9.66796875e-02 -2.63671875e-02 -1.75781250e-02 -8.78906250e-03 8.20312500e-02 2.24609375e-02 -1.46484375e-02 -3.22265625e-02 7.81250000e-02 -1.36718750e-02 -3.02734375e-02 -1.36718750e-02 8.78906250e-02 -1.66015625e-02 7.51953125e-02 -7.81250000e-03 -2.34375000e-02 4.68750000e-02 -2.83203125e-02 2.73437500e-02 -9.76562500e-03 -1.56250000e-02 -1.56250000e-02 -3.90625000e-03 -3.90625000e-03 -1.85546875e-02 -2.44140625e-02 -1.26953125e-02 6.73828125e-02 6.34765625e-02 3.90625000e-03 6.54296875e-02 8.59375000e-02 4.68750000e-02 8.39843750e-02 -5.85937500e-03 -3.90625000e-03 6.83593750e-03 -1.17187500e-02 -1.56250000e-02 6.25000000e-02 -1.26953125e-02 4.78515625e-02 7.81250000e-02 4.78515625e-02 1.30859375e-01 -1.75781250e-02 -1.36718750e-02 3.12500000e-02 -1.17187500e-02 -4.88281250e-03 -3.02734375e-02 -1.46484375e-02 -1.26953125e-02 6.64062500e-02 -2.24609375e-02 2.92968750e-02 1.10351562e-01 9.57031250e-02 -7.81250000e-03 1.07421875e-02 -4.88281250e-03 -2.92968750e-02 1.18164062e-01 -1.75781250e-02 9.37500000e-02 -3.90625000e-03 -3.90625000e-03 -7.81250000e-03 5.17578125e-02 -2.92968750e-03 -1.95312500e-03 -7.81250000e-03 -3.90625000e-03 -2.24609375e-02 1.45507812e-01 1.95312500e-03 1.01562500e-01 -3.90625000e-03 3.32031250e-02 4.78515625e-02 1.95312500e-02 -8.78906250e-03 -5.85937500e-03 4.98046875e-02 1.33789062e-01 7.81250000e-02 -1.07421875e-02 -1.17187500e-02 -1.46484375e-02 3.80859375e-02 3.71093750e-02 -7.81250000e-03 2.44140625e-02 1.66015625e-02 1.92382812e-01 -1.07421875e-02 4.68750000e-02 3.41796875e-02 -2.14843750e-02 -1.07421875e-02 -1.17187500e-02 -2.63671875e-02 -3.41796875e-02 -3.90625000e-03 1.56250000e-01 1.17187500e-02 9.37500000e-02 -1.36718750e-02 9.76562500e-03 1.96289062e-01 6.64062500e-02 -1.17187500e-02 -1.26953125e-02 1.75781250e-02 -3.90625000e-03 1.17187500e-02 1.33789062e-01 -1.66015625e-02 -2.34375000e-02 -8.78906250e-03 -1.56250000e-02 3.71093750e-02
4.78515625e-02 1.41601562e-01 2.53906250e-02 -6.83593750e-03 1.61132812e-01 2.70507812e-01 -2.83203125e-02 -2.53906250e-02 -6.83593750e-03 1.39648438e-01 9.76562500e-03 -2.92968750e-03 -2.83203125e-02 1.16210938e-01 7.71484375e-02 -3.90625000e-02 -7.81250000e-03 1.23046875e-01 -2.92968750e-03 1.82617188e-01 -7.81250000e-03 -2.53906250e-02 1.56250000e-02 -8.78906250e-03 7.71484375e-02 -7.81250000e-03 -1.85546875e-02 -2.14843750e-02 -9.76562500e-04 1.46484375e-02 -9.76562500e-04 -7.81250000e-03 -6.83593750e-03 -1.26953125e-02 -2.92968750e-03 9.76562500e-04 4.68750000e-02 5.66406250e-02 6.44531250e-02 -8.78906250e-03 2.73437500e-02 -8.78906250e-03 -2.92968750e-03 -1.85546875e-02 -5.85937500e-03 4.88281250e-02 3.71093750e-02 4.39453125e-02 9.76562500e-02 4.78515625e-02 8.00781250e-02 -1.56250000e-02 -1.17187500e-02 -2.92968750e-03 -2.53906250e-02 -8.78906250e-03 -2.92968750e-02 -8.78906250e-03 -6.83593750e-03 1.31835938e-01 -1.85546875e-02 2.92968750e-02 1.38671875e-01 9.86328125e-02 -5.85937500e-03 4.78515625e-02 8.30078125e-02 -2.73437500e-02 9.86328125e-02 -2.92968750e-02 7.51953125e-02 -1.46484375e-02 4.68750000e-02 -1.17187500e-02 1.23046875e-01 3.51562500e-02 6.05468750e-02 -2.92968750e-03 1.05468750e-01 -2.92968750e-02 1.95312500e-01 1.75781250e-02 4.39453125e-02 3.12500000e-02 -5.85937500e-03 -6.83593750e-03 -3.90625000e-03 1.95312500e-02 3.12500000e-02 8.30078125e-02 1.87500000e-01 1.64062500e-01 5.27343750e-02 -1.26953125e-02 -1.07421875e-02 3.71093750e-02 6.83593750e-03 -5.85937500e-03 -9.76562500e-04 -1.07421875e-02 4.49218750e-02 -1.46484375e-02 -2.92968750e-03 -9.76562500e-04 -2.34375000e-02 -3.90625000e-03 1.26953125e-02 -2.92968750e-02 -3.22265625e-02 -9.76562500e-04 1.20117188e-01 7.61718750e-02 2.00195312e-01 -1.95312500e-03 -1.17187500e-02 2.26562500e-01 5.46875000e-02 -9.76562500e-03 -2.53906250e-02 1.43554688e-01 -8.78906250e-03 -1.95312500e-03 9.76562500e-02 -2.05078125e-02 -1.75781250e-02 -1.36718750e-02 -5.85937500e-03 8.39843750e-02
9.76562500e-02 1.70898438e-01 8.78906250e-03 -2.53906250e-02 7.12890625e-02 4.00390625e-01 1.18164062e-01 -1.17187500e-02 3.51562500e-02 -3.80859375e-02 -2.05078125e-02 -6.15234375e-02 -3.80859375e-02 3.32031250e-02 -2.24609375e-02 2.83203125e-02 -1.36718750e-02 3.41796875e-02 -2.05078125e-02 1.21093750e-01 -2.63671875e-02 -1.75781250e-02 -9.76562500e-03 -3.22265625e-02 -1.17187500e-02 -7.81250000e-03 -2.92968750e-03 -9.76562500e-04 -2.34375000e-02 9.76562500e-03 -1.26953125e-02 -2.92968750e-02 4.88281250e-03 -1.85546875e-02 -1.95312500e-03 -7.81250000e-03 1.10351562e-01 -2.14843750e-02 -5.85937500e-03 -5.85937500e-03 -4.88281250e-03 1.95312500e-03 -3.90625000e-02 -8.78906250e-03 -1.85546875e-02 3.22265625e-02 -4.88281250e-03 -7.81250000e-03 -2.92968750e-02 -6.83593750e-03 1.10351562e-01 8.39843750e-02 1.07421875e-01 -4.00390625e-02 4.29687500e-02 -3.61328125e-02 -1.85546875e-02 -9.76562500e-04 -8.78906250e-03 -5.85937500e-03 2.16796875e-01 5.56640625e-02 9.47265625e-02 1.10351562e-01 5.27343750e-02 7.32421875e-02 -9.76562500e-04 -3.12500000e-02 1.46484375e-01 -3.02734375e-02 4.68750000e-02 2.61718750e-01 1.32812500e-01 -1.36718750e-02 -1.07421875e-02 -3.90625000e-03 -3.90625000e-03 -2.92968750e-03 4.39453125e-02 -3.22265625e-02 2.24609375e-01 -3.22265625e-02 2.05078125e-02 -4.88281250e-03 1.69921875e-01 -9.76562500e-03 3.32031250e-02 -1.95312500e-03 -2.05078125e-02 2.49023438e-01 8.00781250e-02 -9.76562500e-03 -1.95312500e-02 1.07421875e-02 -2.14843750e-02 -7.81250000e-03 3.32031250e-02 -1.75781250e-02 2.59765625e-01 4.28710938e-01 1.31835938e-01 -2.83203125e-02 -2.92968750e-03 6.34765625e-02 -1.46484375e-02 -1.17187500e-02 -1.26953125e-02 -1.66015625e-02 -4.78515625e-02 -2.24609375e-02 6.25000000e-02 1.63085938e-01 -5.46875000e-02 -1.17187500e-02 -1.95312500e-03 1.12304688e-01 2.92968750e-02 -2.73437500e-02 -1.75781250e-02 -1.56250000e-02 -8.78906250e-03 -2.73437500e-02 1.83593750e-01 -2.63671875e-02 -2.14843750e-02 -1.56250000e-02 -2.05078125e-02 1.01562500e-01
8.39843750e-02 1.11328125e-01 6.15234375e-02 -2.83203125e-02 1.93359375e-01 3.11523438e-01 -2.83203125e-02 -1.75781250e-02 3.32031250e-02 9.96093750e-02 -7.81250000e-03 -1.66015625e-02 -1.26953125e-02 8.39843750e-02 -2.05078125e-02 -2.24609375e-02 -9.76562500e-03 1.64062500e-01 -2.14843750e-02 1.56250000e-01 4.19921875e-02 -2.24609375e-02 2.83203125e-02 -1.17187500e-02 3.61328125e-02 3.22265625e-02 -2.63671875e-02 -2.34375000e-02 -2.34375000e-02 -8.78906250e-03 -2.14843750e-02 -2.83203125e-02 -5.85937500e-03 -8.78906250e-03 -8.78906250e-03 -6.83593750e-03 7.61718750e-02 6.34765625e-02 1.12304688e-01 -1.66015625e-02 -9.76562500e-04 -7.81250000e-03 1.26953125e-02 -1.26953125e-02 -1.75781250e-02 6.25000000e-02 -7.81250000e-03 3.41796875e-02 2.24609375e-02 3.51562500e-02 4.19921875e-02 -1.66015625e-02 -2.05078125e-02 1.75781250e-02 -2.05078125e-02 8.78906250e-03 -2.92968750e-03 -7.81250000e-03 -1.07421875e-02 6.15234375e-02 -2.05078125e-02 -2.92968750e-03 7.42187500e-02 1.59179688e-01 2.05078125e-02 2.92968750e-03 -9.76562500e-04 -2.53906250e-02 1.24023438e-01 -3.02734375e-02 9.96093750e-02 -1.36718750e-02 1.17187500e-02 -1.17187500e-02 -4.88281250e-03 -5.85937500e-03 5.95703125e-02 -2.92968750e-03 -5.85937500e-03 -2.34375000e-02 1.56250000e-01 -9.76562500e-04 1.36718750e-02 -9.76562500e-04 1.56250000e-02 -1.95312500e-03 -2.92968750e-03 3.90625000e-03 1.36718750e-02 1.02539062e-01 2.26562500e-01 1.53320312e-01 -1.07421875e-02 -1.56250000e-02 -9.76562500e-03 -5.85937500e-03 -1.95312500e-03 -1.36718750e-02 -2.92968750e-03 -1.46484375e-02 2.27539062e-01 3.41796875e-02 1.28906250e-01 1.75781250e-02 -3.22265625e-02 -1.36718750e-02 -1.36718750e-02 -2.73437500e-02 -2.63671875e-02 -6.83593750e-03 8.78906250e-02 1.19140625e-01 1.30859375e-01 -2.05078125e-02 -6.83593750e-03 1.69921875e-01 5.95703125e-02 -1.66015625e-02 -1.17187500e-02 2.51953125e-01 -5.85937500e-03 -1.56250000e-02 3.12500000e-02 -2.92968750e-02 -1.26953125e-02 -1.85546875e-02 -1.56250000e-02 1.27929688e-01
3.80859375e-02 5.27343750e-02 -2.92968750e-03 -2.24609375e-02 1.02539062e-01 -2.05078125e-02 -1.56250000e-02 1.17187500e-02 1.84570312e-01 -2.34375000e-02 -1.56250000e-02 -4.19921875e-02 -1.85546875e-02 -2.73437500e-02 -9.76562500e-03 -4.49218750e-02 1.56250000e-01 -3.90625000e-03 -2.14843750e-02 3.33984375e-01 -9.76562500e-03 -5.76171875e-02 -1.46484375e-02 -9.76562500e-04 1.47460938e-01 8.78906250e-03 3.80859375e-02 -1.85546875e-02 -1.85546875e-02 1.08398438e-01 1.26953125e-02 -1.36718750e-02 -1.95312500e-03 -3.41796875e-02 -5.85937500e-03 -6.83593750e-03 -6.83593750e-03 2.51953125e-01 7.81250000e-03 -2.53906250e-02 -6.83593750e-03 2.83203125e-01 -8.78906250e-03 -1.36718750e-02 4.19921875e-02 1.92382812e-01 -3.90625000e-03 -1.56250000e-02 -4.88281250e-03 4.29687500e-02 6.73828125e-02 -2.44140625e-02 -3.12500000e-02 1.45507812e-01 8.10546875e-02 -4.58984375e-02 -2.63671875e-02 -1.75781250e-02 4.10156250e-02 2.08984375e-01 -3.61328125e-02 5.46875000e-02 4.10156250e-02 -1.66015625e-02 4.10156250e-02 2.34375000e-02 -6.93359375e-02 -3.51562500e-02 9.66796875e-02 -5.95703125e-02 7.81250000e-03 1.79687500e-01 -7.81250000e-03 -1.36718750e-02 -8.78906250e-03 1.17187500e-01 -3.32031250e-02 2.53906250e-02 1.59179688e-01 1.75781250e-01 -3.41796875e-02 6.05468750e-02 1.25000000e-01 -1.95312500e-03 8.20312500e-02 1.36718750e-01 -1.46484375e-02 6.64062500e-02 3.71093750e-02 -2.83203125e-02 -1.36718750e-02 5.37109375e-02 8.69140625e-02 -2.24609375e-02 -1.07421875e-02 3.12500000e-02 -1.36718750e-02 3.22265625e-01 -2.34375000e-02 -9.76562500e-04 2.53906250e-02 6.54296875e-02 -1.75781250e-02 5.17578125e-02 5.76171875e-02 -8.78906250e-03 -2.92968750e-02 -1.17187500e-02 -4.58984375e-02 -1.56250000e-02 -5.85937500e-03 2.34375000e-02 -1.56250000e-02 -3.90625000e-03 3.47656250e-01 4.49218750e-02 7.81250000e-02 -4.78515625e-02 -2.34375000e-02 -1.85546875e-02 -4.88281250e-03 -1.26953125e-02 1.95312500e-03 -5.85937500e-03 -9.76562500e-03 -3.02734375e-02 1.00585938e-01 3.17382812e-01
-1.26953125e-02 -2.44140625e-02 3.32031250e-02 1.07421875e-02 -3.90625000e-03 -2.24609375e-02 -4.29687500e-02 -1.56250000e-02 7.81250000e-03 1.89453125e-01 -3.32031250e-02 -1.85546875e-02 -3.22265625e-02 4.78515625e-02 4.19921875e-02 4.68750000e-02 -7.81250000e-03 -4.88281250e-03 1.16210938e-01 -6.64062500e-02 -8.78906250e-03 -1.26953125e-02 -1.46484375e-02 1.36718750e-02 -8.78906250e-03 -9.76562500e-04 2.05078125e-02 -2.44140625e-02 -2.53906250e-02 2.24609375e-02 1.69921875e-01 2.05078125e-02 -5.85937500e-03 -3.02734375e-02 2.92968750e-03 5.17578125e-02 -3.90625000e-03 1.42578125e-01 -1.26953125e-02 3.80859375e-02 -9.76562500e-03 -2.14843750e-02 -3.02734375e-02 -3.90625000e-03 1.21093750e-01 -4.10156250e-02 1.44531250e-01 -2.44140625e-02 -2.73437500e-02 1.38671875e-01 5.56640625e-02 1.56250000e-02 2.14843750e-02 1.57226562e-01 2.32421875e-01 5.66406250e-02 -2.83203125e-02 -2.05078125e-02 2.73437500e-02 2.92968750e-02 -6.83593750e-03 -1.17187500e-02 -3.90625000e-03 2.92968750e-02 2.83203125e-02 1.07421875e-02 -2.24609375e-02 -3.22265625e-02 1.26953125e-01 5.66406250e-02 -1.07421875e-02 3.69140625e-01 3.90625000e-03 4.68750000e-02 7.42187500e-02 3.02734375e-02 -6.83593750e-03 3.51562500e-02 1.37695312e-01 -1.95312500e-02 1.89453125e-01 -3.51562500e-02 -6.83593750e-03 1.04492188e-01 2.23632812e-01 8.78906250e-03 2.73437500e-02 -2.63671875e-02 -8.78906250e-03 1.74804688e-01 1.35742188e-01 1.46484375e-01 2.08984375e-01 1.46484375e-02 3.02734375e-02 -1.17187500e-02 1.33789062e-01 1.00585938e-01 4.58984375e-02 3.77929688e-01 -9.76562500e-03 -1.07421875e-02 -2.24609375e-02 3.40820312e-01 -4.00390625e-02 -7.81250000e-03 -3.51562500e-02 -5.85937500e-03 -3.90625000e-02 -1.26953125e-02 -1.17187500e-02 8.30078125e-02 -1.66015625e-02 1.75781250e-02 5.85937500e-02 1.52343750e-01 8.10546875e-02 1.93359375e-01 -3.12500000e-02 -2.44140625e-02 1.56250000e-02 -2.05078125e-02 8.39843750e-02 -6.83593750e-03 -2.73437500e-02 -3.12500000e-02 -2.92968750e-02 -1.56250000e-02
6.93359375e-02 9.47265625e-02 4.00390625e-02 -2.14843750e-02 5.66406250e-02 1.61132812e-01 -8.78906250e-03 -1.17187500e-02 6.05468750e-02 -2.24609375e-02 -5.85937500e-03 -3.51562500e-02 -2.73437500e-02 9.76562500e-03 -1.85546875e-02 -2.24609375e-02 -2.92968750e-03 8.98437500e-02 -2.34375000e-02 2.73437500e-01 -2.53906250e-02 -2.24609375e-02 -1.56250000e-02 -2.83203125e-02 -4.88281250e-03 -1.95312500e-03 -6.83593750e-03 -1.66015625e-02 -1.56250000e-02 2.14843750e-02 -9.76562500e-04 -1.66015625e-02 1.17187500e-02 -1.85546875e-02 -7.81250000e-03 7.91015625e-02 1.07421875e-01 3.41796875e-02 1.36718750e-02 1.75781250e-02 5.56640625e-02 1.32812500e-01 -1.36718750e-02 -2.73437500e-02 -6.83593750e-03 5.56640625e-02 8.00781250e-02 -2.92968750e-03 -1.07421875e-02 1.95312500e-02 6.34765625e-02 -2.92968750e-03 -7.81250000e-03 -8.78906250e-03 -5.85937500e-03 -3.80859375e-02 -3.22265625e-02 -3.90625000e-03 -3.90625000e-03 0.00000000e+00 1.95312500e-03 8.78906250e-03 4.29687500e-02 7.81250000e-02 -9.76562500e-04 -2.92968750e-03 -3.71093750e-02 -3.41796875e-02 1.36718750e-01 -3.41796875e-02 1.05468750e-01 2.16796875e-01 1.54296875e-01 -1.46484375e-02 -3.90625000e-03 5.76171875e-02 8.49609375e-02 -4.88281250e-03 -5.85937500e-03 -1.17187500e-02 8.30078125e-02 -1.46484375e-02 2.44140625e-02 -3.90625000e-03 1.07421875e-01 5.85937500e-03 -1.95312500e-03 8.78906250e-03 -1.36718750e-02 -9.76562500e-04 5.07812500e-02 8.00781250e-02 2.05078125e-02 -5.85937500e-03 -2.53906250e-02 2.92968750e-03 -3.90625000e-03 4.68750000e-02 3.90625000e-02 2.72460938e-01 9.76562500e-02 -6.83593750e-03 -1.46484375e-02 1.85546875e-02 -2.05078125e-02 -1.07421875e-02 -3.22265625e-02 -2.14843750e-02 -4.19921875e-02 -2.05078125e-02 7.32421875e-02 1.68945312e-01 -2.83203125e-02 -3.90625000e-03 1.37695312e-01 5.17578125e-02 3.90625000e-02 -2.34375000e-02 -1.95312500e-02 -7.81250000e-03 -1.17187500e-02 -2.44140625e-02 2.17773438e-01 -2.53906250e-02 -1.26953125e-02 -1.26953125e-02 -1.07421875e-02 1.58203125e-01
5.76171875e-02 2.05078125e-02 7.32421875e-02 -5.85937500e-03 1.28906250e-01 -6.83593750e-03 5.46875000e-02 5.27343750e-02 5.17578125e-02 -3.90625000e-03 -6.83593750e-03 -9.76562500e-03 -1.17187500e-02 -7.81250000e-03 -4.88281250e-03 -2.14843750e-02 -5.85937500e-03 6.54296875e-02 2.92968750e-03 4.98046875e-02 -8.78906250e-03 -2.24609375e-02 -6.83593750e-03 2.83203125e-02 7.91015625e-02 -1.95312500e-03 -3.90625000e-03 -1.66015625e-02 -2.14843750e-02 1.66015625e-02 3.41796875e-02 -9.76562500e-04 5.56640625e-02 -1.07421875e-02 -7.81250000e-03 5.46875000e-02 7.42187500e-02 2.33398438e-01 -3.90625000e-03 -1.17187500e-02 -7.81250000e-03 -1.95312500e-03 -9.76562500e-04 -2.05078125e-02 3.12500000e-02 1.95312500e-01 7.42187500e-02 -1.95312500e-03 -3.90625000e-03 9.47265625e-02 8.49609375e-02 -6.83593750e-03 -1.75781250e-02 4.68750000e-02 2.73437500e-02 -2.53906250e-02 -4.88281250e-03 -9.76562500e-04 8.78906250e-03 -9.76562500e-04 -1.75781250e-02 -9.76562500e-04 -1.95312500e-03 -1.95312500e-03 -9.76562500e-04 -7.81250000e-03 -2.44140625e-02 -2.05078125e-02 1.36718750e-01 -2.14843750e-02 5.37109375e-02 6.25000000e-02 -2.92968750e-03 -1.85546875e-02 7.81250000e-03 5.66406250e-02 6.15234375e-02 7.81250000e-03 -5.85937500e-03 9.76562500e-03 -4.88281250e-03 1.25976562e-01 1.26953125e-02 3.71093750e-02 5.85937500e-02 7.71484375e-02 -8.78906250e-03 6.83593750e-03 -1.26953125e-02 -3.90625000e-03 3.90625000e-02 5.95703125e-02 1.36718750e-02 -1.17187500e-02 -5.85937500e-03 -4.88281250e-03 -8.78906250e-03 6.54296875e-02 1.46484375e-02 -1.07421875e-02 4.88281250e-03 1.01562500e-01 -6.83593750e-03 -3.90625000e-03 -1.95312500e-03 -1.26953125e-02 -5.85937500e-03 -6.83593750e-03 -3.22265625e-02 -9.76562500e-03 3.90625000e-02 8.78906250e-02 -7.81250000e-03 -5.85937500e-03 2.44140625e-02 -1.95312500e-03 -9.76562500e-04 -1.66015625e-02 -1.07421875e-02 6.54296875e-02 -6.83593750e-03 -1.07421875e-02 3.32031250e-02 -1.07421875e-02 1.95312500e-02 -1.46484375e-02 3.90625000e-02 2.92968750e-02
4.58984375e-02 2.53906250e-02 6.83593750e-02 -4.88281250e-03 6.34765625e-02 1.25000000e-01 -1.95312500e-02 -1.26953125e-02 3.71093750e-02 1.83593750e-01 -7.81250000e-03 1.95312500e-02 -1.36718750e-02 1.00585938e-01 1.95312500e-03 -2.44140625e-02 -7.81250000e-03 1.37695312e-01 7.12890625e-02 4.68750000e-02 -2.92968750e-03 -7.81250000e-03 -4.88281250e-03 1.95312500e-02 5.17578125e-02 -4.88281250e-03 -2.24609375e-02 -2.63671875e-02 -1.36718750e-02 -2.92968750e-03 5.66406250e-02 3.61328125e-02 3.12500000e-02 -1.66015625e-02 -1.17187500e-02 1.02539062e-01 1.12304688e-01 1.38671875e-01 3.61328125e-02 -1.36718750e-02 2.92968750e-03 -1.75781250e-02 5.56640625e-02 -1.36718750e-02 3.71093750e-02 7.22656250e-02 1.58203125e-01 -9.76562500e-04 2.92968750e-02 1.25976562e-01 5.37109375e-02 -1.17187500e-02 -1.36718750e-02 5.46875000e-02 -9.76562500e-03 -1.07421875e-02 -1.17187500e-02 -5.85937500e-03 -3.90625000e-03 5.46875000e-02 -2.34375000e-02 -3.90625000e-03 3.90625000e-03 8.00781250e-02 -9.76562500e-04 1.46484375e-02 -4.88281250e-03 -1.66015625e-02 1.51367188e-01 -2.34375000e-02 1.34765625e-01 -2.92968750e-03 5.07812500e-02 -6.83593750e-03 5.37109375e-02 5.17578125e-02 1.37695312e-01 9.76562500e-04 -1.95312500e-03 -1.95312500e-02 1.11328125e-01 -7.81250000e-03 -4.88281250e-03 9.17968750e-02 2.63671875e-02 -7.81250000e-03 -8.78906250e-03 9.76562500e-04 -4.88281250e-03 1.11328125e-01 1.71875000e-01 1.81640625e-01 8.00781250e-02 -5.85937500e-03 -9.76562500e-04 -1.95312500e-03 -2.92968750e-03 5.85937500e-03 -9.76562500e-04 -1.36718750e-02 3.90625000e-03 5.17578125e-02 -2.92968750e-03 4.68750000e-02 -2.73437500e-02 -1.07421875e-02 -1.07421875e-02 -1.85546875e-02 -2.53906250e-02 -8.78906250e-03 2.92968750e-02 1.34765625e-01 1.03515625e-01 -7.81250000e-03 -1.07421875e-02 1.14257812e-01 9.76562500e-04 -7.81250000e-03 -1.46484375e-02 2.03125000e-01 -8.78906250e-03 -4.88281250e-03 4.39453125e-02 -1.66015625e-02 -9.76562500e-04 -9.76562500e-03 -8.78906250e-03 1.75781250e-02
3.41796875e-02 4.10156250e-02 8.69140625e-02 -5.85937500e-03 9.27734375e-02 -2.92968750e-03 -1.26953125e-02 -3.90625000e-03 1.46484375e-02 1.85546875e-02 3.41796875e-02 -9.76562500e-04 -2.44140625e-02 1.75781250e-02 -7.81250000e-03 -2.14843750e-02 -4.88281250e-03 1.10351562e-01 -2.92968750e-03 7.51953125e-02 -1.46484375e-02 -1.85546875e-02 -1.07421875e-02 -1.56250000e-02 4.78515625e-02 -7.81250000e-03 -9.76562500e-03 -2.83203125e-02 -1.17187500e-02 4.10156250e-02 5.07812500e-02 -4.88281250e-03 -1.95312500e-03 -6.83593750e-03 -7.81250000e-03 1.53320312e-01 1.09375000e-01 1.92382812e-01 9.76562500e-03 4.19921875e-02 8.78906250e-03 5.85937500e-03 8.49609375e-02 -2.83203125e-02 -2.92968750e-03 9.57031250e-02 1.41601562e-01 5.37109375e-02 3.41796875e-02 1.02539062e-01 8.78906250e-02 -1.26953125e-02 -1.46484375e-02 1.85546875e-02 -9.76562500e-04 -3.02734375e-02 -3.22265625e-02 -5.85937500e-03 -2.92968750e-03 1.66015625e-02 -1.95312500e-02 1.75781250e-02 1.36718750e-02 4.00390625e-02 -1.26953125e-02 -7.81250000e-03 -2.73437500e-02 -2.53906250e-02 1.59179688e-01 -1.66015625e-02 1.39648438e-01 1.01562500e-01 7.71484375e-02 -9.76562500e-03 4.98046875e-02 8.39843750e-02 1.68945312e-01 -4.88281250e-03 -1.17187500e-02 -8.78906250e-03 4.58984375e-02 2.53906250e-02 -2.92968750e-03 6.15234375e-02 7.12890625e-02 3.32031250e-02 -4.88281250e-03 -2.92968750e-03 -1.26953125e-02 2.14843750e-02 1.09375000e-01 1.36718750e-01 9.86328125e-02 -1.07421875e-02 -1.36718750e-02 -3.90625000e-03 -4.88281250e-03 7.32421875e-02 1.95312500e-02 2.73437500e-02 6.44531250e-02 6.83593750e-02 -1.17187500e-02 1.95312500e-03 -1.66015625e-02 -1.17187500e-02 -1.56250000e-02 -1.66015625e-02 -3.32031250e-02 -7.81250000e-03 9.86328125e-02 6.93359375e-02 -3.90625000e-03 0.00000000e+00 5.66406250e-02 2.73437500e-02 -1.95312500e-03 -1.26953125e-02 -1.75781250e-02 5.95703125e-02 -1.07421875e-02 -1.17187500e-02 1.50390625e-01 -1.36718750e-02 -7.81250000e-03 -3.90625000e-03 -8.78906250e-03 5.17578125e-02
5.95703125e-02 4.98046875e-02 7.51953125e-02 -3.90625000e-03 1.23046875e-01 1.07421875e-02 -4.88281250e-03 -2.92968750e-03 5.85937500e-03 -2.92968750e-03 3.12500000e-02 -9.76562500e-04 -2.05078125e-02 1.36718750e-02 -7.81250000e-03 -1.85546875e-02 -5.85937500e-03 1.02539062e-01 -4.88281250e-03 6.93359375e-02 -1.46484375e-02 -1.85546875e-02 -7.81250000e-03 -1.26953125e-02 8.00781250e-02 -7.81250000e-03 -6.83593750e-03 -2.53906250e-02 -1.36718750e-02 4.00390625e-02 1.56250000e-02 -6.83593750e-03 0.00000000e+00 -1.95312500e-03 -5.85937500e-03 1.17187500e-01 1.05468750e-01 1.90429688e-01 3.90625000e-03 1.85546875e-02 -1.95312500e-03 -9.76562500e-04 7.51953125e-02 -2.83203125e-02 -4.88281250e-03 1.42578125e-01 9.47265625e-02 5.66406250e-02 3.51562500e-02 8.49609375e-02 9.76562500e-02 -1.26953125e-02 -1.17187500e-02 0.00000000e+00 -1.95312500e-03 -3.02734375e-02 -2.73437500e-02 -3.90625000e-03 -2.92968750e-03 2.53906250e-02 -1.66015625e-02 1.85546875e-02 2.73437500e-02 3.41796875e-02 -1.17187500e-02 -9.76562500e-03 -2.05078125e-02 -2.53906250e-02 1.37695312e-01 -1.56250000e-02 1.12304688e-01 6.83593750e-02 5.27343750e-02 -1.36718750e-02 5.17578125e-02 7.32421875e-02 1.55273438e-01 -5.85937500e-03 -1.07421875e-02 -8.78906250e-03 5.17578125e-02 8.98437500e-02 -1.95312500e-03 5.56640625e-02 4.58984375e-02 3.80859375e-02 -4.88281250e-03 -9.76562500e-04 -1.26953125e-02 1.95312500e-03 1.10351562e-01 1.05468750e-01 4.10156250e-02 -1.17187500e-02 -1.26953125e-02 -5.85937500e-03 -5.85937500e-03 4.49218750e-02 2.73437500e-02 -1.95312500e-03 8.39843750e-02 5.76171875e-02 -7.81250000e-03 -4.88281250e-03 -9.76562500e-03 -1.17187500e-02 -7.81250000e-03 -1.36718750e-02 -3.32031250e-02 -5.85937500e-03 1.02539062e-01 5.56640625e-02 -2.92968750e-03 -1.95312500e-03 2.34375000e-02 1.17187500e-02 -2.92968750e-03 -1.26953125e-02 -1.46484375e-02 6.25000000e-02 -1.07421875e-02 -8.78906250e-03 1.19140625e-01 -1.36718750e-02 -4.88281250e-03 -3.90625000e-03 -4.88281250e-03 4.10156250e-02
