6.38775527e-02 1.46448417e-02 8.53321850e-02 -2.93681957e-03 2.48542070e-01 5.80555573e-02 -1.28675811e-02 -1.15307439e-02 -7.30622374e-03 3.20317596e-03 -9.58054885e-03 -1.61622465e-02 -2.50990279e-02 4.77997586e-02 -2.80928854e-02 3.41219455e-02 -1.71571262e-02 9.26760957e-02 -1.48210693e-02 -2.20111553e-02 -1.25431735e-02 -1.45759210e-02 1.08319461e-01 -9.75986104e-03 4.56570461e-02 -2.46695569e-03 6.64326549e-02 -1.10925948e-02 -1.20588131e-02 -4.91427304e-03 -2.92654112e-02 -3.90580595e-02 -9.14385542e-03 -8.16681236e-03 6.58629760e-02 -9.52532142e-03 -3.00735282e-03 8.98796171e-02 -3.15311295e-03 -1.49148214e-03 -8.29495490e-03 -1.06089767e-02 -8.85617733e-03 -1.71695352e-02 -2.10952386e-02 -8.42363387e-03 -2.66464129e-02 4.87739444e-02 -1.56462658e-02 4.97009158e-02 1.02775842e-01 -7.38176238e-03 1.22747365e-02 4.95840237e-03 7.25632757e-02 -5.71484352e-03 -7.11201318e-03 -2.16516270e-03 -2.93863541e-03 2.26555523e-02 -9.00050811e-03 1.57908723e-03 8.66808742e-02 9.08465385e-02 9.07327607e-03 -1.91944931e-03 1.47157684e-02 -2.48344634e-02 8.36168081e-02 4.36718203e-02 -5.83235687e-03 7.44133741e-02 -3.90267163e-03 -7.76469568e-03 1.44279450e-02 -1.38567248e-02 4.72340882e-02 1.35627668e-02 3.51649560e-02 -1.12257283e-02 1.79719552e-01 -4.22843313e-03 3.25701609e-02 5.06306775e-02 1.22455969e-01 1.13589302e-01 8.50159749e-02 -1.24071660e-02 -1.32531049e-02 1.54767931e-01 1.40935153e-01 -1.61536550e-03 -2.89159827e-02 -1.43215861e-02 -3.63219483e-03 -1.48079535e-02 9.04914439e-02 -1.71604324e-02 5.77139035e-02 1.56758845e-01 2.62109429e-01 6.70333579e-02 1.06054783e-01 1.19485557e-01 -1.73439123e-02 -2.05340385e-02 -4.72015887e-03 -1.45607283e-02 -2.65592635e-02 -5.91490325e-03 1.14277691e-01 -1.23670325e-04 -1.12853264e-02 -2.18303949e-02 -1.46748032e-03 1.34754062e-01 5.90029918e-02 4.43798155e-02 -1.84471551e-02 3.92069779e-02 2.11808421e-02 -1.89666897e-02 5.77161685e-02 -1.31685678e-02 -2.39873100e-02 -1.40039846e-02 -2.06569135e-02 5.88428229e-03
1.14280596e-01 1.98690608e-01 8.41753259e-02 -2.50334702e-02 1.66865274e-01 2.78939344e-02 -1.24456342e-02 -2.79578613e-03 -5.13593759e-03 -1.38278287e-02 1.45016521e-01 -1.70795862e-02 -3.98258157e-02 -7.43772602e-04 -7.11605232e-03 -2.17851046e-02 -1.65867433e-03 1.08566962e-01 -6.22999156e-03 -4.61607799e-03 -2.73287594e-02 -3.05923466e-02 7.81192910e-03 -4.59415205e-02 1.93470027e-02 -6.85753487e-03 -1.42027354e-02 -2.65733115e-02 4.60584946e-02 4.59245108e-02 -3.15607712e-03 -1.38713820e-02 -1.41296983e-02 1.14483550e-01 -1.86732563e-03 9.62270200e-02 5.60416058e-02 1.78209856e-01 4.44279797e-02 2.73643345e-01 -8.50345939e-04 3.15833502e-02 1.45486087e-01 -2.82591917e-02 -1.29240407e-02 1.66505128e-01 4.81982417e-02 1.11620441e-01 1.22278199e-01 6.15854710e-02 1.35841236e-01 -1.91451106e-02 -1.74882412e-02 -2.09611896e-02 -2.61699501e-03 -2.65034996e-02 -6.24637567e-02 -1.56449601e-02 -5.23184286e-03 4.24128063e-02 -2.58747377e-02 9.99924690e-02 1.46282613e-01 6.83063939e-02 -2.15876382e-02 -8.92404374e-03 -1.14921229e-02 -3.91445979e-02 1.08014733e-01 -1.05541982e-02 1.72890916e-01 7.72087350e-02 7.14442506e-02 -1.50037194e-02 1.42114326e-01 7.15778768e-02 1.27014115e-01 -1.37991849e-02 -2.01622285e-02 -2.38378048e-02 1.58764586e-01 1.57757789e-01 4.47384492e-02 -9.27512161e-03 9.21160430e-02 3.70299965e-02 2.42143311e-02 -9.64481197e-03 -2.24468857e-02 6.58711344e-02 1.52204573e-01 8.36702734e-02 4.58689258e-02 -9.69488826e-03 -2.19050981e-02 2.45929714e-02 -3.98949208e-03 -3.69873014e-04 1.42635137e-01 5.85687831e-02 1.05480157e-01 -7.87886884e-03 -1.59831773e-02 -3.16834589e-03 -1.22534428e-02 -1.09674810e-02 -5.35994302e-03 -2.37440020e-02 -3.31803113e-02 -2.12133350e-03 1.96909636e-01 -4.18086350e-03 -1.39984358e-02 5.13055436e-02 6.36018217e-02 1.11538008e-01 8.44257623e-02 -2.06026640e-02 -1.44357812e-02 -1.05095236e-02 -8.70181993e-03 -6.90622302e-03 2.67539680e-01 -1.28460573e-02 -2.38886829e-02 -5.67547046e-04 -5.94965927e-03 6.96934164e-02
9.47010666e-02 1.05875798e-01 9.64990556e-02 -2.81669796e-02 7.38764256e-02 -1.65074989e-02 -2.74323206e-02 -1.47579971e-03 1.08435132e-01 -1.95032526e-02 -1.42007675e-02 -3.30112241e-02 -3.10129374e-02 -2.56325826e-02 5.77687249e-02 -5.40454611e-02 1.49251193e-01 3.98190841e-02 -1.03273168e-02 4.62918013e-01 -1.00940131e-02 -5.18699735e-02 -1.45568773e-02 -2.32139556e-03 9.89656448e-02 2.97486968e-02 3.48367319e-02 -1.85418166e-02 -2.00959574e-02 1.16422057e-01 1.52418479e-01 2.73686051e-02 2.08221972e-02 -2.14593895e-02 -6.18067663e-03 6.55475706e-02 -1.07702948e-02 2.41088897e-01 7.95860291e-02 -1.76052637e-02 4.95095067e-02 3.74913663e-01 -2.09468603e-03 -3.31349485e-02 1.66531444e-01 9.41832811e-02 8.11383501e-02 -1.42692188e-02 -2.25949188e-04 1.66575685e-02 1.17135689e-01 -1.46083478e-02 -3.93872000e-02 9.63234752e-02 -5.62666450e-03 -3.78137603e-02 -3.25534679e-02 -6.65277895e-03 9.65046734e-02 2.32013509e-01 -3.47970948e-02 1.52975991e-01 1.05120547e-01 -1.22369733e-02 2.31140424e-02 1.82282887e-02 -7.71029294e-02 -4.44821268e-02 3.56586091e-02 -6.17054850e-02 1.36048049e-02 1.84144586e-01 -2.47365958e-03 -2.36497000e-02 6.85928762e-02 1.35922685e-01 -1.53147476e-02 6.51284400e-03 1.50890201e-01 1.80661649e-01 -2.54614707e-02 9.85938683e-03 1.08204655e-01 -2.94661848e-03 1.15365788e-01 1.30017936e-01 -6.78289868e-03 1.07623704e-01 3.07683088e-02 -3.29617783e-02 -1.23877348e-02 1.69072915e-02 1.84435770e-01 -1.82034113e-02 -1.24339750e-02 5.35028726e-02 -1.51065178e-02 3.82066935e-01 -2.92511135e-02 7.60035291e-02 -3.24504217e-03 8.84056091e-02 -2.47451998e-02 1.78041682e-03 6.10059872e-02 -2.72575999e-03 -2.93346755e-02 -1.52783673e-02 -4.90478426e-02 -1.27364751e-02 3.51106748e-02 -1.91183900e-03 -1.02433460e-02 4.84593026e-02 3.93602878e-01 1.44622922e-01 1.07242644e-01 -4.67363968e-02 -2.82250829e-02 -1.66096129e-02 -9.65764560e-03 -8.57006386e-03 9.86528397e-02 -1.03038242e-02 -1.18891452e-03 -3.07973027e-02 1.45866349e-01 3.70603055e-01
-1.56442216e-03 -1.96790532e-03 5.96994497e-02 -7.96823297e-03 5.17538190e-02 -4.28882986e-03 -3.46590765e-02 -3.65784648e-03 4.13155109e-02 1.04456544e-01 -1.27718952e-02 -1.07777230e-02 -1.88811980e-02 2.72130072e-02 -3.32178012e-03 5.28815091e-02 -2.70284247e-03 3.15244161e-02 9.64110643e-02 -4.07746844e-02 -1.60530098e-02 -1.22217201e-02 -1.19756544e-02 -2.11032070e-02 -6.06984738e-03 3.24343480e-02 -1.72930001e-03 -1.55252898e-02 -1.12619027e-02 4.65070121e-02 1.33803144e-01 -2.16457364e-03 -5.76150278e-03 3.26976925e-02 -8.59030895e-03 9.57260728e-02 -4.38165898e-03 1.70928091e-01 -1.62758678e-03 1.59582615e-01 -3.61024123e-03 -1.01780286e-02 3.27220559e-03 -1.16102397e-02 -1.00523839e-03 -1.30227040e-02 1.15023151e-01 -1.02410894e-02 -9.20273457e-03 6.99428394e-02 8.08213502e-02 -3.14485398e-03 -3.40368832e-03 7.66749009e-02 1.76153511e-01 3.40530723e-02 -3.81137393e-02 -1.74474902e-02 -6.29937137e-03 3.10370028e-02 -1.64454542e-02 1.16654746e-02 6.56680390e-02 2.18232516e-02 -2.88761011e-03 -2.59419624e-03 -8.33078101e-03 -3.68073806e-02 8.31425339e-02 1.20518774e-01 4.26879898e-02 1.92095116e-01 2.53078248e-02 1.74736381e-02 9.78402793e-02 2.69172098e-02 3.31684276e-02 -4.76216013e-03 -5.82897570e-04 -1.73242539e-02 1.83394507e-01 -9.48132202e-03 -4.43712575e-03 3.61447781e-02 1.63654715e-01 -2.76988558e-03 4.13145963e-03 -1.36277666e-02 -2.03208197e-02 1.57120913e-01 1.69893995e-01 1.46902725e-01 1.67503268e-01 -2.52107251e-03 -1.75240543e-03 -3.04771890e-03 7.76060075e-02 6.07575998e-02 7.83941150e-02 1.93161234e-01 3.75806168e-02 -6.89362735e-03 -1.21698622e-02 1.78902656e-01 -2.74741128e-02 -1.23813106e-02 -2.01388672e-02 -9.80174541e-03 -2.52062809e-02 -5.52238896e-04 2.75786705e-02 6.21025451e-02 -1.00350026e-02 6.85406104e-03 -3.33924405e-03 1.99870557e-01 6.37094826e-02 5.56173362e-02 -2.11500153e-02 -8.92967358e-03 -2.90698232e-03 -1.37765836e-02 1.73503742e-01 -9.27237049e-03 -1.56140253e-02 -2.49360092e-02 -1.81081183e-02 -7.48148840e-03
-4.96355817e-04 1.61222681e-01 2.64800079e-02 -3.39994133e-02 4.10270691e-03 1.66604638e-01 -1.52132660e-02 -1.29184872e-02 1.22384138e-01 -2.98402123e-02 -3.64908506e-03 -4.12315838e-02 -4.70000505e-02 -1.81324314e-04 -2.25320831e-02 1.79578066e-02 -2.08788365e-03 1.24831200e-01 -1.11370534e-02 -7.05976691e-03 -1.95654929e-02 -1.48781836e-02 -1.11089339e-02 -5.05200587e-02 -6.83772750e-03 -2.06182199e-03 -1.53225837e-02 -1.80697422e-02 -2.06078459e-02 3.95336263e-02 7.11630844e-03 -1.53228426e-02 -1.33267939e-02 7.50276893e-02 -9.38146468e-03 1.58604786e-01 8.62277746e-02 5.38569205e-02 1.86135061e-02 2.43162990e-01 1.78284086e-02 1.39208138e-03 3.84987257e-02 -3.30452882e-02 -1.56988874e-02 -3.57737765e-04 1.43550798e-01 5.85343465e-02 -2.79132766e-03 6.11400120e-02 7.28841126e-02 -5.39538404e-03 1.74363162e-02 -2.31257193e-02 6.78672194e-02 -3.05331685e-02 -5.07365465e-02 -1.45808095e-02 -4.52841260e-03 4.22316678e-02 -7.55687710e-03 6.04417622e-02 5.94145767e-02 8.71349424e-02 -1.04317991e-02 1.95756480e-02 -1.65605787e-02 -4.37614694e-02 1.50434524e-01 -1.78197436e-02 1.80667460e-01 2.98546493e-01 1.41191453e-01 -6.66758977e-03 -1.12444488e-03 4.31666151e-02 2.87029780e-02 -3.13740596e-03 -2.40438692e-02 -3.76090109e-02 1.94951877e-01 -2.53974013e-02 -4.62258747e-03 9.39882174e-03 2.38701165e-01 -1.17221503e-02 2.42768265e-02 -7.39295408e-03 -1.76871531e-02 2.44884014e-01 1.37302846e-01 9.85550731e-02 1.08043298e-01 -2.37048510e-03 -2.34456584e-02 -1.91816536e-03 -8.43688473e-03 7.67638460e-02 1.61466464e-01 3.41081530e-01 1.12316705e-01 -1.45346913e-02 -7.64413085e-03 1.13204211e-01 -3.06820329e-02 -1.60394721e-02 -2.67138481e-02 -2.03574337e-02 -4.40244228e-02 -9.76128876e-03 7.68722892e-02 6.97738528e-02 -3.87584157e-02 -3.33190500e-03 7.75693357e-02 6.65625781e-02 -9.02148895e-05 -2.52513699e-02 -5.28832991e-03 -2.17155367e-02 -1.24212429e-02 -1.56674795e-02 3.35115582e-01 -2.11368054e-02 -2.39252225e-02 -9.09332093e-03 -1.96539797e-02 1.39231429e-01
4.74163741e-02 2.30511501e-01 9.11280066e-02 -4.86567952e-02 3.47494818e-02 1.81255907e-01 -4.19953465e-02 -2.40700431e-02 1.57886446e-01 -1.35433860e-02 1.53225631e-01 -3.53005938e-02 -3.40355411e-02 -2.47558858e-03 -1.79170091e-02 -3.60054038e-02 8.26378018e-02 2.47496277e-01 -2.42026579e-02 2.86723316e-01 -6.59781508e-03 -3.70857157e-02 -3.47592705e-03 -4.71600555e-02 1.10074043e-01 -5.55624580e-03 -3.51014212e-02 -3.57000344e-02 -8.42758268e-03 2.67913230e-02 -1.59845166e-02 -1.78806689e-02 -8.15752335e-03 -2.49715382e-03 -9.18504037e-03 1.20441094e-01 9.30501819e-02 1.56738698e-01 1.19110078e-01 1.30231231e-01 4.50030901e-02 1.91119790e-01 2.40301877e-01 -4.89765294e-02 -2.04590261e-02 8.35963413e-02 3.75091508e-02 1.87266842e-01 1.27731025e-01 4.01213169e-02 9.90054607e-02 -3.14787924e-02 -3.67407613e-02 -6.18319493e-04 -1.80422422e-02 -3.54480445e-02 -5.46269864e-02 -1.77612714e-02 -8.83427076e-03 1.99192122e-01 -4.77310307e-02 7.86940679e-02 1.02228686e-01 8.67404267e-02 -2.16685813e-02 1.06487833e-02 -4.30290960e-02 -4.80111018e-02 1.63330510e-01 -4.22462113e-02 2.88675904e-01 9.26036388e-02 4.11402322e-02 -9.46525671e-03 3.19409966e-02 9.27061960e-02 6.48439676e-02 -1.87381683e-03 -2.53157150e-02 -1.31872166e-02 2.15243734e-02 -1.67482514e-02 4.93017696e-02 -8.12882558e-03 8.68501961e-02 1.29369162e-02 -8.60246550e-03 2.12928206e-02 -3.00505804e-03 -5.44042140e-03 1.28360957e-01 2.79060036e-01 9.07700509e-02 -1.44079700e-02 -2.21819617e-02 5.40857427e-02 -1.97206531e-02 1.43843755e-01 -9.68499016e-03 -1.64871570e-04 1.66715771e-01 -1.17186434e-03 -2.82545201e-03 -1.74165377e-03 -3.57563086e-02 -9.35560744e-03 -3.94725353e-02 -3.76747027e-02 -4.60362062e-02 -9.64356866e-03 6.97492063e-02 4.40485366e-02 -9.90898116e-06 -6.81923190e-03 2.41482899e-01 7.01062679e-02 8.62779841e-02 -4.80193719e-02 -1.02912355e-03 8.00793245e-03 -8.60422291e-03 -6.17027096e-03 2.67026275e-01 -2.25461740e-02 -2.73053702e-02 3.79919782e-02 -8.88263062e-03 2.81850725e-01
-2.62593618e-03 1.25318378e-01 1.31447554e-01 -1.69058554e-02 -1.24127939e-02 9.25340131e-02 -2.72451844e-02 -1.50804427e-02 1.13118179e-01 -7.92908110e-03 -2.04581791e-03 -1.66037288e-02 -2.72323899e-02 -1.05467429e-02 -1.42827444e-03 -4.73817661e-02 2.09753215e-01 1.16170473e-01 -1.61053166e-02 4.36000466e-01 -2.18059700e-02 -4.51441817e-02 -2.00149305e-02 -5.20458911e-03 2.26509124e-01 -1.17393453e-02 -4.33486328e-03 -2.36838572e-02 -1.72230359e-02 1.30637601e-01 3.12484428e-03 -4.10002423e-03 -7.45010143e-03 -4.29732576e-02 -8.91651399e-03 7.24118650e-02 4.24441770e-02 9.80399698e-02 3.41248102e-02 -2.10812129e-02 4.40931730e-02 2.35267073e-01 4.28288020e-02 -3.94305959e-02 2.82147862e-02 9.91303101e-02 1.57813519e-01 3.13767269e-02 -2.19947519e-03 1.76453441e-02 9.28328931e-02 -1.68975592e-02 -3.21489200e-02 1.04504898e-02 -7.94654991e-03 -3.81987095e-02 -3.46553102e-02 -1.03280870e-02 7.40436614e-02 2.12031394e-01 -3.64247859e-02 1.39670357e-01 1.33849263e-01 1.00144222e-02 -9.25225765e-03 2.69783325e-02 -5.57161197e-02 -4.13487181e-02 1.36126801e-01 -5.51479161e-02 1.13266438e-01 6.58830479e-02 -1.19488942e-03 -1.54154655e-02 5.28211892e-02 2.31758639e-01 2.81842873e-02 2.65460685e-02 1.42418087e-01 -4.96707484e-03 -1.63951311e-02 -5.01473015e-03 1.14685535e-01 8.08268487e-02 3.86980288e-02 6.20876476e-02 -9.76751279e-03 1.06315061e-01 3.16006355e-02 -2.00042501e-02 5.22000343e-02 2.37040937e-01 1.89924389e-01 -1.60559267e-02 -1.76628307e-02 1.05545865e-02 -1.32670067e-02 2.88663298e-01 -1.91912763e-02 7.02294558e-02 -5.81733882e-03 3.65577638e-02 -2.68251915e-02 -3.51696229e-03 -1.61071634e-03 4.43822443e-02 -2.25957856e-02 -2.95168236e-02 -4.75368798e-02 -1.05286650e-02 -8.42048042e-03 3.82754579e-02 -2.16154358e-03 5.50358407e-02 2.24633992e-01 5.44262528e-02 4.79820222e-02 -4.37909700e-02 -2.69533955e-02 1.32974982e-02 -5.77526214e-03 -2.03658789e-02 1.70992136e-01 -1.31424442e-02 -1.83943640e-02 -1.30112581e-02 7.03629628e-02 2.84921825e-01
7.63325021e-02 1.01175785e-01 9.72682536e-02 -1.33105768e-02 9.48180035e-02 5.90146482e-02 -8.62169266e-03 -3.68285133e-03 1.77220758e-02 -1.09019149e-02 5.42744622e-02 -2.18277350e-02 -2.66054459e-02 -3.43781803e-03 -2.33120639e-02 -2.91020088e-02 -1.47400948e-03 7.89997131e-02 -2.30220798e-02 8.92272443e-02 -2.78112795e-02 -3.83694395e-02 -2.73055723e-03 -1.82413235e-02 9.90745723e-02 -3.08974180e-03 2.47024447e-02 -1.84893198e-02 2.40630284e-03 7.56560862e-02 -2.95440909e-02 -3.29258107e-02 -1.41564496e-02 -1.48716941e-02 1.69821307e-02 -3.26742558e-03 5.02144322e-02 1.82812572e-01 3.54212485e-02 2.32173949e-02 -1.16976798e-02 6.04129396e-02 8.72331485e-03 -2.31763367e-02 -2.09597647e-02 2.04481825e-01 -1.42321195e-02 6.59700930e-02 2.38165986e-02 3.10355909e-02 1.03291363e-01 -2.15924885e-02 -1.47597902e-02 -6.28214190e-03 -3.91146587e-03 -2.68121846e-02 -3.00730877e-02 -8.34603608e-03 -8.86643305e-03 2.06242278e-02 -2.03702766e-02 2.82896236e-02 1.07125230e-01 7.80108422e-02 -1.33099062e-02 -1.05307773e-02 -1.40590919e-02 -3.20343412e-02 8.67618918e-02 -2.16821712e-02 8.36432576e-02 -3.67170549e-03 1.01238331e-02 -1.03796320e-02 4.97688018e-02 7.55703077e-02 3.76959071e-02 -3.02657275e-03 7.55744055e-03 -3.89186223e-03 9.39032435e-02 1.97730914e-01 7.95410872e-02 1.85190719e-02 6.56262413e-02 1.17576614e-01 -1.58429146e-04 -2.13992922e-03 -1.37202907e-02 -1.93183916e-03 8.07358250e-02 5.92776686e-02 -1.82680432e-02 -1.77203044e-02 -2.61826515e-02 -5.57924109e-03 -6.85020816e-04 -8.31790548e-03 4.16810438e-02 2.19487213e-02 1.59269571e-01 6.58290312e-02 -5.45157492e-03 -1.31528964e-03 -3.42955929e-04 -8.82923976e-03 -1.17825530e-03 -2.13100929e-02 -3.44821438e-02 -6.99115032e-03 6.57617003e-02 -3.81410168e-03 -6.03439659e-03 -1.00779608e-02 1.01504497e-01 6.06697798e-02 7.86744207e-02 -1.71843972e-02 -2.33745091e-02 2.47195195e-02 -7.11174216e-04 -2.10932307e-02 1.50440097e-01 -1.02111418e-02 -2.32407637e-02 -2.47556996e-03 -7.53082149e-03 1.41111001e-01
-3.74299148e-03 -6.55222684e-03 9.66354832e-02 3.91393788e-02 1.40981749e-01 -1.78922638e-02 -3.78243513e-02 -2.07313243e-02 -8.38380400e-03 7.82359838e-02 -3.12166521e-04 -6.03995193e-03 -4.73869853e-02 4.24003340e-02 -1.33303599e-02 -1.08139934e-02 -2.59203068e-03 8.43047053e-02 -3.08474991e-04 -3.57386358e-02 -1.58027615e-02 -8.89969524e-03 -6.47702115e-03 -1.81346647e-02 -1.68392551e-04 -7.58409686e-03 1.88934412e-02 -2.89916620e-02 -2.94444873e-03 7.24367201e-02 -1.67994550e-03 -1.42189199e-02 -1.50866546e-02 -3.37104127e-03 4.44214754e-02 1.87610045e-01 5.43753915e-02 2.27228671e-01 -3.75151052e-03 2.32616335e-01 -3.31800431e-04 -1.58609673e-02 1.03843674e-01 -2.01379396e-02 -9.66905337e-03 -2.01280005e-02 5.03206104e-02 4.98325676e-02 4.24845098e-03 1.72387898e-01 1.01777494e-01 -1.79915428e-02 1.04914140e-02 5.68220466e-02 1.21453494e-01 -1.83921605e-02 -4.71353196e-02 -2.34237257e-02 -2.08379026e-03 7.44501054e-02 -2.25934722e-02 6.29695877e-03 6.42340258e-03 6.38301075e-02 -1.58149861e-02 2.21866630e-02 -2.29141917e-02 -3.44647244e-02 1.71429008e-01 -3.66048794e-03 1.05770245e-01 2.52469897e-01 7.02793673e-02 1.21003091e-02 1.18061751e-01 6.45995066e-02 1.68092862e-01 4.92561869e-02 3.41922976e-02 -2.54196599e-02 1.31559208e-01 -2.18702164e-02 4.25594598e-02 1.31474942e-01 1.19023040e-01 -2.33314559e-03 6.05901480e-02 -1.90696120e-02 -1.45472726e-02 1.75585657e-01 1.49727151e-01 1.18301421e-01 8.79314244e-02 -4.73384280e-03 -9.49504692e-03 -2.22206744e-03 1.21680036e-01 8.39455277e-02 4.25868109e-02 2.41312176e-01 1.51256412e-01 5.81744611e-02 -1.43937697e-03 1.92623392e-01 -2.95202397e-02 -1.05683617e-02 -1.64633468e-02 -2.00121999e-02 -4.56018820e-02 -3.72332428e-03 1.04796246e-01 1.40063893e-02 -4.82644979e-03 -5.87954279e-03 5.88224083e-02 9.97506157e-02 -1.82974711e-03 1.91572681e-02 -2.82647200e-02 -1.12299444e-02 -5.90663264e-03 -1.26001332e-03 2.22286627e-01 -8.39948840e-03 -2.84859147e-02 -5.61833242e-03 -3.34330350e-02 4.56973016e-02
4.76065651e-02 7.75317550e-02 4.28395756e-02 -1.21813361e-02 1.27538636e-01 3.49071175e-02 -1.67644881e-02 -1.34463161e-02 9.72128846e-03 -1.57700758e-02 1.06661014e-01 -1.22221103e-02 -3.40884142e-02 5.85948899e-02 -1.63022932e-02 -2.89714262e-02 3.67712602e-03 1.31766960e-01 -1.49969254e-02 1.69862419e-01 -2.22851709e-02 -2.28057001e-02 -1.43647790e-02 -3.44748907e-02 7.51776397e-02 -7.48810126e-03 -8.12440366e-03 -2.79729180e-02 -5.61995525e-03 8.11358690e-02 7.52027892e-03 -1.02888150e-02 -5.90069545e-03 4.08068001e-02 -1.45378534e-03 1.83967307e-01 1.34949788e-01 1.98576510e-01 1.97347514e-02 1.76670194e-01 2.59761102e-02 9.14475769e-02 1.22161627e-01 -3.20886001e-02 -1.24689275e-02 1.11449525e-01 6.24261536e-02 1.10298216e-01 6.90754876e-02 9.92557779e-02 1.53769433e-01 -2.21669972e-02 -1.27835916e-02 -4.11942601e-04 -4.68739122e-03 -4.32193242e-02 -5.12200594e-02 -1.28501514e-02 -8.14964622e-03 9.40698758e-02 -1.84366014e-02 5.25498837e-02 6.29768968e-02 3.37611288e-02 -1.78020634e-02 -3.65943648e-03 -3.04281227e-02 -3.45442295e-02 2.22146124e-01 -2.12601610e-02 1.97919831e-01 1.36899188e-01 1.11955665e-01 -5.34108095e-03 7.13567808e-02 6.21739849e-02 1.47757336e-01 -7.47043220e-03 -1.02235805e-02 -1.02889612e-02 7.56375864e-02 1.33308657e-02 2.71896720e-02 1.55974030e-02 7.25347102e-02 1.64235123e-02 -4.06939257e-03 -1.07149221e-03 -1.61511917e-02 -6.30171795e-04 1.26959160e-01 1.57418907e-01 9.72507745e-02 -7.58254062e-03 -2.21281685e-02 1.06973164e-02 5.10722585e-03 1.02897406e-01 2.75170933e-02 1.17123939e-01 1.39762297e-01 5.17221168e-03 -9.02843010e-03 2.41928175e-03 -1.46029498e-02 -7.23406952e-03 -1.95288584e-02 -2.44917907e-02 -4.33842093e-02 -5.73564740e-03 1.25216216e-01 2.99706236e-02 -7.21256761e-03 -2.00710539e-03 1.45744160e-01 8.29599798e-04 2.98376475e-02 -2.06284858e-02 -2.02676915e-02 -5.78770228e-03 -1.48661677e-02 -4.58707288e-03 2.65326947e-01 -1.43640023e-02 -1.45928673e-02 -2.35820375e-03 -1.34961074e-02 1.40055463e-01
1.70356277e-02 1.15140460e-01 -9.08511784e-03 -1.17859077e-02 1.86152831e-01 1.60428658e-01 -1.88676920e-02 -2.20238231e-02 1.79443374e-01 -9.71688144e-03 4.03313898e-03 -2.31100302e-02 -2.35618502e-02 -3.49329319e-04 -7.04449788e-03 -4.79730628e-02 5.46188504e-02 1.37956202e-01 -2.73826346e-02 4.82541889e-01 -6.84986077e-03 -3.95797342e-02 -1.75808638e-03 -4.93815634e-03 2.01315001e-01 -3.91858863e-03 -8.98411497e-03 -2.22316682e-02 -1.58028537e-03 5.87896518e-02 -1.10939308e-03 -2.07541790e-02 6.08870983e-02 -3.66947278e-02 -9.65747610e-03 -5.95071353e-03 3.62641104e-02 1.03494689e-01 1.99020542e-02 -1.77626759e-02 1.19044371e-02 1.61613345e-01 -3.30475345e-03 -3.09073683e-02 -2.06165807e-03 9.68719423e-02 -9.37478617e-05 9.55078378e-03 3.68236266e-02 2.01187357e-02 7.36037493e-02 -2.53372807e-02 -1.26043921e-02 8.85524005e-02 -1.51214711e-02 -4.16589193e-02 -3.20229121e-02 -8.18475336e-03 -1.46694016e-04 2.35982940e-01 -2.68488750e-02 4.81321067e-02 7.43984804e-02 -1.65611086e-03 1.51845161e-02 7.63129145e-02 -3.46984714e-02 -3.90260667e-02 2.04061419e-01 -5.00783287e-02 1.30869851e-01 4.32679094e-02 -2.25191750e-03 -6.22126367e-03 -1.53102074e-03 3.33789587e-02 -1.33081358e-02 6.97990060e-02 1.26764476e-01 2.51388960e-02 -8.29655491e-03 -1.12004150e-02 5.20247184e-02 6.46269023e-02 1.78457219e-02 -5.13114035e-04 -1.40183056e-02 1.13588311e-01 1.11161873e-01 -1.34962155e-02 4.29841988e-02 1.48277566e-01 1.31281279e-02 -1.51643101e-02 -7.58196227e-03 9.61782932e-02 -7.79846730e-03 1.55170858e-01 -1.72097646e-02 -7.52154179e-03 9.76693332e-02 -1.06231663e-02 -3.14913830e-03 -1.74720353e-03 -1.74282808e-02 7.22804107e-03 -2.87172981e-02 -2.57093478e-02 -4.64368463e-02 -1.19131897e-02 3.65975089e-02 1.17198087e-01 5.83654642e-02 -9.61352885e-03 1.38865069e-01 7.59325251e-02 1.28775835e-02 -4.05180342e-02 -2.38180496e-02 5.71813732e-02 -1.02232955e-02 3.19707394e-03 4.37944904e-02 -1.83700044e-02 -1.32639324e-02 -1.00170542e-02 -4.90736775e-03 2.65823752e-01
-2.08936539e-03 1.26030907e-01 -8.11094046e-03 -8.66947230e-03 1.59897089e-01 3.43244150e-03 -1.61644649e-02 -1.35627016e-02 9.04145688e-02 4.23265956e-02 1.70358419e-01 -1.48253264e-02 -2.60675326e-02 3.37035619e-02 -1.78531278e-02 -2.35755648e-02 -8.59014504e-03 1.12918846e-01 -2.51864698e-02 -5.99862076e-04 -2.65507102e-02 -2.36903895e-02 8.26215651e-03 -2.16423050e-02 9.85521078e-02 -1.01741850e-02 -1.67644471e-02 -2.60687880e-02 1.48615837e-01 7.34466761e-02 -1.46831675e-02 -3.64351831e-02 -5.39162662e-03 -8.26391578e-03 -6.14326820e-03 -1.35529321e-04 9.86267328e-02 1.85125142e-01 -6.73653465e-03 1.43708885e-01 -7.15995440e-03 -2.25293008e-03 6.38097227e-02 -8.15577805e-03 -2.35162452e-02 1.16099872e-01 -5.67558082e-03 1.06632173e-01 1.03811093e-01 6.84168041e-02 9.25333500e-02 -2.81042196e-02 6.81340918e-02 9.54850540e-02 3.08606364e-02 -3.86433266e-02 -4.70405854e-02 -1.93276200e-02 -1.44205280e-02 1.12247862e-01 -2.08545811e-02 -1.22892391e-03 2.78227180e-02 -6.12648670e-04 -2.07788646e-02 9.80770215e-03 -1.74998026e-02 -2.57921200e-02 2.12976024e-01 -1.34627726e-02 2.09367454e-01 8.77191126e-02 3.51258442e-02 6.77954108e-02 1.59078650e-02 4.01563942e-02 -5.57383057e-03 -3.06087371e-04 -7.72674289e-03 -1.17296465e-02 8.32371637e-02 -5.91915706e-03 5.11428118e-02 -4.12260182e-04 3.42386439e-02 -2.11632811e-04 -3.13993124e-03 -5.97195514e-03 -8.28772504e-03 5.99571876e-02 9.75443870e-02 1.74116969e-01 -1.16048697e-02 -1.22384811e-02 -1.72139108e-02 6.90045431e-02 -4.01669880e-03 -7.83282518e-03 6.41450956e-02 1.20958174e-02 1.90477595e-01 -1.50900930e-02 -4.34556464e-03 1.03576079e-01 -1.69052426e-02 -4.61481791e-03 -1.51514960e-02 -2.46614367e-02 -3.79616916e-02 -6.34110207e-03 7.30861202e-02 1.10655904e-01 2.58023776e-02 -7.32683903e-03 7.34024402e-03 8.81363153e-02 9.78583843e-03 -1.50377369e-02 -5.82531746e-03 -5.46761509e-03 -4.98499768e-03 7.86956400e-03 1.47628874e-01 -8.69792793e-03 -2.55765989e-02 1.53954804e-01 -2.11242177e-02 2.68001687e-02
-1.46174012e-03 5.55853620e-02 -1.82669051e-03 6.36748523e-02 -2.58632796e-03 4.96340171e-03 6.17445931e-02 -8.17464571e-03 3.47287357e-02 -2.68766331e-03 8.83476660e-02 -5.61068626e-03 -2.04115305e-02 4.44217399e-02 -3.63306631e-03 -1.05680097e-02 -5.17879892e-03 7.62513727e-02 -8.78162682e-04 -1.05091911e-02 -2.59848200e-02 -1.79990269e-02 -3.98459053e-03 -9.11789015e-03 1.54593930e-01 -9.81107354e-03 2.41724048e-02 -2.23231874e-02 1.01171359e-01 8.98519754e-02 -1.40196262e-02 -1.74993258e-02 -8.29663221e-03 -1.40009327e-02 -1.22500234e-04 1.67294778e-02 6.01614527e-02 1.22145340e-01 -1.07152183e-02 2.58591734e-02 -1.41595993e-02 -8.85308348e-03 -7.95426127e-03 -1.89788304e-02 -1.33183049e-02 9.60661247e-02 3.11866514e-02 3.27372812e-02 -2.43330980e-03 6.12790473e-02 5.51391393e-02 -8.22697114e-03 1.02339782e-01 -5.22349961e-04 1.57622024e-02 -3.13883051e-02 -3.71290445e-02 -1.40542127e-02 -1.78116991e-03 2.37658061e-02 -3.43399541e-03 -3.56936827e-03 5.65796793e-02 7.24156350e-02 -1.66209973e-02 -1.32235307e-02 -6.29786635e-03 -2.59394757e-02 7.61231408e-02 1.81223415e-02 5.21858446e-02 4.82567288e-02 2.19528060e-02 -4.91853897e-03 7.68093169e-02 1.40645012e-01 3.20054963e-02 4.07423358e-03 -2.25768331e-03 -9.22316965e-03 1.55211255e-01 1.02694996e-01 -2.16527842e-05 5.27452417e-02 3.22521105e-02 4.85155769e-02 -2.97600357e-03 -3.79678234e-03 -1.66135542e-02 -7.49343249e-04 4.74593453e-02 7.60757402e-02 -4.84470837e-03 -5.16960397e-03 -3.87646211e-03 1.67275630e-02 -2.76147854e-03 -3.92200705e-03 7.01976269e-02 5.54291457e-02 4.86673862e-02 -1.09247416e-02 -1.35454200e-02 -4.69826628e-04 2.46157404e-03 -4.51243063e-03 3.63013670e-02 -1.38597200e-02 -2.99664792e-02 -6.03598403e-03 -6.56075776e-04 5.73336855e-02 -3.29526048e-03 1.90868713e-02 -3.76359327e-04 9.03237984e-03 1.40848309e-02 4.25307155e-02 -1.51164085e-02 -7.05536827e-03 -4.95020300e-04 -7.13138748e-03 1.88649312e-01 -7.15090195e-03 -1.63423400e-02 1.28576636e-01 -3.32289748e-03 -5.50273154e-03
1.09325379e-01 6.67844787e-02 1.17581338e-01 -7.94622395e-03 2.09794492e-02 -2.00276962e-03 7.88272098e-02 4.79421727e-02 7.55627640e-03 -1.94483660e-02 6.87050074e-02 -2.87596956e-02 -2.25055106e-02 -1.58728771e-02 3.05509940e-02 -3.45082395e-02 1.20616369e-01 -7.54112937e-03 6.47681206e-03 -2.21753423e-03 -3.35640311e-02 -4.50601764e-02 -1.02450019e-02 -8.87542870e-03 1.65711746e-01 -2.78814975e-03 2.53006965e-02 -1.63073577e-02 6.03544675e-02 1.36787489e-01 -7.93924741e-03 -6.70774886e-03 -7.39435852e-03 -1.44025227e-02 1.58684514e-03 -1.74480770e-03 3.98569778e-02 2.86537230e-01 1.20287128e-02 4.21026796e-02 -1.36665795e-02 2.59105824e-02 7.12551922e-02 -5.51759824e-03 -6.41351473e-03 3.37263703e-01 2.36620102e-02 -2.10151216e-03 3.18027176e-02 7.43630156e-02 9.56519693e-02 -2.08638236e-02 -2.05331817e-02 -1.36747546e-02 7.36200958e-02 -3.41331363e-02 -4.22961935e-02 -2.46946383e-02 -1.75791327e-04 8.34664777e-02 -2.71441154e-02 1.72052346e-02 7.64915496e-02 -1.75492372e-04 -1.22099314e-02 -1.07587520e-02 -1.18773887e-02 -2.46912055e-02 1.02902018e-01 -3.67011391e-02 1.04408026e-01 -4.99326084e-03 -1.46205421e-03 -4.97267395e-03 1.94726974e-01 2.00985074e-01 -3.44918692e-04 4.08782071e-05 7.99988955e-02 -3.41206184e-03 8.04727823e-02 2.90603936e-01 9.18030292e-02 2.12900247e-02 3.84720042e-02 6.64076209e-02 -1.06450021e-02 4.56842221e-03 -2.07455475e-02 4.99947108e-02 3.96060087e-02 1.02938361e-01 3.90653387e-02 -4.00212361e-03 -1.72699206e-02 -2.04928871e-03 1.77362375e-03 -2.27189902e-03 5.52428737e-02 -1.30568752e-02 -3.52694653e-03 5.35503812e-02 -2.56493092e-02 1.73412748e-02 1.40606463e-01 1.20554138e-02 1.45206332e-01 -1.77555867e-02 -3.22366208e-02 -6.15781546e-03 -3.68630746e-03 -3.09575954e-03 -1.84179749e-02 8.82589817e-02 4.09139507e-02 1.47758797e-02 1.02090925e-01 -2.56686881e-02 -2.72960924e-02 -9.95621923e-03 5.22933416e-02 -9.31244716e-03 1.78870186e-01 -5.59855253e-05 -1.32261543e-02 -2.18727719e-03 5.80523200e-02 1.12087272e-01
1.68271944e-01 2.44770870e-01 8.95792767e-02 -2.35089846e-02 2.09495708e-01 4.40292686e-01 2.10740015e-01 -5.63451555e-03 -1.79547805e-03 -4.67797033e-02 -2.07159705e-02 -6.13197833e-02 -5.37220873e-02 -1.29911313e-02 -3.98500301e-02 1.62215769e-01 -1.76380035e-02 2.33732611e-02 -3.36338878e-02 -8.50166567e-03 -2.14320552e-02 -1.62428766e-02 5.29494137e-02 -2.82460898e-02 -1.23638483e-02 -8.75170529e-03 8.54265913e-02 2.92692631e-02 -1.72653645e-02 7.34304637e-02 -3.66941392e-02 -5.85779026e-02 -9.91342124e-03 3.03099304e-02 1.75565649e-02 -1.09534971e-02 1.41743675e-01 -2.20966525e-02 -9.46296006e-03 6.49386942e-02 -1.56773385e-02 -1.22551313e-02 -4.50360999e-02 -9.55676939e-03 -3.42260413e-02 3.43567804e-02 -2.53676530e-02 9.40578356e-02 -3.27287205e-02 -1.28702624e-02 1.10404924e-01 1.27671137e-01 2.07033336e-01 -4.73001264e-02 5.55657968e-02 -2.95682400e-02 2.77774595e-03 4.18746844e-02 -1.23094413e-02 -1.14276092e-02 2.80151874e-01 1.33595958e-01 1.27883792e-01 1.39054522e-01 2.39160936e-02 3.11252810e-02 1.42854780e-01 -3.56275067e-02 1.37696087e-01 -1.28139518e-02 -6.55795448e-05 2.72576511e-01 7.15079457e-02 -1.31499460e-02 -9.75241698e-03 -7.86922965e-03 -8.53221864e-03 4.67160046e-02 4.44516353e-02 -4.86354604e-02 2.75232583e-01 -3.37248631e-02 8.85385573e-02 2.60684043e-02 1.75258324e-01 -4.19542193e-03 1.36339396e-01 -8.42026435e-03 -2.41543259e-02 3.13242495e-01 1.22946091e-01 -2.58543938e-02 -4.61782254e-02 3.42231244e-03 -2.87619494e-02 -1.30577451e-02 5.59724011e-02 -3.17436978e-02 3.53936732e-01 4.47214663e-01 3.38669062e-01 -3.19558792e-02 1.38268083e-01 2.15618312e-03 3.35342735e-02 -1.80728789e-02 1.43897474e-01 -5.87695139e-03 -5.48804477e-02 -7.73047470e-03 1.71161354e-01 1.19541347e-01 -6.07212707e-02 -2.02586055e-02 -1.20728556e-02 7.35610351e-02 -1.06092598e-02 -3.16703990e-02 -5.92628261e-03 -1.58254355e-02 -1.65574672e-03 -1.78281404e-02 2.04325154e-01 -2.17026677e-02 -3.60121578e-02 -5.23037650e-03 -3.34084406e-02 1.17267378e-01
-8.13751481e-03 -8.37546587e-03 -4.92407940e-04 -2.59115677e-02 4.39853221e-03 3.09430361e-02 -4.84283790e-02 -3.57055925e-02 7.39585757e-02 2.23962769e-01 -1.28742158e-02 -2.82485299e-02 -2.74424441e-02 1.54170990e-01 -1.82232391e-02 -1.17831687e-02 -5.90461120e-03 1.09461576e-01 4.62577567e-02 -3.81989814e-02 9.16478112e-02 -8.71750619e-03 -8.40962399e-03 -2.56888680e-02 -1.59598445e-03 -4.28670552e-03 -2.74863970e-02 -2.58764382e-02 -2.08954252e-02 -5.19965868e-03 -3.51762725e-03 -8.57510231e-03 -1.03543447e-02 -5.21870283e-03 9.77572240e-03 5.02567925e-02 5.56386821e-02 9.49514210e-02 2.31208540e-02 6.78444803e-02 -8.13140441e-03 -2.07320955e-02 2.65334062e-02 1.84094049e-02 -8.38288758e-03 -1.78656317e-02 5.40693067e-02 -8.54448043e-03 -4.02519898e-03 2.22832650e-01 1.26761168e-01 -1.82868913e-02 -9.10885725e-03 1.44284174e-01 1.24029726e-01 5.67203909e-02 -3.06887794e-02 -3.50487977e-02 -7.59372255e-03 7.81502724e-02 -3.24673578e-02 -1.42790945e-02 -1.37883937e-03 7.55814761e-02 2.31757034e-02 1.11262083e-01 -1.41850412e-02 -2.04968601e-02 2.41672561e-01 -8.75584688e-03 1.29750460e-01 1.36470303e-01 -1.18361891e-03 1.12868860e-01 -1.13979541e-03 -2.72330991e-03 -1.00190938e-02 -2.24233750e-04 -7.33247027e-03 -2.46945806e-02 1.98244616e-01 -3.97313833e-02 -1.69454096e-03 3.11119743e-02 1.56039938e-01 -6.14085793e-03 -3.27238627e-03 -1.47026675e-02 -6.86487975e-03 2.98740357e-01 2.04214126e-01 2.76536316e-01 1.14693999e-01 3.65405902e-03 2.08594855e-02 -1.26508530e-03 8.75705481e-02 3.72776911e-02 -3.13351722e-03 1.49544060e-01 7.31846839e-02 -7.47563783e-03 1.75220259e-02 3.25407684e-01 -5.36710732e-02 -1.15125868e-02 -4.02233228e-02 -3.13216858e-02 -3.31200473e-02 -1.10883927e-02 -1.28989946e-02 9.97948050e-02 2.34185457e-02 -2.12614648e-02 3.59307416e-02 1.80455804e-01 8.65007862e-02 -2.46680574e-04 -7.08192401e-03 -7.61094503e-03 9.54110175e-04 -3.13587952e-03 1.13618128e-01 -1.21579301e-02 -2.11849846e-02 -2.05197632e-02 -2.86204554e-02 -1.14121325e-02
6.79687783e-03 1.31728113e-01 2.85349991e-02 -3.96490134e-02 1.01095185e-01 2.25264505e-02 -3.16612460e-02 -1.54259242e-02 2.65872419e-01 -2.76591778e-02 -3.17057571e-03 -4.32734042e-02 -2.98246332e-02 -1.69307739e-02 -3.04426383e-02 -4.44824435e-02 1.12720497e-01 1.85008824e-01 -4.54473980e-02 5.06133020e-01 -1.57701261e-02 -4.92694937e-02 -5.22159599e-03 -1.71713866e-02 1.44873336e-01 4.18255962e-02 -9.78475809e-03 -2.24791653e-02 -2.08365768e-02 9.49206203e-02 -2.01987345e-02 -3.49980034e-02 -1.77663751e-03 -4.26335782e-02 -1.23625230e-02 -6.50056172e-04 -3.79969319e-03 1.17282800e-01 5.24784811e-02 -2.11218670e-02 4.88071926e-02 3.81681949e-01 -2.74319248e-03 -4.80434299e-02 -7.91099574e-03 5.17102219e-02 -4.19189408e-03 1.66458264e-02 -5.47187636e-03 -9.62727703e-04 1.08900174e-01 -2.19938885e-02 -2.80479006e-02 8.63343775e-02 -5.10224793e-03 -5.19818142e-02 -3.18353698e-02 -3.56149278e-04 3.37862559e-02 2.31417134e-01 -3.99408825e-02 9.89043117e-02 1.24340020e-01 -3.40705318e-03 -5.22044767e-03 4.67005186e-02 -8.31116512e-02 -4.65694964e-02 1.42924488e-01 -6.11483939e-02 1.46189302e-01 1.88482061e-01 -1.69148797e-03 -1.64623410e-02 -1.56407636e-02 5.54167405e-02 -1.14868255e-02 9.52560753e-02 -4.26414516e-03 1.60247043e-01 -2.95535829e-02 -2.02250183e-02 6.96053505e-02 -4.72506275e-03 1.28038496e-01 1.06265597e-01 -8.48423690e-03 1.08301163e-01 1.06220767e-01 -3.66129205e-02 -7.72316800e-03 1.34954572e-01 -5.67327812e-03 -2.52396893e-02 -1.48396799e-02 3.92504930e-02 -2.28578951e-02 2.70978779e-01 -3.26361470e-02 1.61812559e-01 1.85256466e-01 6.47294670e-02 -6.73721032e-03 -6.32528681e-04 -1.44856498e-02 -6.79044425e-03 -5.15045337e-02 -2.84639671e-02 -5.37618399e-02 -2.08433941e-02 3.89648825e-02 6.02938160e-02 -1.63093843e-02 -1.40536446e-02 4.10067111e-01 5.58415167e-02 3.90446968e-02 -5.27111888e-02 -1.65958963e-02 -4.79452219e-03 -1.43859424e-02 -1.82191934e-02 9.45133641e-02 -2.42822319e-02 -1.60606205e-02 -3.70743428e-03 -2.59920303e-03 3.67621422e-01
3.38074155e-02 1.30739480e-01 -9.19269305e-03 -1.94989238e-02 7.93760419e-02 7.31245950e-02 1.96997166e-01 1.80996601e-02 7.34228119e-02 -1.74190458e-02 -2.40490842e-03 -4.04552631e-02 -1.94438975e-02 -4.77231108e-03 -4.72683413e-03 -1.73059702e-02 -5.72846830e-03 -2.57093832e-03 5.07247448e-03 -7.15108961e-03 -1.99267324e-02 -3.62926424e-02 -1.05712069e-02 -1.11806775e-02 6.32377565e-02 -7.90851889e-04 -5.68182394e-03 -2.76790280e-03 -1.05232503e-02 6.06642179e-02 -7.36687472e-03 -9.83440597e-03 2.05745548e-02 -1.93534698e-02 -1.81538577e-03 -1.40284467e-02 -6.23248983e-04 1.37430191e-01 -1.04256226e-02 -1.31730232e-02 -1.88674517e-02 -6.94472482e-03 -2.35429984e-02 6.50993586e-02 -1.36934342e-02 3.32169771e-01 -4.59716795e-03 -1.44809019e-05 -8.16314109e-03 6.83532506e-02 1.00342020e-01 -6.41049165e-03 -2.62467749e-03 -1.20759476e-02 1.01905167e-01 -2.85169818e-02 -1.16055021e-02 -8.59599467e-03 -6.35297783e-03 4.74277288e-02 -5.90301957e-03 -4.08869283e-03 4.47281338e-02 -2.92473519e-03 2.55667213e-02 -3.04272049e-03 -2.72691436e-03 -1.59349591e-02 1.94375753e-01 -2.93012857e-02 9.80968624e-02 4.97010984e-02 -2.83616874e-03 -1.19270114e-02 -5.70225576e-03 2.02946030e-02 -1.99270658e-02 4.16557938e-02 -2.06262851e-03 -9.63411480e-03 6.79875016e-02 1.59147397e-01 1.14414103e-01 -8.82259756e-03 8.04774836e-02 8.44977200e-02 -7.79582141e-03 6.09411299e-03 -1.81058105e-02 6.44278377e-02 8.91148113e-04 7.81453550e-02 -1.16830450e-02 -3.20803584e-03 -5.47490036e-03 -9.43756313e-04 -1.14405956e-02 -1.31677343e-02 1.17474906e-01 -4.71903663e-03 -6.47949427e-03 -1.40230060e-02 -9.97409970e-03 4.95144352e-02 4.48546410e-02 -9.83937271e-03 6.68892786e-02 -1.52722253e-02 -4.15614471e-02 -8.61354452e-03 -1.08873751e-02 1.62218049e-01 -2.43644435e-02 -1.27119781e-03 -6.56414684e-03 3.48887891e-02 7.40845874e-02 -1.98649913e-02 -5.22342417e-03 -1.10150250e-02 -8.54149926e-04 -1.50822867e-02 3.96324880e-02 -9.95595194e-03 -1.03793945e-02 -8.10930878e-03 4.06576321e-02 2.87322719e-02
4.08057608e-02 3.89457904e-02 -1.98141132e-02 -7.74544943e-03 2.02223435e-01 -9.60822403e-03 4.51853387e-02 -7.56970141e-03 4.38891351e-02 -4.84325457e-03 -1.79645084e-02 -1.37012433e-02 -1.11512719e-02 8.26459974e-02 -1.33504551e-02 -1.55170392e-02 -2.64082905e-02 6.41297176e-03 -9.72767174e-03 -5.48263313e-03 -4.39105742e-03 -2.33335476e-02 2.08993293e-02 -3.46332323e-03 7.94974044e-02 -1.28164887e-03 2.74519138e-02 -7.40960240e-03 -6.72542956e-03 -5.55169303e-03 -1.55495889e-02 -2.03530081e-02 -5.27543481e-04 -3.09178466e-03 5.82849942e-02 -2.17809062e-02 1.30752437e-02 1.51915446e-01 -7.67143536e-03 -1.36641059e-02 -2.28467211e-02 -7.80685712e-03 -2.95471624e-02 1.63964368e-02 -1.05249183e-02 1.84378639e-01 -2.91604381e-02 -2.15168414e-03 -1.02075683e-02 5.27307503e-02 8.16823989e-02 -1.17482236e-02 6.60937876e-02 1.55891374e-01 2.00396217e-02 -9.71795898e-03 -6.75268588e-04 -1.32545419e-02 -7.59068551e-03 6.72059283e-02 -5.36123849e-03 -8.61876272e-03 4.37540598e-02 4.87300642e-02 6.66477308e-02 -9.80732590e-03 -4.66525555e-03 -1.13466019e-02 1.42163157e-01 -6.41176477e-03 -4.27091634e-03 -2.66696280e-03 -7.83399399e-03 -7.73982890e-03 -4.37109219e-03 -1.28969578e-02 -3.18322442e-02 -1.02156308e-03 3.69587988e-02 7.26402923e-03 6.09575249e-02 9.11896825e-02 4.13562357e-02 -6.62252540e-03 8.28780010e-02 1.93867385e-01 -1.43404817e-04 -4.77188267e-03 -4.84740455e-03 -3.51272919e-03 -5.91560081e-03 -4.44139261e-03 -3.06508727e-02 -1.18181836e-02 -3.28857126e-03 -3.29873641e-04 -4.11725370e-03 -1.58437341e-02 2.06275899e-02 -9.74553730e-03 5.59938550e-02 -1.86494067e-02 7.17688203e-02 4.87847179e-02 3.97456288e-02 -2.22467352e-02 1.23303682e-02 -9.25295334e-03 -2.70501580e-02 4.15523350e-03 -3.98436747e-03 7.33025968e-02 2.26622932e-02 -1.95129625e-02 1.30079733e-02 2.43775584e-02 2.51046959e-02 3.95349506e-03 -1.96569925e-03 -1.37873003e-02 2.52630655e-02 -2.17944942e-03 -3.38954409e-03 -1.00530721e-02 -1.10894144e-02 -1.25212241e-02 4.08096239e-03 -1.07323693e-03
-1.27453636e-03 -1.48348045e-04 -5.12238126e-03 -1.83867523e-03 1.21432275e-01 3.47942531e-01 -8.63559693e-02 -4.86860797e-02 2.71164682e-02 3.81102502e-01 -2.15809569e-02 -1.76809523e-02 -2.13056616e-02 3.13855082e-01 -1.18617332e-02 -3.29015777e-02 -4.19771206e-03 2.44247943e-01 -2.33805878e-03 -2.61045564e-02 3.04847173e-02 -4.71118558e-03 -7.77057000e-03 1.12994686e-02 3.61469574e-02 -7.29022827e-03 -3.39194648e-02 -2.58126557e-02 -1.69378370e-02 -2.07168562e-03 -4.42465302e-03 -1.54374437e-02 -4.28511761e-03 -1.51239447e-02 -4.78362478e-03 -9.45106614e-04 4.39408347e-02 4.19545993e-02 1.03117093e-01 -1.36849592e-02 5.10680787e-02 -3.68356667e-02 3.94590758e-02 1.16410509e-01 -1.10056018e-02 -3.35648172e-02 -5.59731619e-03 -7.43980752e-03 -1.89748569e-03 2.13490695e-01 8.74430835e-02 -3.04666124e-02 -3.23980395e-03 2.10706487e-01 -1.55256968e-02 1.07081749e-01 -2.28557959e-02 -2.78044436e-02 -1.44476686e-02 1.45857483e-01 -2.22878475e-02 -9.87076201e-03 5.45330644e-02 8.54666233e-02 1.33158490e-01 2.32416034e-01 1.88132584e-01 -2.26517897e-02 2.93416262e-01 -3.23458314e-02 1.26948819e-01 -1.06620714e-02 7.19583109e-02 1.84480190e-01 5.08677214e-04 -5.38987480e-03 -4.47040889e-03 7.43032396e-02 1.46132961e-01 -4.03607115e-02 3.09169561e-01 -6.12250604e-02 7.69428611e-02 1.38698384e-01 4.29487675e-02 -2.30450965e-02 -1.96780311e-04 -9.48451739e-03 2.75480263e-02 4.35608387e-01 4.08499956e-01 3.67024988e-01 5.18460646e-02 -7.32393144e-03 3.09403427e-02 5.13962656e-03 7.61000067e-02 -1.71867181e-02 -7.07679335e-03 -1.40826013e-02 1.52133048e-01 -1.37220137e-02 1.37732476e-01 3.53406787e-01 -7.46228099e-02 -6.16612379e-03 -3.33494507e-02 -3.81678864e-02 -4.00590599e-02 -2.91990745e-03 -6.87250076e-03 2.03656793e-01 3.15123498e-01 -3.21075059e-02 -2.31697373e-02 2.37914771e-01 3.02764792e-02 -3.18969553e-03 -1.90452971e-02 2.20827639e-01 -1.12233125e-03 9.68141109e-02 -2.55091768e-03 -1.81027092e-02 -2.57136524e-02 -2.49796696e-02 -4.31227200e-02 8.51221010e-02
2.51002833e-02 7.90751055e-02 9.40405652e-02 -8.13066121e-03 1.89746648e-01 4.38848659e-02 -3.05238608e-02 -1.40038989e-02 -1.24715269e-04 -1.52513795e-02 1.11660160e-01 -2.70679332e-02 -3.38546112e-02 -1.92230614e-03 -3.78102250e-02 -2.73299180e-02 1.82328802e-02 1.64931744e-01 -4.53747027e-02 1.92793205e-01 -3.89790051e-02 -2.21556947e-02 -6.86218729e-03 -2.51482539e-02 5.66892475e-02 -6.80166110e-03 -1.97934103e-03 -2.96217576e-02 4.84506041e-03 5.86615913e-02 -2.11096499e-02 -4.19890061e-02 -4.54548094e-03 -1.48848183e-02 9.42071341e-03 8.04394931e-02 1.35566369e-01 1.92895144e-01 3.97969782e-03 1.69253021e-01 8.81372094e-02 1.65631041e-01 1.50185138e-01 -3.13633047e-02 -2.74260305e-02 1.57633536e-02 -1.09394435e-02 1.39665484e-01 -5.17545443e-04 4.95934561e-02 1.43734708e-01 -2.73017921e-02 -1.34626701e-02 8.67048204e-02 3.95492613e-02 -5.07802889e-02 -4.97628823e-02 -1.34836901e-02 -8.00624117e-03 1.10872500e-01 -2.71118619e-02 3.94650698e-02 3.27016972e-02 2.26049535e-02 -1.70780309e-02 1.41055174e-02 -4.71607745e-02 -3.23988870e-02 2.02922404e-01 -3.00993118e-02 1.92464620e-01 1.97662458e-01 8.53565410e-02 8.32629949e-03 1.17351152e-02 -1.22933439e-03 1.82219297e-01 1.28212734e-04 6.89292327e-03 3.06020677e-03 2.54104584e-02 -1.62833910e-02 9.01751518e-02 3.13906893e-02 6.07719272e-02 4.61300164e-02 1.36820776e-02 -5.49904071e-04 -1.64176635e-02 -2.33124453e-03 1.20445445e-01 1.69634044e-01 -1.65665448e-02 -1.28204189e-02 -2.92284526e-02 -2.03226856e-03 2.11664103e-02 -1.42080337e-03 -2.80848751e-03 2.16550589e-01 2.97693431e-01 7.10852668e-02 -4.02181735e-03 7.51000270e-02 -1.98048931e-02 -9.48041584e-03 -3.57214771e-02 -2.73418091e-02 -4.26786914e-02 -1.70690641e-02 1.37710035e-01 6.47772551e-02 -1.40157798e-02 -1.34158116e-02 1.59459248e-01 3.82482633e-02 1.17736533e-02 -2.78395396e-02 -2.38077193e-02 -1.08123710e-03 -1.04496405e-02 -1.37306331e-02 2.79292375e-01 -1.30002610e-02 -2.64125522e-02 7.44631365e-02 -3.02356444e-02 1.78732887e-01
4.73738164e-02 1.12958334e-01 -2.48689856e-03 -6.39998761e-04 1.67249084e-01 2.61431873e-01 1.87373832e-01 -5.09331981e-03 2.46257652e-02 -2.58948542e-02 1.53376944e-02 -2.90604718e-02 -2.70185526e-02 1.81177575e-02 -3.03822439e-02 -1.07840914e-02 -1.40077425e-02 1.08183466e-01 -2.58415267e-02 1.58528760e-01 -2.19119526e-02 -1.18729575e-02 -9.61900223e-03 -7.55651575e-03 4.71567437e-02 -3.50897014e-03 2.18335539e-02 -1.26875881e-02 -9.66103841e-03 5.12502529e-02 -2.61504129e-02 -3.73683125e-02 2.94894949e-02 -1.05680255e-02 -1.03302125e-03 2.00869627e-02 1.46054223e-01 4.67814282e-02 -9.76744946e-03 -5.70398010e-03 -5.71532967e-03 -1.53029198e-03 -2.06512902e-02 -1.76710244e-02 -2.63245367e-02 1.27717733e-01 -5.01625845e-03 1.14089385e-01 -1.08522307e-02 1.28169730e-02 1.00238293e-01 -1.17232301e-03 8.06743726e-02 -1.76460780e-02 -1.46615924e-03 -5.12942076e-02 -8.51231627e-03 5.99633679e-02 -1.05879670e-02 -3.33751831e-03 1.19129308e-01 -2.09848653e-03 -4.11389396e-04 5.47999591e-02 -2.53548380e-03 1.85310319e-02 -1.15858028e-02 -1.90820042e-02 1.71395048e-01 -2.65590306e-02 6.60334826e-02 1.32785141e-01 1.29064471e-01 -9.74957179e-03 -1.08539816e-02 -5.25948964e-03 1.38511419e-01 3.08597460e-02 -1.23997359e-03 -1.55101456e-02 1.54158652e-01 -1.29000330e-03 3.45047489e-02 7.08030239e-02 1.40853897e-02 -4.20631282e-03 -2.10149796e-04 2.04949416e-02 -1.37904501e-02 9.70672742e-02 9.24548134e-02 -4.73953132e-03 -3.19909975e-02 -5.79066621e-03 -1.96174420e-02 -6.25114003e-03 1.01945214e-02 -2.08319817e-02 1.37805670e-01 1.57716736e-01 2.46122882e-01 -4.60200710e-04 4.81368639e-02 -1.48366718e-03 -5.34813292e-03 -7.09568895e-03 -1.11973844e-03 -1.14904474e-02 -4.82285097e-02 -1.40826581e-02 1.19194970e-01 1.61907673e-01 -3.01641617e-02 -1.70527697e-02 -5.13185048e-03 5.07781282e-03 -7.02292938e-03 -2.45040357e-02 -1.46343028e-02 7.62971416e-02 -1.15665495e-02 -1.27300108e-02 1.38091698e-01 -1.51146185e-02 -4.90547623e-03 7.32143149e-02 -1.77164078e-02 8.29975829e-02
3.77308428e-02 1.03767052e-01 -1.25198998e-02 -2.60424055e-03 1.29213497e-01 2.16932833e-01 2.81490654e-01 -5.44533785e-03 7.75258094e-02 -2.39947699e-02 -6.74270932e-03 -2.26491205e-02 -2.07642466e-02 1.14617851e-02 -2.21671294e-02 6.56557009e-02 -2.41302345e-02 9.78699028e-02 -1.16373990e-02 -1.31140351e-02 -1.48668559e-02 9.09475610e-03 3.51856239e-02 -4.41503711e-03 1.31444633e-01 -1.18384673e-03 7.07769394e-02 -4.42064879e-03 -1.14567988e-02 5.92558831e-03 -3.09857298e-02 -3.21341455e-02 5.22943512e-02 3.88149545e-02 1.52568473e-02 -5.17068617e-03 8.38081241e-02 2.21143067e-02 -1.50512625e-02 -7.21769035e-03 -1.99855231e-02 -1.84504464e-02 -2.45419256e-02 -1.34213716e-02 -2.30716616e-02 1.39162302e-01 -1.62997823e-02 8.55136141e-02 -1.73987132e-02 9.78785753e-03 1.33925810e-01 1.31974127e-02 2.21344784e-01 -1.49541292e-02 2.69753933e-02 -3.90449204e-02 -2.64863693e-03 7.15667605e-02 -3.57642770e-03 4.16623838e-02 8.74481425e-02 -4.56819776e-04 4.98616807e-02 3.29194888e-02 -3.10533354e-03 -5.17616933e-03 1.64847940e-01 -1.96300671e-02 1.03660367e-01 -5.52632846e-05 -1.18869706e-03 8.89392942e-02 7.87197985e-03 -1.15281818e-02 -8.35020468e-03 -1.05245281e-02 -4.63840738e-03 5.81563897e-02 -8.71500652e-03 -1.42715313e-02 1.85415715e-01 -7.36854179e-03 1.61270611e-02 7.55169988e-02 7.36067146e-02 -4.18348424e-03 -1.99475256e-03 1.45607498e-02 -1.72600988e-02 1.22128099e-01 4.47664335e-02 -1.37817832e-02 -4.41036150e-02 -1.93768321e-03 -2.18311604e-03 -9.31697246e-03 -1.08203851e-02 -2.62900610e-02 1.44266531e-01 7.48106390e-02 2.15381160e-01 -1.98791772e-02 1.40676796e-01 -6.90888660e-03 9.90473665e-04 -1.51816569e-02 1.11131877e-01 -2.45670509e-03 -3.57038379e-02 -4.30889474e-03 7.71871805e-02 1.24614000e-01 -2.58006770e-02 -2.06794050e-02 -1.84755661e-02 -1.08592212e-04 -5.39887603e-03 -8.53273459e-03 4.47389483e-03 -1.92387030e-04 -6.69470197e-03 8.68214667e-03 7.78390765e-02 -1.17131192e-02 -5.62479440e-03 9.30184647e-02 -9.39773396e-03 -1.30355451e-03
1.04971394e-01 1.39785662e-01 3.81592661e-02 -4.00971584e-02 1.61504686e-01 5.68494573e-02 8.88922140e-02 -2.74743559e-03 6.71810955e-02 -2.47770939e-02 7.77979121e-02 -4.52633761e-02 -2.80028675e-02 -8.75894353e-03 -3.27967219e-02 -1.65752061e-02 -6.80925790e-03 2.87773050e-02 -1.83940046e-02 -6.90267142e-03 -1.57538131e-02 -3.08070071e-02 -1.30784581e-03 -3.35463434e-02 5.80977723e-02 2.54810937e-02 -2.04892512e-02 -1.37673672e-02 -1.76518783e-02 2.39099748e-02 -2.70433202e-02 -3.35076824e-02 -9.52840969e-03 1.22685000e-01 -2.90369289e-03 -6.00145711e-03 6.45768344e-02 1.99478924e-01 -8.86393711e-04 1.11285411e-01 -1.24485474e-02 -3.92927835e-03 4.14938517e-02 -4.93802316e-03 -2.94368975e-02 2.89968073e-01 -1.92763675e-02 9.52527523e-02 4.56672274e-02 1.07634261e-01 1.20555565e-01 -1.80362631e-02 -1.32717602e-02 -1.03997048e-02 5.75783327e-02 -2.57762149e-02 -1.93499457e-02 -1.63237657e-02 -1.36510013e-02 3.65238115e-02 -1.72993317e-02 7.50414282e-03 7.12828115e-02 2.47236453e-02 -8.09436385e-03 -4.11400991e-03 -1.21646682e-02 -2.31015142e-02 1.90996245e-01 -2.73674317e-02 1.60891652e-01 4.10730690e-02 -4.95536719e-03 -4.68504382e-03 -6.67194603e-03 1.46556180e-03 -9.83637385e-03 -3.09891510e-03 -2.41106451e-02 -1.42715871e-02 7.77520612e-02 1.82323560e-01 9.97276306e-02 -1.40846316e-02 1.09554693e-01 1.04654275e-01 -2.18101265e-03 -3.15287663e-03 -1.84699185e-02 1.12372242e-01 7.50031546e-02 5.79893515e-02 -2.01006159e-02 -6.55189157e-03 -1.58306547e-02 -5.54612139e-03 -6.69876905e-03 -1.47112077e-02 1.17526971e-01 -3.31280637e-03 2.23967478e-01 1.57096423e-02 4.49496768e-02 3.74991745e-02 -2.27263477e-03 -1.36456415e-02 -1.61467027e-03 -2.24909168e-02 -3.63419205e-02 -4.56409715e-03 3.98342907e-02 6.08015470e-02 -2.61499286e-02 -1.94884744e-02 5.28267398e-02 5.47364801e-02 4.12994251e-02 -3.25934403e-02 3.95728275e-02 -9.89312399e-03 -3.28558823e-03 -6.77905791e-03 1.40607238e-01 -1.24635305e-02 -1.70434266e-02 -3.44470749e-03 -8.79385509e-03 6.48941472e-02
1.23049453e-01 2.00160891e-01 2.90575493e-02 -3.31018344e-02 1.79685667e-01 3.82104337e-01 -4.22683544e-02 -2.14143787e-02 1.13799520e-01 1.48960799e-01 -2.13939650e-03 -9.45859123e-03 -1.24671794e-02 1.26906693e-01 -7.86232390e-03 -2.43821070e-02 -1.68827828e-04 2.10940570e-01 -8.30906257e-03 9.05242413e-02 2.73149535e-02 -1.75927859e-02 -4.38012648e-05 -1.94416419e-02 7.65683800e-02 1.35054514e-02 -4.13615666e-02 -2.73961201e-02 -1.70311574e-02 -7.53765460e-04 -4.81556449e-03 -1.08918082e-02 -3.40681104e-03 9.17927772e-02 -1.63896624e-02 7.19925016e-02 1.03168592e-01 9.25045460e-02 1.49851352e-01 -2.80232448e-03 1.66339837e-02 -1.42595191e-02 1.09261230e-01 -1.76647678e-02 -1.70869268e-02 7.87400380e-02 5.45573682e-02 1.08092159e-01 8.59256014e-02 3.70627120e-02 5.12629189e-02 -1.55098466e-02 -1.89394001e-02 3.79605331e-02 -2.17867736e-02 3.32101732e-02 -2.38885451e-02 -1.67603493e-02 -1.02991089e-02 1.18252210e-01 -2.50938050e-02 4.20201346e-02 9.57387835e-02 1.56329453e-01 -8.16367101e-04 1.80936381e-02 1.11631937e-01 -3.01014371e-02 2.08168298e-01 -2.65549179e-02 1.95804164e-01 -8.96422565e-03 9.37037691e-02 -3.97559674e-03 3.06287482e-02 2.54839361e-02 6.65964410e-02 9.11609922e-03 -1.15051232e-02 -3.73246260e-02 2.21879944e-01 -1.23654325e-02 3.17304954e-03 -5.75134112e-03 9.02059861e-03 -1.42857926e-02 -4.27473756e-03 -5.35973627e-03 -3.00116232e-03 2.08394453e-01 3.03451657e-01 2.67065167e-01 9.11484063e-02 -9.52947699e-03 -1.00754146e-02 2.01530196e-02 -8.19804706e-03 -9.19296872e-03 2.59553771e-02 -2.41239183e-02 1.86791465e-01 -1.05590131e-02 6.41735122e-02 5.48082143e-02 -4.00239229e-02 -1.30757894e-02 -1.32823819e-02 -3.32087949e-02 -2.77996734e-02 2.04102620e-02 1.29956618e-01 1.54217646e-01 1.34324610e-01 -1.21478159e-02 -1.70949064e-02 1.72016501e-01 4.74124216e-02 -2.21745223e-02 -1.93514768e-03 2.12481469e-01 -4.74719936e-03 4.38957065e-02 1.11489616e-01 -2.38621645e-02 -1.10923480e-02 -1.07407514e-02 -1.25547647e-02 1.24765240e-01
2.09734328e-02 1.93712875e-01 1.75866559e-02 -2.57101133e-02 7.87731856e-02 2.25400150e-01 -4.11579721e-02 -2.50004884e-02 9.22153145e-02 1.66307837e-02 9.84004736e-02 -2.30579115e-02 -3.38625833e-02 3.24199013e-02 -1.57905789e-03 -3.95581573e-02 1.04544677e-01 1.70680821e-01 -1.84696019e-02 2.63805032e-01 -1.77172814e-02 -4.02048528e-02 -1.00830849e-02 -3.26995291e-02 1.07478887e-01 -6.77174516e-03 -2.67016347e-02 -3.03224996e-02 -1.86330895e-03 9.74475443e-02 6.13489151e-02 -1.09524615e-02 -3.46094882e-03 -1.98221765e-02 -1.05317226e-02 1.02768108e-01 2.44950671e-02 1.16799884e-01 8.10245574e-02 5.92730269e-02 7.03783333e-02 1.25365660e-01 1.11238196e-01 -3.04028355e-02 -1.05212396e-02 7.77837783e-02 1.45591214e-01 9.00815651e-02 8.62901434e-02 4.08440083e-02 1.33815825e-01 -2.68748477e-02 -2.67061051e-02 -1.92305772e-03 -1.34320091e-02 -3.16108353e-02 -6.12583682e-02 -1.83604360e-02 -6.56851567e-03 2.09044665e-01 -3.80337760e-02 9.26026404e-02 1.11919120e-01 1.24944523e-02 -1.66954845e-02 5.65631054e-02 -2.56885141e-02 -4.48649302e-02 2.24607617e-01 -3.97446044e-02 2.17544243e-01 5.52398227e-02 5.71466163e-02 -1.41557865e-03 7.48628825e-02 8.20567831e-02 5.21708168e-02 -5.52176870e-03 -1.95093825e-03 -2.04705298e-02 6.46576881e-02 -1.07429642e-02 3.32491323e-02 -3.89292790e-03 3.37462574e-02 -1.05763813e-02 -1.22767938e-02 2.50723138e-02 -4.16882010e-03 2.15745326e-02 2.07548171e-01 3.21246773e-01 2.02487141e-01 -1.20690726e-02 -2.15825960e-02 6.95505142e-02 -9.35689919e-03 1.34713680e-01 -2.61794287e-03 1.88745148e-02 7.38464147e-02 -1.64905544e-02 -1.63552798e-02 1.86663046e-02 -3.25626247e-02 -4.05360619e-03 -3.02863121e-02 -3.75168137e-02 -4.63878736e-02 -7.59711862e-03 5.88096529e-02 8.66334289e-02 6.53559491e-02 4.95845787e-02 9.82025340e-02 1.66807979e-01 1.03464335e-01 -3.26958559e-02 -2.29077712e-02 3.11544351e-02 -1.66319776e-02 -1.18269706e-02 2.39185587e-01 -1.97850615e-02 -2.13895347e-02 -1.20861745e-02 -1.01667391e-02 2.00609848e-01
4.77761775e-02 9.79056284e-02 7.99715817e-02 -1.79010238e-02 4.03074995e-02 1.55347027e-02 3.90978418e-02 -3.36287706e-03 1.48810912e-02 -2.80190036e-02 3.02572250e-02 -4.44225632e-02 -3.70619148e-02 -1.57325640e-02 5.19020148e-02 -3.75133343e-02 1.52440622e-01 -4.81321570e-03 -6.36571879e-03 1.30134210e-01 -2.81860083e-02 -5.37509546e-02 -1.82434879e-02 -1.54205831e-02 1.48590416e-01 -5.66330552e-03 -2.95138685e-04 -1.63815171e-02 -7.89016299e-03 1.59030989e-01 3.22448984e-02 -8.86525307e-03 -6.46998873e-03 -2.38872319e-02 -8.16733926e-04 -4.90259379e-03 -3.00677447e-03 2.28377640e-01 1.50791071e-02 -4.70660999e-03 -7.69328000e-03 1.33951575e-01 2.36164816e-02 -1.25008430e-02 -3.35246790e-03 2.62596607e-01 5.75098544e-02 -5.06037008e-03 -8.15278618e-04 7.24771023e-02 1.63369223e-01 -2.11089943e-02 -2.99700424e-02 -1.46346502e-02 1.11403488e-01 -4.15704474e-02 -4.47679497e-02 -2.05313005e-02 5.49311191e-03 1.59614474e-01 -3.14482749e-02 7.41544291e-02 1.12206049e-01 -1.13804508e-02 -5.26495883e-03 2.32998058e-02 -2.60413736e-02 -3.36981677e-02 1.38415635e-01 -4.81068008e-02 1.04803950e-01 6.62919506e-02 -3.83276236e-03 -1.05169257e-02 1.10880658e-01 1.47112638e-01 -8.50336440e-03 -4.85066697e-03 1.21875003e-01 3.11741456e-02 2.44509429e-03 2.26098508e-01 1.53399006e-01 1.53577439e-02 8.21122155e-02 6.00384027e-02 -1.37870219e-02 6.55484125e-02 -1.64785199e-02 2.01745909e-02 1.92802064e-02 1.21749125e-01 1.09382883e-01 -6.39330363e-03 -1.35566331e-02 -1.39309559e-03 -2.60478118e-03 1.17895916e-01 -2.70322501e-03 5.91059402e-02 -6.66112732e-03 4.02258784e-02 -3.11752260e-02 6.79903328e-02 8.22642744e-02 1.87081005e-02 -5.02978731e-03 -2.90741306e-02 -4.34027240e-02 -1.27787348e-02 -7.14364136e-03 -5.55959623e-03 -2.88673639e-02 1.06159881e-01 1.48100823e-01 9.06122401e-02 1.47254512e-01 -3.65223065e-02 -2.66775042e-02 -1.86760500e-02 -8.72858800e-04 -1.33731291e-02 1.56280622e-01 -6.53964188e-03 -1.25826802e-02 -1.49830738e-02 5.01768813e-02 1.87358230e-01
-7.63941556e-04 3.16452421e-02 1.04789436e-03 3.80666740e-02 2.78078020e-04 2.74301678e-01 -2.71323267e-02 -2.00435072e-02 3.74968946e-02 1.95374414e-01 -1.28374556e-02 -2.97465827e-03 -1.33552887e-02 1.45754278e-01 1.50648147e-01 -2.07109675e-02 1.05988421e-03 1.08247668e-01 3.90545689e-02 -1.72861246e-03 -7.23928772e-03 -1.70423575e-02 -1.73485372e-02 2.16118656e-02 6.06049672e-02 -1.85440877e-03 -1.29716331e-02 -2.48258859e-02 -1.03093460e-02 4.78688963e-02 1.43234998e-01 8.89916904e-04 -6.47871289e-04 -2.36459374e-02 -9.57183167e-03 1.55191235e-02 4.39607836e-02 7.64274672e-02 4.90224250e-02 -1.88555121e-02 -2.74580345e-03 -1.32920621e-02 -5.46018593e-03 -3.33294016e-03 1.64814647e-02 2.98670474e-02 1.76565081e-01 -1.04722641e-02 -1.72522652e-03 5.47556356e-02 3.21283862e-02 -1.51630435e-02 -7.32033607e-03 4.30481397e-02 -9.34880506e-03 -2.04752432e-03 -2.92142779e-02 -1.78917386e-02 -7.37762405e-03 1.27374738e-01 -1.49222286e-02 -9.32796765e-03 8.66654515e-02 5.38833961e-02 1.19592212e-02 3.57563905e-02 6.49497136e-02 -2.26061307e-02 1.12133279e-01 -1.63728110e-02 6.42085224e-02 -9.64803994e-03 1.06229119e-01 -2.75223050e-03 1.17401272e-01 8.07973817e-02 8.25637281e-02 -1.58352649e-03 1.86535135e-01 -2.57123355e-02 2.59984165e-01 -2.84988014e-03 -5.13219787e-03 8.09839815e-02 -9.42934304e-04 -1.67047679e-02 -1.14788106e-02 -5.89726493e-04 1.90909021e-02 1.63985208e-01 2.40874529e-01 2.65514344e-01 1.74259707e-01 -8.36379081e-03 2.10969541e-02 -7.78361427e-05 4.33382317e-02 -8.03117757e-04 4.92291003e-02 -5.08432556e-03 -5.03818877e-03 -1.21903708e-02 -1.54873673e-02 1.12760633e-01 -3.25479731e-02 -9.20820516e-04 -1.06760776e-02 -2.77109910e-02 -2.79004835e-02 -5.95792849e-03 -4.38459078e-03 1.15135975e-01 1.58474505e-01 3.85413803e-02 -1.98198315e-02 2.18426466e-01 8.08627754e-02 1.56199392e-02 -2.98910476e-02 1.20788485e-01 -5.44431107e-03 -9.24092624e-03 6.98948279e-02 -1.61508080e-02 -2.28769938e-03 -2.23556682e-02 -8.09754804e-03 3.61071825e-02
3.05253938e-02 1.13321602e-01 1.80591438e-02 -1.95828266e-02 -1.63064767e-02 1.02923796e-01 -1.69108491e-02 -6.84892060e-03 1.24387808e-01 -1.47924609e-02 3.75620835e-02 -2.31582299e-02 -3.09682749e-02 -5.80576342e-03 4.33605462e-02 -2.24250183e-02 8.84085074e-02 9.11960751e-02 -7.59011647e-03 1.91379264e-01 -2.74980534e-02 -3.09888907e-02 -2.90125590e-02 -3.58705521e-02 1.32432757e-02 -1.81886391e-03 -1.98622723e-03 -2.36997306e-02 -9.20908153e-03 1.70429334e-01 2.16825828e-01 8.17039050e-03 2.20007077e-02 -1.40279084e-02 -1.12339733e-02 1.81651115e-01 5.48496880e-02 1.23420402e-01 3.33297811e-02 1.19261973e-01 3.18288170e-02 1.51870564e-01 1.48759559e-02 -3.29834893e-02 6.00806251e-03 1.16581663e-01 2.56187707e-01 4.60344553e-03 2.47782189e-02 1.14427805e-02 8.27252865e-02 -1.54796382e-02 -1.33545119e-02 -5.01904963e-03 -4.96814307e-03 -3.47186849e-02 -5.53854965e-02 -1.76398885e-02 -3.18973535e-03 8.23985860e-02 -2.18143910e-02 2.39197388e-02 7.12788403e-02 -2.41257111e-03 -1.13799339e-02 -6.23708731e-03 -3.46438251e-02 -4.57849801e-02 1.49902701e-01 -2.36216933e-02 1.87116206e-01 1.86882496e-01 8.88633206e-02 -1.24193728e-02 8.86051655e-02 1.28471270e-01 5.17797507e-02 -8.71148426e-03 -3.00207175e-03 -1.14864390e-02 7.08935410e-02 -5.73621271e-03 -3.46131204e-03 -5.17219771e-04 1.39030725e-01 -8.40077456e-03 -9.99634806e-03 2.57120281e-03 -1.39372088e-02 2.32349895e-02 9.95550454e-02 2.00922370e-01 2.45842814e-01 -7.09303748e-03 -2.43678465e-02 3.96578498e-02 -6.94833649e-03 1.82026669e-01 4.43591475e-02 1.14194624e-01 -6.90751150e-03 -1.50390901e-02 -3.74981463e-02 1.33890100e-02 -1.87510606e-02 -5.80382207e-03 -2.54760683e-02 -2.34878641e-02 -3.73688117e-02 -1.23120639e-02 -6.70860521e-03 8.73997211e-02 -1.62433386e-02 1.31237164e-01 8.97276923e-02 7.75145516e-02 6.29790425e-02 -2.37324554e-02 -2.27974039e-02 -1.78039484e-02 -1.51899997e-02 -1.74379535e-02 2.76980758e-01 -1.71331521e-02 -6.60377741e-03 -1.67497639e-02 -9.44972783e-03 1.43061444e-01
-6.12048898e-05 8.45830739e-02 9.69409570e-03 -5.26315160e-03 1.27859712e-01 9.60924849e-03 -3.04496381e-02 -1.19751766e-02 8.97528306e-02 2.76235230e-02 1.22619592e-01 -1.16204806e-02 -3.65088619e-02 6.45159930e-03 -6.34713145e-03 -1.52568622e-02 3.22898030e-02 1.44097120e-01 -2.67569767e-03 -1.68595035e-02 -1.95425097e-02 -2.03803070e-02 -7.40421610e-03 -3.30882706e-02 4.04526517e-02 -3.74945393e-03 -9.21674166e-03 -2.99067125e-02 4.22456004e-02 9.99434143e-02 4.49302718e-02 -1.32430559e-02 -8.97376332e-03 -3.34548391e-03 -8.53519887e-03 1.68720305e-01 4.59939167e-02 2.26475894e-01 2.47047953e-02 2.36351669e-01 1.51401795e-02 -5.17805945e-03 1.93635821e-01 -3.33659351e-02 -1.39183057e-02 2.21540704e-02 1.12388939e-01 1.04973152e-01 7.22982585e-02 1.20864794e-01 7.45294243e-02 -2.59556025e-02 -2.21047993e-03 -4.32298053e-04 5.89710772e-02 -3.16146761e-02 -6.44765794e-02 -2.32536066e-02 -6.81171706e-03 8.06108788e-02 -3.21293287e-02 4.08490375e-03 2.00116839e-02 1.37711689e-02 -2.04772409e-02 8.02111998e-03 -1.71299577e-02 -3.97862941e-02 1.92818448e-01 -8.65007471e-03 2.38720849e-01 1.91935793e-01 9.84140188e-02 -5.15450723e-04 1.25197902e-01 8.23977739e-02 1.30095437e-01 9.95436031e-03 -9.67658218e-03 -2.31182426e-02 1.47661880e-01 -1.23261809e-02 1.14922486e-02 5.52167967e-02 1.07902423e-01 -1.12432251e-02 -6.69447472e-04 -1.03185829e-02 -1.31734982e-02 1.91969365e-01 1.77514941e-01 1.89324379e-01 1.44256860e-01 -6.83872029e-03 -1.16846748e-02 4.97002862e-02 1.09732300e-02 5.68038598e-02 8.47253576e-02 7.26970136e-02 1.13180898e-01 -5.82537707e-03 -1.00922715e-02 1.13208756e-01 -3.19647156e-02 -8.01292527e-03 -2.01068260e-02 -2.47602463e-02 -3.98478210e-02 -4.23632842e-03 1.04333982e-01 6.67788982e-02 -7.84258917e-03 2.29271948e-02 1.81902386e-02 8.94340351e-02 1.98861063e-02 -1.19393636e-02 -2.13059522e-02 -5.58415335e-03 -8.02047364e-03 -1.79659575e-03 2.43055180e-01 -1.17685106e-02 -2.59353872e-02 -1.38562731e-03 -2.46831551e-02 8.20548683e-02
9.60179269e-02 1.15697183e-01 3.60543951e-02 -2.55110785e-02 1.55388877e-01 9.96372402e-02 4.85205129e-02 -3.36458022e-03 1.19713955e-01 -3.32146473e-02 5.72740808e-02 -4.47669923e-02 -2.95517221e-02 -1.11031225e-02 -2.23018117e-02 -2.42649205e-02 7.19189495e-02 2.27500182e-02 -2.39355080e-02 9.71265733e-02 -1.87942851e-02 -3.78489904e-02 -1.49502149e-02 -2.85368785e-02 1.06484316e-01 -2.30190484e-03 -5.89622185e-03 -1.53202852e-02 -1.67930573e-02 1.37692794e-01 -8.29537399e-03 -2.60616113e-02 -3.66172171e-03 -2.12081755e-03 -6.55803178e-03 4.79536541e-02 8.82287174e-02 1.84794247e-01 8.22946057e-03 5.39215952e-02 -7.25819310e-03 6.98153824e-02 5.07389642e-02 -1.29705453e-02 -2.07015984e-02 2.70487458e-01 -3.64578562e-03 5.15081361e-02 2.31657866e-02 8.07710439e-02 1.19468912e-01 -2.10281182e-02 -1.56926848e-02 -1.04881078e-02 6.48801029e-02 -4.94114012e-02 -3.35817300e-02 -2.04626359e-02 -1.07704187e-02 8.16428512e-02 -1.33079477e-02 2.98955813e-02 5.05395383e-02 -5.52769238e-03 -7.17479363e-03 1.73573494e-02 -2.25916114e-02 -3.36426720e-02 2.45454147e-01 -4.10692543e-02 1.62337899e-01 1.37877762e-01 3.40730585e-02 -3.11023742e-03 -4.73597553e-04 7.66939670e-02 -6.21257583e-03 -2.76005501e-03 -1.60149718e-03 -9.56832990e-03 3.75986733e-02 9.22864303e-02 9.63342488e-02 -1.87916262e-03 9.78641063e-02 5.59019297e-03 -1.00705065e-02 -1.31382607e-04 -1.48769710e-02 1.15465730e-01 9.72506702e-02 9.97192189e-02 6.98580220e-03 -8.63703620e-03 -2.12640651e-02 -3.48845916e-03 1.12492014e-02 4.93088439e-02 1.16668351e-01 4.10676375e-02 1.83781922e-01 6.29670918e-04 -7.94988684e-03 5.31772301e-02 -3.35474615e-03 -6.11625053e-03 -9.58189834e-03 -2.06556991e-02 -4.91170883e-02 -9.88825131e-03 5.38501516e-02 7.54821002e-02 -3.21432017e-02 -6.54153153e-03 9.64230150e-02 3.30675133e-02 3.19725350e-02 -4.15937714e-02 -1.42790023e-02 -1.39018307e-02 -7.67674344e-03 -7.63031840e-03 1.61915928e-01 -1.07013211e-02 -1.38849653e-02 -1.48866149e-02 -9.59317386e-03 1.63380444e-01
3.69150266e-02 6.75982535e-02 -4.71803360e-03 -6.89243944e-03 1.18423551e-01 1.91736147e-01 -8.64542462e-03 -1.53493211e-02 6.45019710e-02 1.89811885e-02 -1.51307718e-03 -7.96101801e-03 -1.93182454e-02 1.05279647e-01 1.28347147e-03 -2.28860937e-02 -3.49397631e-03 1.12611286e-01 -6.43524295e-03 1.43748388e-01 -5.48041007e-03 -2.03501489e-02 -7.02834595e-03 -1.48258219e-02 9.40774605e-02 -3.52633116e-03 -1.26092639e-02 -1.81570891e-02 -5.24764881e-03 2.59029455e-02 2.73074210e-02 -6.82270294e-03 -2.73980061e-03 -9.07780044e-03 -5.98664489e-03 2.48598121e-02 8.07969421e-02 1.02376737e-01 3.05724777e-02 -3.84426187e-03 -7.42834434e-03 -5.36615774e-03 -2.49580154e-03 -1.87080707e-02 -6.14753366e-03 1.30545795e-01 6.50004148e-02 6.33618236e-03 2.26383973e-02 5.46646118e-02 7.94869438e-02 -1.59086511e-02 -5.14495280e-03 1.96057931e-02 -9.96304955e-03 -1.92371327e-02 -2.82344017e-02 -1.41957467e-02 -9.31140780e-03 8.28152895e-02 -1.35055855e-02 -3.77066876e-03 7.79923499e-02 6.49520084e-02 -3.37245059e-03 -1.97276939e-04 -1.62537489e-03 -2.56515369e-02 1.47098586e-01 -1.63844191e-02 1.30111113e-01 -3.30085657e-03 3.95720266e-02 -6.25472004e-03 5.97471967e-02 3.64150181e-02 1.24732563e-02 -3.03268805e-03 3.19186226e-02 -1.50052048e-02 1.38904229e-01 5.47112934e-02 -6.82155602e-04 1.97629202e-02 8.72355700e-03 -4.97321412e-03 -9.04026721e-03 2.33926997e-02 -1.82541704e-03 5.11613004e-02 1.40126243e-01 1.57685414e-01 6.36069104e-02 -8.46159738e-03 -4.63279011e-03 3.94994728e-02 2.01228261e-03 2.42297780e-02 3.72719541e-02 -3.32321343e-03 5.71689382e-02 -1.35619491e-02 -2.39550648e-03 -1.02017261e-03 -1.69955790e-02 -4.89260256e-03 -8.61756410e-03 -2.34692972e-02 -2.83792410e-02 -3.85708129e-03 4.51062098e-02 8.32060426e-02 5.94495982e-02 -3.67141352e-03 -6.63437368e-03 1.06110238e-01 4.29567061e-02 -1.00471741e-02 -1.66774970e-02 5.12890853e-02 -7.70414667e-03 -3.62950750e-03 1.10069737e-01 -1.84624307e-02 -7.54390657e-03 -1.27393017e-02 -5.82102686e-03 6.16591647e-02
-7.30720861e-03 -3.38761671e-03 5.11018410e-02 3.56541090e-02 1.32317260e-01 -1.49457632e-02 -4.24667299e-02 -2.56723575e-02 -7.30051380e-03 1.66646138e-01 1.93553120e-02 -7.88795110e-03 -4.62060645e-02 4.76077870e-02 -6.34768140e-03 -1.61018055e-02 -6.07359456e-04 8.66934508e-02 4.12732698e-02 -4.04308699e-02 -1.36019979e-02 -1.50933154e-02 -5.61588584e-03 -1.59398727e-02 -2.55188276e-03 -1.01417489e-02 -8.00118502e-03 -3.21761668e-02 -7.39973038e-05 6.32390380e-02 6.89174980e-02 -1.29835913e-02 -1.22532602e-02 -1.40631795e-02 1.17992964e-02 1.40052781e-01 4.69378009e-03 2.14406341e-01 -3.88146844e-03 1.84400737e-01 7.91976973e-03 -1.54804438e-02 1.07044965e-01 -1.20831616e-02 -5.40645607e-03 -1.78409424e-02 1.15929469e-01 1.47651695e-03 2.77523529e-02 2.02548444e-01 1.40419036e-01 -2.12899409e-02 1.51697379e-02 5.82750589e-02 1.31029606e-01 -1.81537718e-02 -5.64281344e-02 -3.04586440e-02 -3.55053600e-03 1.05123423e-01 -2.82610580e-02 -2.85209785e-03 6.04224950e-03 6.05862960e-03 -1.34473443e-02 8.65706205e-02 -2.02859491e-02 -3.29399928e-02 2.21053034e-01 -6.65190164e-03 1.39723733e-01 2.47638404e-01 5.69895580e-02 7.70209879e-02 1.16789073e-01 5.85661978e-02 1.22784719e-01 2.87186261e-03 3.72275263e-02 -2.24050432e-02 1.63467273e-01 -2.41879113e-02 6.18179366e-02 8.15332085e-02 1.06607541e-01 -9.89542622e-03 2.15738416e-02 -1.53673058e-02 -1.43747628e-02 2.34959081e-01 1.79031760e-01 1.89390093e-01 1.47995502e-01 -1.94573402e-03 -5.37046418e-03 -1.06927706e-03 1.16755754e-01 7.00839683e-02 3.02520525e-02 2.22327366e-01 1.15741670e-01 4.14938293e-03 -9.06297751e-03 2.47202098e-01 -3.59769389e-02 -4.52780398e-03 -2.64157727e-02 -2.66274605e-02 -4.38229442e-02 -7.88914971e-03 8.82876366e-02 5.03008440e-02 -1.96289155e-03 -1.42066507e-04 4.66022491e-02 1.83257923e-01 7.20892027e-02 4.63813134e-02 -2.75450833e-02 -1.18745500e-02 -4.79633035e-03 -1.63469091e-03 1.80234700e-01 -6.23798463e-03 -2.75239721e-02 -8.30133352e-03 -3.30444351e-02 -3.04389675e-03
1.23634681e-01 1.82412505e-01 7.61364773e-03 -2.21485198e-02 6.83295131e-02 4.79535788e-01 4.48921442e-01 8.89121741e-03 -9.63826431e-04 -5.92222661e-02 -7.80417165e-03 -7.44292066e-02 -3.29811275e-02 -7.93033279e-03 -1.50497826e-02 -2.46552611e-03 -6.00912608e-06 -8.14623199e-04 1.99382845e-02 -8.06800835e-03 -6.03251951e-03 -2.13667937e-02 -2.14268230e-02 -2.49659754e-02 -2.55369372e-03 -6.77497033e-03 -3.39905429e-03 1.98004693e-02 -3.86644825e-02 7.51571208e-02 -5.69489552e-03 -9.60384402e-03 4.24437299e-02 -4.57415357e-03 2.28776131e-02 -7.26546254e-03 1.37926221e-01 -1.05823623e-02 -6.94146426e-03 -1.54149523e-02 -1.03562018e-02 -1.22914333e-02 -2.33565029e-02 5.16097359e-02 -2.13299356e-02 3.29674274e-01 4.61975858e-02 8.39592889e-03 -1.54471956e-02 8.93999189e-02 1.52744785e-01 5.16725332e-02 -9.17663798e-04 -5.85880689e-02 4.11354750e-02 -5.17877452e-02 -1.84362568e-03 -1.08289598e-02 -1.23573588e-02 -2.50135176e-03 1.16688050e-01 -7.28517491e-03 5.44210337e-02 2.00655907e-02 1.01052247e-01 1.43611029e-01 1.64017230e-01 -1.85879283e-02 2.44455338e-01 -4.62320819e-02 1.08231023e-01 1.16318189e-01 6.06586225e-02 -1.19906142e-02 -6.41899323e-03 -5.99122792e-03 1.33757601e-02 -2.59046978e-03 5.44486567e-02 -3.89431901e-02 2.41166949e-01 1.90330986e-02 1.27231747e-01 1.67161934e-02 5.63644655e-02 -2.21467018e-02 -7.88304675e-03 8.47049281e-02 -2.76042614e-02 3.99282426e-01 1.69821739e-01 -1.45900110e-03 -1.25739044e-02 1.09400302e-01 -5.41656977e-03 -1.44791920e-02 1.01385251e-01 -2.18098965e-02 3.22243571e-01 1.28837302e-01 7.92182088e-02 -1.58264935e-02 2.29076631e-02 4.86560166e-04 3.05061117e-02 -2.85463221e-03 1.52489156e-01 -1.17447991e-02 -5.58135509e-02 -1.96144283e-02 -6.00808440e-03 2.18507707e-01 -5.99516593e-02 -1.02367327e-02 -2.17373781e-02 6.09469190e-02 4.77593578e-02 -4.18107472e-02 -1.13067999e-02 -9.25130211e-03 -8.71454552e-03 -1.30608156e-02 1.38336167e-01 -1.91872641e-02 -1.80054945e-03 -2.65395865e-02 -7.26183224e-03 1.47891771e-02
-1.34684378e-03 -1.23234396e-03 1.16990767e-02 -1.21225519e-02 -9.61868651e-03 2.41874047e-02 -1.01100281e-03 -4.81150113e-03 7.06061199e-02 6.43028617e-02 -1.91046149e-02 -2.96427705e-03 -1.04075596e-02 6.55521676e-02 -2.89769750e-03 -1.83890238e-02 -1.20644663e-02 8.36654007e-02 7.38762766e-02 8.56798738e-02 -1.04687624e-02 -6.98319450e-03 -1.60678271e-02 -2.19645398e-03 8.76419395e-02 -2.24193372e-03 -1.07106576e-02 -7.36691151e-03 -2.25000530e-02 -2.06163665e-03 7.88044333e-02 1.35811985e-01 2.04529539e-02 -1.19786039e-02 -2.34730216e-03 1.12398386e-01 8.04176927e-02 1.15006484e-01 -7.51406047e-03 -1.92122273e-02 -1.02460636e-02 -1.35541447e-02 -1.26293879e-02 -1.07371975e-02 5.34654744e-02 1.55919150e-01 1.27000317e-01 -5.32368571e-03 -4.48741252e-03 8.53047594e-02 7.03715533e-02 -9.01653199e-04 -1.19554652e-02 9.83921960e-02 -3.17953387e-03 -4.55499627e-03 1.59829427e-02 -5.88793820e-03 -4.03992739e-03 -7.23589212e-04 -1.37013383e-02 -5.41427312e-03 4.80800867e-04 4.05321419e-02 4.30930406e-02 -6.01582602e-03 -1.64770260e-02 -1.30522894e-02 1.45119071e-01 -1.38191618e-02 6.39033914e-02 7.70873483e-03 -2.63043935e-03 -1.32908477e-02 -2.20878469e-03 3.40340063e-02 -3.66533222e-03 -9.51293565e-04 -1.61180785e-03 -9.36505292e-03 3.17202434e-02 2.21770369e-02 -8.77412222e-03 4.21712697e-02 9.74941552e-02 9.26469713e-02 -1.19628888e-02 -3.91803682e-03 -8.93151294e-03 -6.74529793e-03 9.11636129e-02 1.18945412e-01 1.15246683e-01 -1.06278360e-02 -3.55365500e-03 1.64665002e-02 -6.95968559e-03 1.22954428e-01 2.32211296e-02 -7.40145240e-03 -2.18434054e-02 -4.01568040e-03 -1.83977019e-02 -2.54010642e-03 -6.96873106e-03 -1.84176844e-02 -2.93879490e-03 -6.90961443e-03 -2.71568000e-02 -7.35295983e-03 -1.32785598e-02 5.86056337e-02 6.12789392e-03 -5.51005080e-03 -4.01176745e-03 4.92789373e-02 1.50352940e-02 -2.68808939e-03 -5.67079755e-03 1.78129263e-02 -9.55209136e-03 -9.77527257e-03 1.02691337e-01 -1.25123207e-02 3.88035476e-02 -2.04937495e-02 3.52438577e-02 -5.24320221e-03
-1.16316248e-02 -1.23944310e-02 -1.03402007e-02 -6.87611802e-03 -2.91311704e-02 -4.93197097e-03 -1.58680752e-02 -8.90542404e-04 8.84572715e-02 5.57337776e-02 -3.65958996e-02 -1.49336979e-02 -1.16937701e-02 1.29275396e-01 -1.30985146e-02 -1.67395603e-02 -1.03205293e-02 4.85982858e-02 9.93829370e-02 1.24030471e-01 -3.86180542e-02 2.39975937e-02 -3.52632254e-02 -3.57691571e-03 6.03746325e-02 -6.37163781e-03 -4.48611472e-03 3.29202786e-02 -2.32872684e-02 -3.36994883e-03 9.33284834e-02 2.74797380e-01 6.48816973e-02 -2.28263419e-02 -4.13561054e-03 1.68416306e-01 1.31100386e-01 9.94143784e-02 -2.60103401e-02 -1.66608319e-02 -3.87415802e-03 -5.48172137e-03 -2.87579205e-02 -8.43339413e-03 8.00383240e-02 6.45213947e-03 1.45455271e-01 -6.44184696e-03 -2.53673606e-02 8.94229189e-02 5.36280945e-02 1.32832929e-01 1.38970129e-02 1.59351766e-01 3.86940315e-02 -1.62144266e-02 -6.12720568e-03 -3.76033830e-03 -6.16888516e-03 -3.87131236e-03 1.05707757e-01 -6.64716586e-03 -3.61779053e-03 4.58646156e-02 5.91100827e-02 -9.55399219e-03 -4.78477813e-02 -9.40483436e-03 2.20640987e-01 -2.60021184e-02 1.80512853e-02 2.04159915e-01 9.71645489e-02 -1.65246800e-03 -7.67306099e-03 9.81971622e-03 -4.77614161e-03 2.48182788e-02 -1.68970693e-03 -9.24057420e-03 3.33903916e-02 -2.53132358e-02 -1.97427673e-03 -9.25256405e-04 1.42744586e-01 1.03944033e-01 -3.90998088e-03 -4.85408120e-03 -1.81681328e-02 -1.13013238e-02 5.38650714e-03 1.42527670e-01 1.04747087e-01 2.16668732e-02 -1.65327936e-02 2.08513392e-03 -2.89287604e-03 1.47838488e-01 4.48665619e-02 2.24828556e-01 -2.82397456e-02 -1.42328292e-02 -2.52397619e-02 1.10747024e-01 -1.40200267e-02 -1.18451500e-02 -2.14452595e-02 5.57506755e-02 -3.67634445e-02 -1.12362634e-02 -2.25649457e-02 1.66544080e-01 -2.48514581e-02 -6.10852242e-03 5.83742931e-02 -2.98514124e-03 -7.33496994e-03 -5.82176261e-03 -7.03163445e-03 -1.52258715e-02 -1.09803043e-02 -1.64665245e-02 1.93366319e-01 -1.08386846e-02 8.40138923e-03 -6.73584593e-03 2.07331441e-02 -4.31759469e-03
-1.17566083e-02 -1.06242867e-02 -5.18643893e-02 -7.72892311e-03 7.47055262e-02 -2.86190212e-02 2.20771298e-01 -7.74553837e-03 1.10447414e-01 -1.24291964e-02 -1.48054147e-02 -9.20559466e-03 -1.02168322e-02 6.92615509e-02 -1.00801112e-02 -2.10260600e-02 -3.34241651e-02 -1.23695182e-02 -2.16854969e-03 -2.02396121e-02 -9.09411069e-03 -8.14772677e-03 -4.24437178e-03 -1.63129903e-03 1.92497849e-01 6.10477589e-02 8.73771384e-02 2.91581526e-02 -1.25794206e-04 -7.94036128e-03 -1.59143265e-02 -4.90000891e-03 6.43374175e-02 2.76010856e-02 1.12689443e-01 -8.09246860e-03 6.27699122e-03 2.17660725e-01 -1.74391307e-02 -1.29992263e-02 -4.36094776e-02 -1.08630983e-02 -2.63341200e-02 8.08129609e-02 -1.24233244e-02 2.57762969e-01 -3.10341399e-02 5.20417690e-02 -1.86755192e-02 1.53798863e-01 9.23597068e-02 -8.78028665e-03 1.58143356e-01 2.60678053e-01 9.61668491e-02 -2.54127532e-02 -2.45524710e-03 -2.34447327e-02 -1.02477428e-02 1.71624511e-01 -8.57873634e-03 -1.80342775e-02 -7.97222182e-03 -2.95050396e-03 8.83502327e-03 -1.75309759e-02 5.39772213e-04 9.28344578e-03 1.46502167e-01 -1.41225792e-02 -4.91307862e-03 -1.12417284e-02 -1.75214056e-02 -4.50099912e-03 -3.89469555e-03 -1.14553692e-02 -5.05319536e-02 1.32654244e-02 -1.08928792e-02 1.01700146e-02 5.37789129e-02 2.06250116e-01 3.80693786e-02 -3.86349158e-03 6.50980845e-02 1.95037633e-01 -6.00933796e-03 8.85967165e-03 -1.35741686e-03 -1.58178825e-02 -2.17901971e-02 -1.89388432e-02 -3.53554003e-02 1.62390657e-02 3.51059064e-03 6.56411722e-02 -7.71440892e-03 -1.81032326e-02 1.34251695e-02 -2.74944380e-02 -1.68596720e-03 -4.69296612e-02 8.93119276e-02 4.93865535e-02 1.63999021e-01 -2.02946514e-02 1.36149645e-01 4.91894037e-03 -3.99328880e-02 1.03553377e-01 -1.57010183e-02 1.66143015e-01 -7.89226312e-03 -2.46069282e-02 2.36894414e-02 -1.14948405e-02 1.94250047e-02 8.28292891e-02 1.82459801e-01 -3.74470949e-02 1.17725693e-02 1.90132961e-01 -4.19767946e-03 7.24991411e-03 -1.66071625e-03 8.48917440e-02 1.62007302e-01 -2.23637791e-03
8.91589522e-02 -1.99202611e-03 -7.42097292e-03 4.48772497e-03 1.58104137e-01 3.69118750e-02 8.32716301e-02 -2.53685284e-04 5.37546352e-02 1.70338098e-02 -3.05201150e-02 4.62729670e-03 -3.96691356e-03 7.71222562e-02 -1.16565293e-02 -9.88659356e-03 -2.94788759e-02 1.59280412e-02 -1.19930860e-02 -5.33476938e-03 -1.07663777e-02 -2.14778949e-02 7.04832301e-02 1.33439407e-01 1.32872224e-01 2.18502395e-02 1.10664375e-01 -8.81302264e-03 -1.23546552e-02 -3.88899120e-03 -2.87796836e-02 -2.40607206e-02 4.41450626e-02 -1.83096975e-02 1.44218206e-02 -2.37104539e-02 4.91007902e-02 1.24019839e-01 -9.23628174e-03 -3.82673927e-02 -1.99319739e-02 -7.50785135e-03 -3.80274691e-02 -1.82038955e-02 -1.30931111e-02 1.82720467e-01 -3.18913870e-02 2.42172778e-02 -2.32773107e-02 -6.10774383e-04 -2.47676577e-03 -2.71024089e-03 3.22302356e-02 1.58121899e-01 -9.17882286e-03 2.33284980e-02 1.69408411e-01 3.82012352e-02 -1.43814238e-03 4.44768444e-02 2.74278969e-03 -4.55786847e-03 7.17349201e-02 1.12662420e-01 1.09451324e-01 -2.13707238e-02 8.80511776e-02 -8.66357144e-03 7.71704763e-02 -1.20596690e-02 -1.47764497e-02 -1.54653816e-02 -5.49225416e-03 -1.44066438e-02 1.83026548e-02 -1.20720472e-02 -1.43882977e-02 6.78137168e-02 1.21305428e-01 -1.53780682e-03 8.62126350e-02 7.35642463e-02 3.97980213e-03 4.79099378e-02 5.59615046e-02 2.20882744e-01 -3.25887464e-03 -3.20847007e-03 -4.52670688e-03 -1.15696462e-02 -8.35048151e-04 -8.38839076e-03 -4.57655340e-02 -1.05416002e-02 -2.36899266e-03 -8.14478099e-03 -9.57206264e-03 -2.67929323e-02 6.25664517e-02 -2.22237501e-02 5.73747344e-02 -8.48278217e-03 1.25660107e-01 -9.93683562e-03 7.71233141e-02 -2.43988261e-02 1.16789848e-01 1.61122531e-02 -2.24657580e-02 1.86357871e-02 3.06340195e-02 1.04098961e-01 3.77904102e-02 -2.32307650e-02 -1.12671889e-02 -1.99928414e-03 -1.05463732e-02 2.10597608e-02 -1.57522783e-02 8.67658705e-02 1.32728145e-02 -1.09669277e-02 -5.94287412e-03 -7.85228238e-03 -7.80764688e-03 -1.17746973e-02 3.81556228e-02 9.07777622e-03
1.16602197e-01 6.76117837e-02 9.95164290e-02 -2.09564231e-02 1.63784266e-01 -5.10443840e-03 -8.01942311e-03 -4.45873383e-03 -2.46029184e-03 -4.54574078e-03 -1.48060685e-02 -1.63724720e-02 -3.27121131e-02 2.76958682e-02 -2.00804789e-02 1.57909095e-02 -2.25294437e-02 1.87328774e-02 -1.27062220e-02 -2.14599799e-02 -1.48642743e-02 -1.24587733e-02 1.06467493e-01 -2.32799388e-02 -3.14403814e-03 -5.12922928e-03 1.79676972e-02 -1.38610573e-02 -7.80316163e-03 -6.83804974e-05 -2.68396363e-02 -2.86775995e-02 -1.53099839e-02 1.42662808e-01 4.83987667e-02 -1.79924676e-03 1.03633426e-01 9.15955976e-02 -6.08412176e-03 1.43242240e-01 -1.55312642e-02 -8.95990338e-03 -2.05515381e-02 -1.86869130e-02 -1.42342011e-02 2.48672776e-02 -2.44247112e-02 4.84446436e-02 -1.19106621e-02 2.27330886e-02 3.57197225e-02 2.24612709e-02 3.99071537e-03 1.96454190e-02 1.48055274e-02 4.03287485e-02 -1.50282672e-02 -9.19415615e-03 -4.40064352e-03 -6.98644575e-03 3.22952643e-02 7.05091730e-02 1.10617541e-01 1.79518119e-01 -3.97667987e-03 -1.59804057e-02 -6.29851408e-03 -3.40360329e-02 3.69460769e-02 5.60175069e-02 -5.17634675e-03 1.46408141e-01 -6.78186596e-04 -9.71568748e-03 7.40403235e-02 2.13594697e-02 -1.22785731e-03 1.54037867e-02 -8.10539164e-03 -2.75642388e-02 1.80569634e-01 -2.02329969e-03 3.57506722e-02 -4.86202119e-03 1.39271989e-01 2.04615742e-01 7.89289102e-02 -2.26107165e-02 -1.71126761e-02 1.65552367e-04 4.84591685e-02 -1.25718275e-02 -2.65418012e-02 -3.08704213e-03 -1.45962937e-02 -4.53170901e-03 3.07615940e-02 -1.35996258e-02 1.46747097e-01 2.13183880e-01 1.91586152e-01 -1.28746629e-02 6.50171861e-02 -3.90549656e-04 -4.71599493e-03 -2.05901489e-02 -2.78225821e-03 -5.34333102e-03 -3.70522067e-02 2.01100260e-02 1.44204304e-01 2.65173949e-02 -1.49207693e-02 -1.53959133e-02 5.96830100e-02 8.09122920e-02 -5.47218416e-03 9.12416540e-03 -3.30674136e-03 -1.80468932e-02 3.65788974e-02 -4.19263449e-03 1.97068632e-01 -1.12217590e-02 -3.19211558e-02 -7.29193911e-04 -1.59720108e-02 1.69948116e-03
7.63569772e-02 1.45745695e-01 4.36713509e-02 -2.89796107e-02 2.06753150e-01 1.31821588e-01 -3.27770784e-02 -1.69908050e-02 -9.27310251e-03 1.16151437e-01 4.26987000e-03 -1.14766387e-02 -3.03450376e-02 8.06506872e-02 -5.21193957e-03 -3.72383222e-02 -9.95291490e-03 1.01504527e-01 -9.73415002e-03 1.18858337e-01 -9.40957014e-03 -2.57715061e-02 4.12175506e-02 -2.31889002e-02 3.05801760e-02 -7.14993943e-03 -1.58873275e-02 -1.19600408e-02 -2.23562587e-04 5.98475710e-03 -9.14919190e-03 -1.37288095e-02 -7.85471499e-03 6.51136637e-02 5.41214831e-02 2.25149058e-02 4.83200997e-02 7.58880600e-02 5.82063533e-02 5.42438775e-02 -1.76922604e-03 -1.79507257e-03 -5.05768321e-03 -2.50331778e-03 -8.39627534e-03 5.06234318e-02 -7.01536098e-03 2.38926373e-02 8.51926506e-02 4.37290221e-02 1.41335636e-01 -1.42687028e-02 -1.72815211e-02 4.83312719e-02 -1.56679489e-02 9.00227576e-04 -3.10588777e-02 -1.43378768e-02 -8.02970398e-03 9.27322805e-02 -2.07696296e-02 5.81171364e-02 1.38576597e-01 8.72152895e-02 -2.95056007e-03 1.50663480e-02 -3.25030833e-03 -2.78303754e-02 1.40295476e-01 -2.31754389e-02 8.29100162e-02 -8.37637484e-03 -1.67864689e-03 -4.64449544e-03 7.96061531e-02 -3.64445848e-04 -3.51930805e-03 -4.43322305e-03 6.32931665e-03 -2.18067877e-02 1.40018076e-01 -4.78981109e-03 9.24549624e-02 -6.17845962e-03 1.63240079e-02 2.74701640e-02 8.50995071e-04 -7.02071562e-03 -2.38167867e-03 2.51329318e-02 1.41821265e-01 1.20138958e-01 -3.70875141e-03 -9.36955120e-03 -1.23748248e-02 8.25370029e-02 2.23231092e-02 -4.07496188e-03 6.45937584e-03 -3.67768691e-03 1.38277113e-01 -1.59950703e-02 7.03958981e-03 8.41722265e-03 -2.03737821e-02 -1.04894247e-02 -6.32160436e-03 -2.44680624e-02 -3.45586166e-02 1.61724165e-03 1.63401902e-01 6.01530075e-02 1.68845996e-01 -8.30877572e-03 -7.25145859e-04 2.18464404e-01 7.97852650e-02 -1.30612990e-02 -1.56808402e-02 5.45477271e-02 -4.84486064e-03 3.00341696e-02 1.35286301e-01 -1.32602546e-02 -1.67914759e-02 -1.18783005e-02 -8.62493645e-03 5.74259087e-02
5.69472462e-02 1.46220341e-01 5.84312789e-02 -4.86885803e-03 1.07406542e-01 3.15820396e-01 -3.56120840e-02 -2.91354079e-02 -7.92531855e-03 1.84514076e-01 -4.04303055e-03 1.24582518e-02 -2.89592464e-02 1.34806246e-01 1.64896250e-01 -4.37107310e-02 -3.60022229e-03 1.31955951e-01 3.79411839e-02 2.01187894e-01 -6.77772332e-03 -2.55939551e-02 -2.94648088e-03 -1.47498213e-03 9.89567786e-02 -8.69486481e-03 -1.88334398e-02 -2.40542032e-02 -5.35652880e-03 5.89930676e-02 7.28923976e-02 1.44646214e-02 -3.30874743e-03 -1.19502395e-02 -3.94268613e-03 1.84164606e-02 6.18752092e-02 6.37669712e-02 9.10498649e-02 -1.37960603e-02 4.93296869e-02 -8.91251769e-03 -3.71430046e-03 -1.81427505e-02 -9.32937954e-04 3.09647433e-02 8.53398740e-02 4.42179143e-02 9.35537443e-02 4.65641394e-02 8.24572444e-02 -1.38335265e-02 -1.50967855e-02 3.24342400e-03 -2.87068188e-02 -9.05991998e-04 -2.77931634e-02 -9.98321269e-03 -2.83097313e-03 1.67087555e-01 -1.83309093e-02 4.33784351e-02 1.57265529e-01 9.89874899e-02 -6.75344723e-04 5.40770777e-02 9.45294276e-02 -2.67529525e-02 1.28803343e-01 -3.44626643e-02 6.90195560e-02 -1.77194569e-02 6.99715540e-02 -9.21976846e-03 1.65611520e-01 7.79859796e-02 8.96297470e-02 3.38876829e-03 1.57423228e-01 -3.21496241e-02 2.25105405e-01 -3.11757484e-03 3.53826582e-02 4.44888026e-02 -7.34392507e-03 -8.38403869e-03 -6.06189761e-03 2.38038227e-02 5.42781688e-02 1.05792738e-01 2.18878627e-01 2.16067195e-01 1.15946695e-01 -8.42055492e-03 -1.12050883e-02 2.59705354e-02 -5.18421642e-04 -3.92107200e-03 -4.24859533e-03 -1.39545817e-02 -1.67922955e-03 -1.26197301e-02 -8.64058826e-03 6.43480942e-03 -2.27461979e-02 -3.13138496e-03 2.48211138e-02 -3.18956003e-02 -3.33017148e-02 2.54762545e-02 8.20530131e-02 9.42453519e-02 2.36034557e-01 2.78093331e-02 -1.48537112e-02 2.37962335e-01 4.84902523e-02 -9.31617618e-03 -2.70165689e-02 1.78012967e-01 -6.78543700e-03 -6.13182783e-05 9.64037776e-02 -1.90308485e-02 -1.15995528e-02 -1.70930959e-02 -1.37238903e-03 9.62547660e-02
1.06767625e-01 1.71190441e-01 9.30688903e-03 -2.06591450e-02 3.25567536e-02 4.52849835e-01 1.40515745e-01 -6.61469577e-03 6.58930615e-02 -4.46095467e-02 -3.07044238e-02 -6.50391206e-02 -4.17757407e-02 1.11199571e-02 -1.46319298e-02 7.87188932e-02 -8.97179823e-03 1.75885465e-02 -1.55735984e-02 8.87904316e-02 -3.32990661e-02 -1.65585391e-02 -1.15668373e-02 -2.69522667e-02 -1.52348839e-02 -5.91733027e-03 1.03120133e-02 4.00210246e-02 -2.75058523e-02 5.76129220e-02 1.72681473e-02 -2.12578177e-02 4.75742146e-02 -2.83443127e-02 -7.25234952e-03 -2.52889888e-03 1.09257951e-01 -2.72435024e-02 -8.02430790e-03 -1.00420676e-02 2.77070701e-03 -9.71546397e-05 -5.21999896e-02 -9.63443331e-03 -8.55518505e-03 -6.53759995e-03 9.08965766e-02 -1.49752442e-02 -4.03404795e-02 -7.30489846e-03 1.03662267e-01 1.86716124e-01 1.42260417e-01 -4.52106483e-02 8.59569013e-02 -3.79832722e-02 -1.91512927e-02 1.32538322e-02 -2.22756760e-04 -7.45750405e-03 3.13766658e-01 1.14187300e-01 1.06739879e-01 1.01752289e-01 7.97745734e-02 1.11498177e-01 -1.78958755e-03 -3.31552774e-02 1.79313555e-01 -3.45611461e-02 2.56376229e-02 3.65057021e-01 1.82304174e-01 -1.07907513e-02 -1.03569739e-02 1.87492613e-02 -5.23908157e-03 1.08148493e-02 1.11788742e-01 -3.74551192e-02 2.36828908e-01 -4.84773703e-02 -2.60020839e-03 -2.73340801e-03 2.33749092e-01 -1.68371238e-02 4.70274501e-02 4.42083739e-03 -2.11328715e-02 2.87971795e-01 6.98457062e-02 -9.24267247e-03 -6.50068047e-03 6.82211667e-02 -2.30245441e-02 -6.65871613e-03 5.80652058e-03 -1.07463384e-02 3.22311908e-01 5.56139290e-01 5.96926510e-02 -3.76225077e-02 -1.12238480e-02 7.63397887e-02 -1.17106596e-02 -8.81434139e-03 -1.26070650e-02 -8.98431614e-03 -5.22344857e-02 -2.22760588e-02 7.10656345e-02 2.37258136e-01 -6.95963725e-02 -1.18297176e-03 -1.37100834e-03 1.28343582e-01 -1.03778206e-03 -2.84284856e-02 -2.23743115e-02 -1.95180476e-02 -9.59691405e-03 -3.11562419e-02 2.37137541e-01 -2.93388665e-02 -2.03440003e-02 -2.21580137e-02 -1.84911266e-02 1.06428675e-01
1.08197078e-01 1.37221336e-01 6.71944171e-02 -2.97290664e-02 2.20861167e-01 3.34639639e-01 -2.99265105e-02 -1.51964016e-02 6.70873523e-02 1.21040098e-01 -9.38250404e-03 -1.18686920e-02 -7.66806304e-03 7.27516711e-02 -1.89577807e-02 -2.30707880e-02 -7.60876853e-03 1.82134718e-01 -2.06176136e-02 1.75789982e-01 4.48852889e-02 -2.30988599e-02 4.94888648e-02 -7.09563959e-03 4.97981980e-02 4.97638248e-02 -2.75949053e-02 -2.24698745e-02 -2.41870303e-02 -6.68417895e-03 -1.79032795e-02 -2.69559063e-02 -6.47878740e-04 -6.55716518e-03 -1.12708015e-02 -4.99755098e-03 8.54902267e-02 7.46021941e-02 1.28227264e-01 -1.96299888e-02 1.10057630e-02 -6.96384208e-03 2.18302011e-05 -1.05886273e-02 -1.58274285e-02 7.59911090e-02 -5.62101183e-03 5.36577478e-02 2.08744295e-02 2.96854898e-02 4.43130806e-02 -1.26286494e-02 -2.17636283e-02 4.32638749e-02 -2.20455695e-02 4.33101878e-02 2.62979139e-02 -5.39712096e-03 -6.41288096e-03 7.00674281e-02 -2.10806075e-02 1.96821988e-03 6.51301518e-02 1.59977958e-01 4.48735431e-02 -5.58061991e-04 -6.53881580e-05 -2.29376256e-02 1.56493530e-01 -3.19958813e-02 1.09293967e-01 -1.35898786e-02 2.47682165e-02 -1.27255674e-02 -5.67282317e-03 -5.83353359e-03 6.08123280e-02 1.12228477e-02 -6.89954963e-03 -2.31242850e-02 1.52595937e-01 -4.33280738e-03 6.67370483e-03 -3.85981100e-03 1.90148391e-02 -2.31636036e-03 -2.22083367e-03 -8.39740969e-05 2.31620036e-02 9.82438698e-02 2.43741721e-01 1.70409501e-01 -9.77672637e-03 -1.49199646e-02 -9.07210913e-03 -3.45501606e-03 -5.50645823e-03 -1.34527935e-02 -3.11714923e-03 -2.29852702e-02 2.36662880e-01 2.80093402e-02 1.22773714e-01 -3.71009111e-04 -3.17168459e-02 -1.50367785e-02 -1.29110152e-02 -2.49474831e-02 -2.66458746e-02 -3.59517802e-03 1.19936600e-01 1.73925132e-01 1.40908018e-01 -1.94753539e-02 -7.85777718e-03 1.58265442e-01 5.50782122e-02 -1.93316229e-02 -7.47047970e-03 2.96823710e-01 -4.24699346e-03 -1.28930500e-02 2.09590700e-02 -2.72415243e-02 -8.23498052e-03 -1.82800833e-02 -1.14483833e-02 1.40397578e-01
4.59878668e-02 4.01341282e-02 -2.23223213e-03 -2.10050605e-02 5.19123822e-02 -2.51553226e-02 -1.84954423e-02 6.00980707e-02 2.07399815e-01 -2.89930031e-02 -1.97358988e-02 -4.55983952e-02 -1.68220401e-02 -3.69009338e-02 -3.87778215e-04 -5.16699813e-02 2.39594474e-01 -5.44486847e-03 -1.86519790e-02 3.84756118e-01 -1.28933052e-02 -6.61453977e-02 -2.14587767e-02 6.67524636e-02 2.05804363e-01 1.22063197e-02 7.53359199e-02 -1.79576650e-02 -2.41309162e-02 1.81509763e-01 9.29000080e-02 -4.93379030e-03 4.80877981e-02 -4.12162170e-02 -6.20799046e-03 -5.08603174e-03 -1.10495333e-02 3.04450601e-01 8.11109319e-03 -3.53973098e-02 -3.42304772e-03 3.74935806e-01 -7.98558071e-03 -1.32334735e-02 1.01528063e-01 1.98937193e-01 3.57399024e-02 -1.67272873e-02 -6.18597679e-03 3.78308147e-02 7.11995512e-02 -2.37426311e-02 -4.01045680e-02 1.76129073e-01 1.00315109e-01 -5.11511713e-02 -3.01210526e-02 -1.76920146e-02 1.04625002e-01 2.62903512e-01 -4.30204645e-02 8.14951509e-02 2.67787203e-02 -2.42774934e-02 8.22775811e-02 1.59361660e-02 -8.01629350e-02 -3.77828255e-02 1.14510633e-01 -7.31460676e-02 2.92408466e-03 1.71602592e-01 -1.06272548e-02 -1.34919966e-02 -9.53352451e-03 1.54372811e-01 -3.59985679e-02 5.22925034e-02 1.80210084e-01 2.39462093e-01 -4.26768474e-02 5.59200644e-02 1.27066806e-01 -2.24695774e-03 9.38664675e-02 1.36092156e-01 -1.75437070e-02 1.12675451e-01 4.61806990e-02 -3.35301235e-02 -1.72857754e-02 8.26268718e-02 1.49907440e-01 -2.06089467e-02 -8.18638038e-03 3.13810781e-02 -2.10950729e-02 3.99440646e-01 -3.42001952e-02 -8.22471734e-03 -4.32299264e-03 8.85734707e-02 -2.64667887e-02 2.69008800e-02 7.63275847e-02 -6.78606704e-03 -3.47798802e-02 -9.92864370e-03 -5.07491902e-02 -1.51502378e-02 -1.19694434e-02 4.40199599e-02 -1.94768757e-02 3.07493955e-02 3.91487390e-01 2.79633701e-02 9.04051512e-02 -5.67107201e-02 -2.49631219e-02 -2.23118924e-02 -4.89128707e-03 -1.01094497e-02 -7.76127912e-04 -1.16234645e-03 -1.62625243e-03 -3.15525234e-02 1.71539605e-01 4.04235333e-01
-1.97680760e-02 -3.65799889e-02 -1.92875601e-03 6.10191673e-02 -2.12961119e-02 -3.47358286e-02 -5.49647920e-02 -1.54438540e-02 3.23618278e-02 2.13803291e-01 -4.60363440e-02 -2.05805004e-02 -4.04578559e-02 3.94638553e-02 1.30471364e-01 9.03713033e-02 -6.61170762e-03 -6.83213677e-03 1.54076040e-01 -9.39128175e-02 -1.45481760e-02 -1.06615378e-02 -2.28407588e-02 9.19491798e-02 -9.60094854e-03 5.55818528e-03 4.51315455e-02 -2.88069211e-02 -2.90071331e-02 7.00522810e-02 2.87598908e-01 8.04683864e-02 -1.01389270e-03 -3.93795222e-02 7.16893701e-03 8.35811943e-02 -3.86571093e-03 1.76591933e-01 -1.55315176e-02 4.17790450e-02 -9.92593076e-03 -2.89141573e-02 -4.78644520e-02 -1.94939692e-03 2.13516682e-01 -6.44932017e-02 2.03960285e-01 -3.48175280e-02 -3.86590846e-02 1.82643652e-01 4.23296243e-02 7.06975684e-02 9.02379453e-02 2.57485032e-01 2.70996869e-01 9.17728618e-02 -3.31625640e-02 -2.21490059e-02 1.10936210e-01 4.19056043e-02 3.02677155e-02 -1.47892293e-02 -4.75270487e-03 -7.83914700e-04 6.20944425e-02 -2.56201858e-03 -2.98822820e-02 -3.36773470e-02 1.86171040e-01 6.44359738e-02 -1.39598679e-02 5.16404152e-01 3.68326157e-02 1.27705812e-01 5.93749322e-02 6.97364956e-02 -1.51689770e-02 1.07597157e-01 1.68261439e-01 -2.18973719e-02 2.21153691e-01 -5.57843298e-02 -1.13414340e-02 1.40814453e-01 3.24762791e-01 -1.13310292e-03 5.73252216e-02 -3.37360315e-02 -5.63148642e-03 2.07703099e-01 1.54590815e-01 1.92952782e-01 3.12329620e-01 7.23554194e-02 2.56577395e-02 -1.20014977e-02 1.09756440e-01 1.53989628e-01 4.29660827e-02 4.76979911e-01 -2.26165727e-02 -1.76925529e-02 -3.72837707e-02 4.39995378e-01 -5.02188802e-02 -4.26645158e-03 -4.61235866e-02 1.83988363e-04 -4.40632105e-02 -1.00035500e-02 -2.21177340e-02 1.24666281e-01 -2.34584659e-02 8.19803178e-02 1.10551186e-01 1.01564907e-01 7.22142085e-02 2.81537980e-01 -3.26992460e-02 -3.46782096e-02 9.77559760e-03 -1.98460370e-02 9.62489769e-02 -5.54321660e-03 -3.29046100e-02 -3.25836912e-02 -3.76034155e-02 -1.72384344e-02
7.62505531e-02 1.25883386e-01 7.54599199e-02 -1.52396932e-02 3.35324332e-02 1.88115239e-01 -4.70210006e-03 -6.69449940e-03 7.78897256e-02 -2.50833333e-02 -5.43628912e-03 -3.04926578e-02 -2.74607390e-02 -1.64258434e-03 -6.90855412e-03 -2.03429349e-02 1.01625696e-02 1.10689931e-01 -1.77580807e-02 2.77270764e-01 -2.96764914e-02 -1.99449789e-02 -1.80197526e-02 -2.06243135e-02 -5.51011600e-03 -1.24585815e-03 -8.29945784e-03 -1.94234811e-02 -1.56475231e-02 7.14116544e-02 1.21219128e-01 -8.04353319e-03 8.80569518e-02 -2.21371837e-02 -1.22220991e-02 1.40000552e-01 1.30641714e-01 5.44768721e-02 1.62747316e-02 3.55584845e-02 1.16054833e-01 1.54562712e-01 -1.13150198e-02 -3.25740650e-02 2.30476242e-02 4.18442562e-02 2.12726891e-01 7.17326626e-03 -1.09827546e-02 3.06769833e-02 7.22744539e-02 3.99943590e-02 -5.20130806e-03 -1.31936446e-02 -2.69134576e-03 -4.60262559e-02 -3.32662240e-02 6.94653392e-03 4.18356806e-02 -9.27668065e-04 2.28684098e-02 5.30581325e-02 2.16997303e-02 4.29550894e-02 -1.69509207e-03 -2.04283535e-03 -3.55588682e-02 -3.25379521e-02 1.64312854e-01 -3.95294167e-02 1.34418234e-01 2.79072464e-01 2.29089126e-01 -1.58533435e-02 3.39817628e-03 9.66063216e-02 1.68671861e-01 -1.94675103e-03 -7.95744453e-03 -1.37142390e-02 1.01293012e-01 -2.18605138e-02 8.10120627e-03 -2.84068985e-03 1.34348065e-01 -6.98427018e-03 -3.13689210e-03 4.91303131e-02 -1.79059431e-02 1.46988072e-02 5.28633185e-02 1.03548579e-01 9.45804268e-02 -6.70000911e-04 -2.78081112e-02 2.44492088e-02 -1.11183077e-02 6.62084147e-02 5.69852516e-02 2.95574278e-01 4.52839024e-02 -6.64497167e-03 -2.24284530e-02 -2.01897090e-03 -1.94291733e-02 -6.81771757e-03 -3.11698355e-02 -1.57122277e-02 -4.14024293e-02 -2.09783204e-02 1.01789355e-01 2.47858271e-01 -3.66113074e-02 3.49678360e-02 1.14461072e-01 3.32538597e-02 1.96281411e-02 -2.65103281e-02 -1.94433630e-02 -4.88946028e-03 -1.39654092e-02 -2.38294713e-02 2.51963139e-01 -2.47748476e-02 -7.48725329e-03 -8.18216428e-03 -8.66561010e-03 1.66235253e-01
6.53885603e-02 2.45626550e-02 1.36601143e-02 -5.66205429e-03 9.43169147e-02 -9.49650630e-03 1.01139143e-01 7.61685073e-02 1.07414760e-01 -6.48243539e-03 -2.76605994e-03 -7.95360841e-03 -9.74691473e-03 -1.14340736e-02 -9.44176398e-04 -2.22408939e-02 -4.01291065e-03 7.68364221e-02 2.43791565e-02 4.28112634e-02 -1.77481510e-02 -2.41442826e-02 -7.61713833e-03 4.69094515e-02 1.31297663e-01 9.05722380e-04 -4.86640632e-03 -1.83277167e-02 -1.76105350e-02 6.71783537e-02 1.20967224e-01 3.06289941e-02 1.35656357e-01 -1.41378380e-02 -1.28192827e-02 9.51112211e-02 5.74808232e-02 2.79897213e-01 -7.82170519e-03 -1.32134305e-02 -6.80933101e-03 -4.02013306e-04 6.60253689e-03 -2.23245565e-02 5.06973118e-02 2.33352661e-01 1.61689699e-01 7.34877028e-03 -1.74043770e-03 9.69017297e-02 9.70415175e-02 -5.31514222e-03 -1.63179990e-02 5.42215854e-02 4.40220013e-02 -3.05721276e-02 -1.10285105e-02 -2.86554778e-03 5.15214950e-02 2.60303095e-02 -2.14257874e-02 1.66001618e-02 -5.58612961e-03 -8.31861049e-03 2.19043903e-03 -8.12647957e-03 -2.31806561e-02 -2.27772538e-02 1.71317607e-01 -2.29354315e-02 9.55494344e-02 7.31187537e-02 -5.19025186e-03 -2.03064121e-02 3.95594537e-03 7.12820739e-02 4.38595042e-02 2.92338170e-02 -1.38146561e-02 2.57400088e-02 -6.83282362e-03 1.24793991e-01 -2.76986277e-03 2.28108391e-02 7.85302222e-02 2.74264365e-02 -1.08802421e-02 2.98143029e-02 -1.54297911e-02 -6.75677229e-03 2.89193820e-02 8.25963542e-02 5.47077507e-02 -8.67573917e-03 -5.58420550e-03 1.14436820e-03 -1.67116094e-02 1.07188456e-01 9.60123353e-03 -1.98155437e-02 -6.22417219e-03 6.07989505e-02 -1.37014557e-02 -6.63829641e-03 -2.40753661e-03 -1.17425229e-02 -7.75762368e-03 -4.84086992e-03 -3.60814780e-02 -9.16392170e-03 2.01102085e-02 1.37283176e-01 -1.30268931e-02 -2.17894046e-03 2.97387876e-02 -4.99180146e-03 -2.28583254e-03 -2.10600439e-02 -5.19994181e-03 4.55880761e-02 -1.24011450e-02 -3.82278115e-03 5.70235923e-02 -7.56937312e-03 5.61934188e-02 -7.29140360e-03 8.27193856e-02 2.94945184e-02
4.55209427e-02 3.78866009e-02 2.33988483e-02 -1.60121499e-03 1.00157000e-02 1.39815837e-01 -2.17673648e-02 -1.07688624e-02 6.69059455e-02 2.01933622e-01 -7.81934895e-03 4.86643165e-02 -8.85504670e-03 1.08841509e-01 2.65878849e-02 -2.24947743e-02 -6.82951882e-03 1.78687066e-01 9.22804475e-02 4.86331619e-02 -1.01672038e-02 -5.55197336e-03 -8.04319791e-03 6.51470274e-02 9.33406129e-02 -3.74516333e-03 -2.54694782e-02 -2.76893266e-02 -1.08858487e-02 1.79328732e-02 1.26750007e-01 8.22066367e-02 9.50173438e-02 -1.80121064e-02 -1.58537999e-02 1.47385538e-01 1.17074125e-01 1.60189718e-01 2.94393189e-02 -1.71389095e-02 5.06410375e-03 -2.10130550e-02 6.67219460e-02 -1.48314647e-02 6.00410029e-02 7.21642599e-02 2.17840910e-01 6.70418702e-03 3.87237743e-02 1.26768455e-01 6.34884238e-02 -9.91199724e-03 -1.10310260e-02 7.05506951e-02 -9.50732455e-03 -1.51207028e-02 -1.18919574e-02 -3.98705807e-03 -9.36272903e-04 6.77882880e-02 -2.21510846e-02 -2.33990164e-03 -1.34880375e-03 5.99287748e-02 1.39269475e-02 2.40173638e-02 -2.47326586e-03 -1.88268460e-02 1.86809361e-01 -2.25995891e-02 1.74163401e-01 -2.47485051e-03 5.31302169e-02 -5.43271052e-03 4.04345468e-02 6.96700290e-02 1.48238480e-01 1.29726762e-02 -8.27501994e-03 -1.95014309e-02 1.16338387e-01 -1.15193874e-02 -9.64689814e-03 9.66877490e-02 4.23629172e-02 -1.37219792e-02 -8.20226595e-03 8.91793892e-03 -6.61554513e-03 1.14307426e-01 1.93261713e-01 2.14763135e-01 1.17674515e-01 -5.27168345e-03 5.17233275e-03 1.79081480e-03 -8.41589086e-03 1.28279515e-02 7.67113455e-03 -2.27633417e-02 -5.96618280e-03 2.28535254e-02 -7.44607486e-03 2.62899902e-02 -3.21737416e-02 -1.16457064e-02 -1.21439015e-02 -1.66744478e-02 -2.48838216e-02 -6.91693742e-03 -1.06256409e-03 1.84312165e-01 1.03717633e-01 -5.23121003e-03 -1.41112395e-02 8.56654197e-02 -2.07273941e-03 -9.48185846e-03 -9.70142707e-03 2.43633777e-01 -1.34337805e-02 -4.08109277e-04 5.87405264e-02 -1.38577530e-02 2.88770702e-02 -2.18454702e-03 -6.95753563e-03 1.67070311e-02
4.08507995e-02 5.72916716e-02 4.20687012e-02 -2.18277657e-03 6.39272258e-02 -2.53190193e-03 -1.01714768e-02 -8.17615539e-04 5.64013273e-02 1.48142297e-02 6.41674176e-02 2.74700653e-02 -2.16410998e-02 1.64515637e-02 -3.83020821e-03 -2.09565945e-02 -4.68520261e-03 1.36826128e-01 1.66195817e-03 6.72131479e-02 -2.28168592e-02 -1.75658334e-02 -1.05816973e-02 -1.22239413e-02 8.01631957e-02 -6.88706432e-03 -1.19741727e-02 -2.96588615e-02 -5.02777379e-03 8.46574455e-02 1.26718968e-01 2.40950286e-03 5.80752492e-02 -7.14299595e-03 -1.23073570e-02 1.95474759e-01 1.17608875e-01 2.31710494e-01 -2.96122325e-03 4.10458557e-02 1.58651806e-02 -1.62442680e-04 1.04069591e-01 -3.13376077e-02 1.47159491e-02 1.20927349e-01 2.17443943e-01 7.75602981e-02 4.94414121e-02 1.10154644e-01 1.03375986e-01 -1.23483203e-02 -1.06502008e-02 2.17602551e-02 -2.25495128e-03 -3.56770568e-02 -3.62597480e-02 -5.08149760e-03 -1.08240952e-03 2.80217566e-02 -2.21087020e-02 3.45511213e-02 9.48987529e-03 -5.26183285e-04 -1.43890027e-02 -6.27169618e-03 -2.66951844e-02 -2.76536550e-02 2.05994353e-01 -1.54329762e-02 1.76841676e-01 1.14381604e-01 8.45397189e-02 -9.14703403e-03 5.73808886e-02 9.58599374e-02 1.76045418e-01 -3.78421042e-03 -1.74136069e-02 -9.87510569e-03 4.16184366e-02 1.69035941e-02 -5.64927841e-03 6.18886501e-02 8.35227817e-02 -1.23496074e-03 -6.25209510e-03 -7.66766723e-04 -1.52442539e-02 1.31863039e-02 1.16710469e-01 1.58174247e-01 1.55322537e-01 -8.75749532e-03 -1.31195337e-02 1.14541529e-02 -9.60030593e-03 9.07250568e-02 3.71480733e-02 -4.59423661e-03 2.17010938e-02 3.08351591e-02 -1.63596366e-02 -2.36035837e-03 -1.64893568e-02 -1.03384061e-02 -1.38233518e-02 -1.37065072e-02 -3.47661413e-02 -4.39739460e-03 7.63983354e-02 1.15323327e-01 -4.94402880e-03 2.31563523e-02 4.37951200e-02 5.72064891e-03 -3.02783400e-03 -1.45561351e-02 -1.46017950e-02 6.99606314e-02 -1.51034333e-02 -5.83002577e-03 1.78302199e-01 -1.17632672e-02 -4.08980995e-03 1.96105465e-02 -7.02785142e-03 3.98080051e-02
6.27758056e-02 6.86880350e-02 1.95234325e-02 1.76794804e-03 9.67535079e-02 2.10766122e-03 -2.49614334e-03 -2.72018660e-04 6.11521453e-02 -3.74015141e-03 6.26938269e-02 3.95836458e-02 -1.75546352e-02 2.42721401e-02 -2.57633231e-03 -1.81204304e-02 -6.01675501e-03 1.22843362e-01 -1.34967314e-03 5.45316301e-02 -2.34681983e-02 -1.74062513e-02 -8.03006999e-03 -8.92623421e-03 1.32862732e-01 -7.26958737e-03 -7.77281448e-03 -2.91288346e-02 -6.53281668e-03 8.94331336e-02 8.87869969e-02 -2.12398497e-03 6.90735802e-02 -2.39668041e-03 -1.14873033e-02 1.56290725e-01 1.12043366e-01 2.29594469e-01 -4.74186987e-03 2.21933573e-02 -5.06663229e-04 -1.24277873e-03 9.46265906e-02 -3.21407765e-02 -1.63276540e-03 1.62949994e-01 1.67070359e-01 8.00911635e-02 5.44755906e-02 8.98923427e-02 1.05386674e-01 -1.24303242e-02 -5.97749092e-03 1.04315467e-02 -2.78354250e-03 -3.79784741e-02 -3.31858732e-02 -2.61527300e-03 -1.46053266e-04 5.12053818e-02 -1.61987096e-02 4.44868729e-02 2.80738194e-02 -1.45243434e-03 -1.38457473e-02 -9.66235995e-03 -1.88442022e-02 -2.93098614e-02 1.90881044e-01 -1.42782945e-02 1.44158021e-01 8.97945315e-02 6.81785643e-02 -1.24325957e-02 6.36524931e-02 8.77701715e-02 1.61928236e-01 -2.96004722e-03 -1.53068248e-02 -8.86099972e-03 4.79257628e-02 7.70246685e-02 -4.14110953e-03 6.48880899e-02 5.69757298e-02 -4.03249636e-04 -7.15888571e-03 5.83530217e-03 -1.50601342e-02 -1.00728148e-03 1.19250663e-01 1.35209471e-01 8.80430490e-02 -1.00236749e-02 -1.25873918e-02 -1.30836410e-03 -1.12861339e-02 5.88598996e-02 4.37799692e-02 -9.30369459e-03 5.05018234e-02 2.10353602e-02 -1.20096589e-02 -6.69093756e-03 -9.38367657e-03 -1.00267427e-02 -6.70798589e-03 -1.15531776e-02 -3.41660716e-02 -3.13754799e-03 8.69377702e-02 1.03184901e-01 -3.03876307e-03 1.23890005e-02 3.75677366e-03 -1.47077255e-03 -6.59093354e-03 -1.40097067e-02 -1.34874023e-02 7.46959299e-02 -1.58414077e-02 -3.66352219e-03 1.39811665e-01 -1.23911863e-02 -1.48039032e-03 2.73750722e-02 -3.42057552e-03 2.94726621e-02
