0.0426870473
0.0799304172
0.035139598
-0.00342216482
0.0670011342
0.138278037
0.00784938782
-0.0077299499
0.0444437787
0.0235196669
0.0134165939
-0.0147136692
-0.0165319815
0.0506514907
0.00251335138
-0.0105557246
0.00861686654
0.0991438255
-0.000815162668
0.110397726
-0.0116701322
-0.0161810294
0.000795135449
-0.00165573112
0.0698941797
0.00119984616
0.00503112795
-0.0115434267
0.000277557352
0.0319058523
0.00972202234
0.00294998172
0.00768261589
-0.00933700614
0.005147018
0.0325560346
0.0692103505
0.0913928226
0.015688153
0.0143769067
0.000832595804
0.0241041034
0.0159805864
-0.0114763165
0.00302339531
0.0992919877
0.0554917455
0.0282954406
0.0153264469
0.0481553264
0.0705124959
0.00624745805
6.42776431e-05
0.0276322905
0.00697494484
-0.0174113456
-0.0145666497
0.00244922633
0.00167102809
0.0633308738
0.00833991915
0.0168360882
0.070143126
0.072927244
0.0144287106
0.0148120113
0.00814733468
-0.0194897465
0.12676391
-0.016525574
0.092843309
0.0604514293
0.0482156351
-0.0052684783
0.0292969886
0.0431151874
0.0418135002
0.0119713368
0.0331432335
-0.00670883153
0.106858663
0.0262492336
0.0216355883
0.0300840735
0.0633023083
0.041560635
0.002061615
0.0273337532
0.004212684
0.0564565621
0.0922079384
0.109042048
0.0337742195
0.000411682122
-0.00754089328
0.01344244
0.0074014659
0.0293002576
0.0504381619
0.0872307643
0.0682218373
0.00617034873
0.0139393611
0.0352889039
-0.0105626304
-0.00275463122
-0.00432872772
-0.013672485
-0.0264245607
-0.0063295369
0.0273525137
0.0913806111
0.0227674376
0.00718585914
0.0333259404
0.0781865418
0.0387542807
-0.00663562771
-0.0122180944
0.0448247828
0.000411882385
-0.00788726844
0.118896782
-0.0124255372
-0.0084533114
0.00190528866
0.00451179501
0.0883029103
