0.0457342714
0.0749261156
0.0307065751
-0.0061082989
0.0951664969
0.093459487
0.0263518766
-0.00527464272
0.0495132543
0.02820291
0.0164468158
-0.0156638939
-0.0192443132
0.0368973576
0.000239239525
-0.00982491765
0.0172983631
0.0832794383
0.00394389872
0.083058849
-0.00656538736
-0.0168851148
0.00342352805
-0.00411347393
0.0644738674
0.002344504
0.0095699653
-0.0118880989
-0.00295743137
0.0396218635
0.024508981
0.000159606032
0.0105998544
0.00132093229
0.010696047
0.0413771383
0.0579951368
0.125332609
0.0191756226
0.0411280692
0.00222564721
0.0421369225
0.0219470803
-0.00834662188
0.00700173248
0.0887942612
0.0476829857
0.0315952636
0.0139857642
0.0691604614
0.0842252076
0.000350000249
0.0138766579
0.0468195751
0.030525934
-0.0144785615
-0.0169343129
-0.00478574634
0.00492700608
0.0746027976
0.00518294144
0.0218269192
0.0601595826
0.0491370335
0.0152269816
0.017858278
0.00235026609
-0.0203691479
0.139255852
-0.0138211614
0.0862066597
0.0966721848
0.0380329639
0.00205279631
0.038125746
0.0412149839
0.0323662087
0.0168457218
0.0352076143
0.00265534013
0.104350582
0.0289355721
0.0382341146
0.0296144895
0.0832468569
0.0441384874
0.00877097994
0.0151211554
0.00183023699
0.0778660178
0.0906226709
0.101483382
0.0445335433
-0.0014028321
-0.00604447396
0.0136565501
0.020522818
0.0522566624
0.0508322418
0.088440679
0.0909316242
0.00762076629
0.0196348652
0.0586593747
-0.00268606306
-0.00649151485
0.0044836076
-0.012911493
-0.0283047445
-0.00396405533
0.0462001488
0.0825133622
0.0144948466
0.000487913203
0.0631284714
0.0793759823
0.0415895209
-0.00101433613
-0.00847477093
0.0272574779
0.000366012391
-0.00149513024
0.115654647
-0.0104207499
-0.00861729216
0.00182104832
0.00717698131
0.0899446234
