-20
894
-239
190
1958
-131
79
-180
1631
-20
-104
-157
1919
2509
1924
-239
-118
423
794
1814
-374
-214
1365
686
-115
1085
1116
2582
-134
77
975
-21
-36
-193
-65
215
1229
-23
3148
70
1052
1203
1090
2126
395
-148
-437
1326
533
-180
266
-39
1034
1011
213
148
1131
-68
-303
-164
1145
-143
-109
-96
1124
1021
603
1930
3065
2061
970
3239
684
1048
-27
353
2024
1098
3167
3022
288
995
-173
-171
-189
374
-32
-73
-81
178
423
1267
-335
-20
303
240
-33
1944
-181
-16
-152
-109
1117
679
38
-120
-161
-292
-89
654
-302
-13
1380
-58
-8
276
-143
-295
-77
-65
1402
-63
811
687
-80
865
-73
429
-521
-2006
-3077
-1752
17195
-943
6770
11684
-1659
18030
30290
-1905
-3039
16527
-2504
24360
-1435
-1010
-667
-2239
-2274
-2050
-139
11872
-1864
-2558
-2468
-2177
6534
-3047
-2871
-1096
-1813
-2930
12967
5255
19880
-53
-1675
6921
4939
25974
-388
-556
28306
-267
4726
-3018
-241
9832
-2781
-572
20352
19717
25495
-30
-2823
18815
-2597
9974
21402
-2605
3617
24051
-735
12396
-637
-628
-2712
-362
-445
-3245
-1990
-2440
255
-2869
28083
-924
24083
6453
14559
-3026
-1661
-2022
13153
-1893
32042
-1735
19963
-1351
-725
-2306
-2131
-1154
5756
-2411
-42
-2483
31934
19844
-3272
-2026
-1464
19259
-116
13175
-1376
-3271
1459
-587
15019
-444
-2078
-188
-2754
12659
-2552
-824
32722
-230
21080
-102
3977
-953
-175
16452
-1094
-1832
