-9717
-24349
18446
-20970
-7096
9268
-16589
10428
-4752
9121
-28016
-12017
-2379
-30093
25388
21584
14591
-12087
20985
2043
-24650
-25561
2755
-25685
7633
18157
20539
-31604
32406
-30120
-4070
-22038
-27187
4465
-3290
-12548
-26690
-30015
-8267
-16131
-21124
32364
-14402
-18766
-25336
-8085
15547
14832
-1408
-369
1954
13661
22910
15228
17919
-8425
-27720
839
1414
-29201
1910
4641
3422
-23783
-12892
-28836
-19246
28461
1145
20397
-13308
27524
-1719
18573
-3338
22593
-29230
-5341
23027
27255
27266
-17700
3037
26340
17343
1941
12926
-32502
-30729
-14511
10239
16991
-24784
-12761
-14479
-28683
-23331
9521
30915
20427
-14960
9722
-19732
9888
-18323
-21570
-10242
-10886
-7931
-3872
30044
-30207
-12184
4883
16533
13119
18847
-5368
18375
-501
29304
-23942
25914
27189
29787
7871
6264
-16637
