5905
-10903
19585
-21860
-16851
31951
14534
-25661
1775
-32175
12312
-18114
8688
20056
-28843
9822
16219
2484
-20129
5670
-16063
30738
-21105
6325
23712
5228
16598
2042
12331
-15480
-4522
-25307
24965
-22415
24082
22581
-19517
8625
-13071
-12546
-28189
-27234
13261
13779
6969
13237
17320
26084
2222
-32755
23121
-9354
-7474
-31755
-784
10449
22066
-18910
21625
24698
26077
2115
22843
30199
-1860
6795
-2448
-5582
8066
-32020
25605
-12631
18342
13396
-7826
26641
-19797
-9348
-27640
-16437
-10443
-13858
6984
3676
18317
4305
23896
-14664
16552
-12905
-20391
-2543
21617
19443
-8775
13139
6505
27533
-8395
70
29612
-17610
-27674
-17273
-7322
-11618
13846
30676
19744
-5024
15784
-28791
-2230
18730
-1484
25090
12396
-6404
32504
-17063
2589
24599
-5879
12
-31866
27260
2232
11926
