1544
-10408
-4945
-30493
15849
20586
-15053
23433
25537
-18743
-15597
-3056
-18267
-5203
13731
19126
-30348
-13886
-4066
11508
-19402
5929
-6966
28659
9575
-23248
13060
-25688
-17293
-10935
-23989
13353
11753
-10939
-27559
6746
-26740
-32701
-8257
24489
-14707
3562
30578
-17754
5733
21191
7502
-28227
18412
18520
17833
14290
774
10217
-9047
-20370
-19815
7345
29212
11861
17304
2951
-28834
14099
-23054
-32398
-14920
16460
-24224
-18864
-7294
10765
20812
11626
8260
-14378
13701
-13789
-9377
-12783
19624
15329
-24032
23612
30446
25630
22693
-27632
-7061
15566
13787
-32423
5235
-29726
18940
21794
-21763
-28085
-17435
-29261
-355
-10144
20505
4963
18661
15738
-14776
-15012
22461
17340
-9596
-20071
31730
30683
4727
2269
2396
26972
-28821
1977
-5056
17266
4923
-332
14704
18528
26900
4374
4851
4615
-14764
21029
-32655
-6534
-31296
29469
-26499
16777
22727
18402
6237
-28546
-30051
27499
-12942
-1436
6491
-14485
-21987
-16347
31311
-26643
6981
-10578
2936
-9718
-26489
2749
30424
-3433
22136
5862
11343
27884
-5648
9685
-22383
-14358
31195
-24334
-11946
4466
-27823
32243
-17512
-15988
-9896
4369
-13136
20777
-28649
-9370
18645
2444
24496
8023
1550
-20997
-6462
-31888
-28066
-19955
27608
-24845
3031
-16313
15570
16125
17322
27849
-818
25400
-23926
1592
-29257
-18395
-25671
-21039
7360
15608
-27361
14166
26519
-5381
1569
-7762
31371
10845
7858
19508
-29427
-12866
-4330
29229
14490
-12507
-5374
-29829
-5671
20522
-28594
17156
32718
-29779
26674
25417
-28285
19320
-12745
7309
19987
30865
-28581
-15290
-15765
-17091
5779
19808
16848
-8954
31787
-14532
-21343
-2519
17361
4131
19287
-30057
-19469
-11193
-22765
24333
-13207
-9764
18174
-15568
-23967
-20229
29760
-32364
-15702
-26366
-14349
3819
-22938
1783
22338
-1988
10631
30535
17743
-26970
-9717
-15177
-18863
-14947
21955
-4317
8074
2650
-9880
23940
-166
-14116
-7746
21371
-3913
-28799
7617
-2480
96
28495
-3998
5008
-31767
29984
-32667
2677
23620
25014
-9146
-32660
18873
-1023
-15642
-18838
4103
17955
27600
28437
-1260
8738
9149
-2515
-16250
7806
-19383
30133
753
-29733
143
-2969
10873
25204
-21362
13809
6288
-24070
-24693
-21641
7160
17979
10566
27391
-9289
-6738
-4139
8186
-26429
6778
24392
18908
4752
-13638
-32013
-14473
-10355
5709
4985
20721
12219
-27854
-11512
-17041
-12081
22911
-22508
1384
-18585
1651
-12935
-28076
-7138
-28841
20629
11888
-24620
-32006
27305
-32169
-21343
12417
29297
24065
14107
12375
-25836
-13748
-2730
-1663
-23666
22791
-16948
2570
-16980
-24576
-6052
5114
-9485
10629
24262
-23257
-8180
12216
-19264
20938
-29223
15053
-17939
17980
-17645
-2189
-18495
-21270
-20302
30023
16824
-24230
25573
22121
-16223
32024
1343
-20121
-26221
30910
21949
-9206
21328
-25837
-1307
-29360
-1876
27861
10773
-26488
21769
-6254
26351
-7835
14585
-18423
5754
5509
29377
7841
-21046
9915
12750
22389
28049
15454
-2885
31177
-20503
380
31187
-27681
-2821
7527
184
23496
11092
-4392
-26493
1109
21398
15311
26620
19234
-17094
6738
-8181
-21305
26578
-2782
-426
26040
-28129
-18083
-17683
17482
-18583
5111
26042
-31018
27395
-4208
-24241
-17326
-6964
6538
-10055
-31415
-8825
-5114
30260
12029
17936
20756
16570
14741
-21504
-5557
15806
-31208
31202
-29380
-10206
-3654
4085
-30783
251
-3284
-4372
-1279
22250
17763
27118
9543
-28564
-2712
-14055
10304
22202
-1094
-3348
32052
-3367
-24678
25855
-14773
-3868
9537
-15087
16529
-21451
-8059
-4651
-20447
-8382
-15068
-1073
-19102
-8185
28379
10553
-25243
-12781
-8077
-24064
16039
23681
20076
25381
-2880
22607
-10888
-29005
28872
4255
4836
-6654
1059
-31029
-16582
26239
-16310
16532
21716
-2330
3998
-4544
23155
7361
-21844
28358
-1189
-3116
18842
-31281
-10413
17281
-24844
-17986
-30556
21415
624
-31812
12513
29631
13284
17433
-5908
-16944
32517
16133
1154
5623
14519
-10582
-13869
23897
9847
-16965
-19406
-25457
-27940
-23478
-14126
-9071
-24055
-14375
6886
13378
-13256
-30361
15937
-13698
-24420
-13883
11810
16695
12691
-7275
-2283
-7721
29758
-9863
10877
-26250
28677
13201
-8773
-15687
-15286
-11768
-26605
-20200
-18139
-1009
16343
-2915
-29845
4296
19056
4971
17678
-10240
26732
-3178
-17421
-10587
-21485
13296
-24981
-22181
-17305
-5898
-9939
-31753
-17727
16514
-592
-10177
27484
32504
-9131
-30509
26521
18946
-10591
12938
21746
-16682
18496
26620
31454
-30811
6579
-32097
-16997
-22971
-3003
17953
7663
-24677
30391
13053
-9833
-16347
-532
-19811
11444
-2628
-3171
-12239
-30936
-16481
19279
-7664
20915
32435
-8476
13618
-4826
293
-27958
-31844
10244
-31322
-30857
-10882
-27240
25788
-6691
-2422
238
13780
12899
-3600
-31666
-29037
-20768
-9028
19549
10193
28275
-25471
22474
-26279
19024
-16761
12344
5686
-11249
28766
-11382
-30824
-12415
17587
11532
-14789
-28592
4018
-2160
13209
8072
-24010
11017
-30558
15293
11353
-8110
2591
-32246
-12424
17802
24171
3683
11204
1307
-31742
-23839
30847
14424
-11419
2594
-15956
29139
25274
-5738
14770
-29505
-3376
-25437
-25246
8151
-32338
-19891
1065
-6416
28203
2922
-4037
-32723
-28828
-20283
3301
-29198
3854
-15142
23720
9087
-26953
24085
-1754
5752
30767
-13155
9552
-5168
-14632
10318
30430
-18640
24163
18799
-24087
21150
17618
-22142
26938
7924
-23068
-11730
-13293
22229
7239
17431
4552
-28570
-3515
26853
-11057
-28441
16773
-12057
-20429
3565
23504
25511
4026
9603
-23443
-9181
-7340
-17250
-2310
-9043
-16134
-32453
-31227
21476
-22537
30382
-10321
-13224
-20146
20139
-10787
-18644
25412
-29638
-18261
11784
-14319
21419
15086
-28604
15578
12856
-7872
-7611
28001
-11004
30824
-29065
-27278
-25545
-7909
11909
-14475
7722
-25507
14402
4981
-31856
24177
-5931
15270
19054
-16685
-24531
-1492
2588
6830
10623
-24597
20988
20625
30794
14796
-24660
10142
28186
-8036
-6168
17203
-16746
19319
-17784
-20124
-1018
18266
-12860
25561
3366
-2942
-14978
-20889
12754
22456
20232
14843
-12153
-29279
-24405
6848
20839
23212
14929
-6513
4098
-24836
-23916
-6321
-17481
-30458
-17118
29478
2181
-22301
-30941
13847
-4458
6296
-23042
4643
5714
2053
23715
8208
-19704
1383
-24094
15278
-25817
2009
-17804
17045
31741
4815
11367
8780
14332
18025
14629
16439
30513
30877
-23349
-29793
32289
2149
20287
-3795
15960
-25823
-26918
-16932
-9159
-19020
-13647
-2875
32764
-28752
-16454
28277
-29408
7964
3403
-20490
-9449
-25792
27190
-2385
2131
15059
-12448
23224
-20572
-19485
-30217
-21142
-25438
-14913
27219
32766
1338
14254
-20399
18967
17326
16449
-17397
8187
-7300
-21076
18620
-17263
12113
-20558
27860
9683
16912
17276
22871
1530
21762
-450
26748
-28562
-11690
1544
-10408
-4945
-30493
15849
20586
-15053
23433
25537
-18743
-15597
-3056
-18267
-5203
13731
19126
-30348
-13886
-4066
11508
-19402
5929
-6966
28659
9575
-23248
13060
-25688
-17293
-10935
-23989
13353
11753
-10939
-27559
6746
-26740
-32701
-8257
24489
-14707
3562
30578
-17754
5733
21191
7502
-28227
18412
18520
17833
14290
774
10217
-9047
-20370
-19815
7345
29212
11861
17304
2951
-28834
14099
-23054
-32398
-14920
16460
-24224
-18864
-7294
10765
20812
11626
8260
-14378
13701
-13789
-9377
-12783
19624
15329
-24032
23612
30446
25630
22693
-27632
-7061
15566
13787
-32423
5235
-29726
18940
21794
-21763
-28085
-17435
-29261
-355
-10144
20505
4963
18661
15738
-14776
-15012
22461
17340
-9596
-20071
31730
30683
4727
2269
2396
26972
-28821
1977
-5056
17266
4923
-332
14704
18528
26900
4374
4851
4615
-14764
21029
-32655
-6534
-31296
29469
-26499
16777
22727
18402
6237
-28546
-30051
27499
-12942
-1436
6491
-14485
-21987
-16347
31311
-26643
6981
-10578
2936
-9718
-26489
2749
30424
-3433
22136
5862
11343
27884
-5648
9685
-22383
-14358
31195
-24334
-11946
4466
-27823
32243
-17512
-15988
-9896
4369
-13136
20777
-28649
-9370
18645
2444
24496
8023
1550
-20997
-6462
-31888
-28066
-19955
27608
-24845
3031
-16313
15570
16125
17322
27849
-818
25400
-23926
1592
-29257
-18395
-25671
-21039
7360
15608
-27361
14166
26519
-5381
1569
-7762
31371
10845
7858
19508
-29427
-12866
-4330
29229
14490
-12507
-5374
-29829
-5671
20522
-28594
17156
32718
-29779
26674
25417
-28285
19320
-12745
7309
19987
30865
-28581
-15290
-15765
-17091
5779
19808
16848
-8954
31787
-14532
-21343
-2519
17361
4131
19287
-30057
-19469
-11193
-22765
24333
-13207
-9764
18174
-15568
-23967
-20229
29760
-32364
-15702
-26366
-14349
3819
-22938
1783
22338
-1988
10631
30535
17743
-26970
-9717
-15177
-18863
-14947
21955
-4317
8074
2650
-9880
23940
-166
-14116
-7746
21371
-3913
-28799
7617
-2480
96
28495
-3998
5008
-31767
29984
-32667
2677
23620
25014
-9146
-32660
18873
-1023
-15642
-18838
4103
17955
27600
28437
-1260
8738
9149
-2515
-16250
7806
-19383
30133
753
-29733
143
-2969
10873
25204
-21362
13809
6288
-24070
-24693
-21641
7160
17979
10566
27391
-9289
-6738
-4139
8186
-26429
6778
24392
18908
4752
-13638
-32013
-14473
-10355
5709
4985
20721
12219
-27854
-11512
-17041
-12081
22911
-22508
1384
-18585
1651
-12935
-28076
-7138
-28841
20629
11888
-24620
-32006
27305
-32169
-21343
12417
29297
24065
14107
12375
-25836
-13748
-2730
-1663
-23666
22791
-16948
2570
-16980
-24576
-6052
5114
-9485
10629
24262
-23257
-8180
12216
-19264
20938
-29223
15053
-17939
17980
-17645
-2189
-18495
-21270
-20302
30023
16824
-24230
25573
22121
-16223
32024
1343
-20121
-26221
30910
21949
-9206
21328
-25837
-1307
-29360
-1876
27861
10773
-26488
21769
-6254
26351
-7835
14585
-18423
5754
5509
29377
7841
-21046
9915
12750
22389
28049
15454
-2885
31177
-20503
380
31187
-27681
-2821
7527
184
23496
11092
-4392
-26493
1109
21398
15311
26620
19234
-17094
6738
-8181
-21305
26578
-2782
-426
26040
-28129
-18083
-17683
17482
-18583
5111
26042
-31018
27395
-4208
-24241
-17326
-6964
6538
-10055
-31415
-8825
-5114
30260
12029
17936
20756
16570
14741
-21504
-5557
15806
-31208
31202
-29380
-10206
-3654
4085
-30783
251
-3284
-4372
-1279
22250
17763
27118
9543
-28564
-2712
-14055
10304
22202
-1094
-3348
32052
-3367
-24678
25855
-14773
-3868
9537
-15087
16529
-21451
-8059
-4651
-20447
-8382
-15068
-1073
-19102
-8185
28379
10553
-25243
-12781
-8077
-24064
16039
23681
20076
25381
-2880
22607
-10888
-29005
28872
4255
4836
-6654
1059
-31029
-16582
26239
-16310
16532
21716
-2330
3998
-4544
23155
7361
-21844
28358
-1189
-3116
18842
-31281
-10413
17281
-24844
-17986
-30556
21415
624
-31812
12513
29631
13284
17433
-5908
-16944
32517
16133
1154
5623
14519
-10582
-13869
23897
9847
-16965
-19406
-25457
-27940
-23478
-14126
-9071
-24055
-14375
6886
13378
-13256
-30361
15937
-13698
-24420
-13883
11810
16695
12691
-7275
-2283
-7721
29758
-9863
10877
-26250
28677
13201
-8773
-15687
-15286
-11768
-26605
-20200
-18139
-1009
16343
-2915
-29845
4296
19056
4971
17678
-10240
26732
-3178
-17421
-10587
-21485
13296
-24981
-22181
-17305
-5898
-9939
-31753
-17727
16514
-592
-10177
27484
32504
-9131
-30509
26521
18946
-10591
12938
21746
-16682
18496
26620
31454
-30811
6579
-32097
-16997
-22971
-3003
17953
7663
-24677
30391
13053
-9833
-16347
-532
-19811
11444
-2628
-3171
-12239
-30936
-16481
19279
-7664
20915
32435
-8476
13618
-4826
293
-27958
-31844
10244
-31322
-30857
-10882
-27240
25788
-6691
-2422
238
13780
12899
-3600
-31666
-29037
-20768
-9028
19549
10193
28275
-25471
22474
-26279
19024
-16761
12344
5686
-11249
28766
-11382
-30824
-12415
17587
11532
-14789
-28592
4018
-2160
13209
8072
-24010
11017
-30558
15293
11353
-8110
2591
-32246
-12424
17802
24171
3683
11204
1307
-31742
-23839
30847
14424
-11419
2594
-15956
29139
25274
-5738
14770
-29505
-3376
-25437
-25246
8151
-32338
-19891
1065
-6416
28203
2922
-4037
-32723
-28828
-20283
3301
-29198
3854
-15142
23720
9087
-26953
24085
-1754
5752
30767
-13155
9552
-5168
-14632
10318
30430
-18640
24163
18799
-24087
21150
17618
-22142
26938
7924
-23068
-11730
-13293
22229
7239
17431
4552
-28570
-3515
26853
-11057
-28441
16773
-12057
-20429
3565
23504
25511
4026
9603
-23443
-9181
-7340
-17250
-2310
-9043
-16134
-32453
-31227
21476
-22537
30382
-10321
-13224
-20146
20139
-10787
-18644
25412
-29638
-18261
11784
-14319
21419
15086
-28604
15578
12856
-7872
-7611
28001
-11004
30824
-29065
-27278
-25545
-7909
11909
-14475
7722
-25507
14402
4981
-31856
24177
-5931
15270
19054
-16685
-24531
-1492
2588
6830
10623
-24597
20988
20625
30794
14796
-24660
10142
28186
-8036
-6168
17203
-16746
19319
-17784
-20124
-1018
18266
-12860
25561
3366
-2942
-14978
-20889
12754
22456
20232
14843
-12153
-29279
-24405
6848
20839
23212
14929
-6513
4098
-24836
-23916
-6321
-17481
-30458
-17118
29478
2181
-22301
-30941
13847
-4458
6296
-23042
4643
5714
2053
23715
8208
-19704
1383
-24094
15278
-25817
2009
-17804
17045
31741
4815
11367
8780
14332
18025
14629
16439
30513
30877
-23349
-29793
32289
2149
20287
-3795
15960
-25823
-26918
-16932
-9159
-19020
-13647
-2875
32764
-28752
-16454
28277
-29408
7964
3403
-20490
-9449
-25792
27190
-2385
2131
15059
-12448
23224
-20572
-19485
-30217
-21142
-25438
-14913
27219
32766
1338
14254
-20399
18967
17326
16449
-17397
8187
-7300
-21076
18620
-17263
12113
-20558
27860
9683
16912
17276
22871
1530
21762
-450
26748
-28562
-11690