23249
-25430
-9783
10247
-24138
16075
1512
23312
-26924
-8256
14452
6932
9307
-16304
-17061
-8134
-29454
-2291
22565
6500
24506
-5573
-2893
-17577
-16363
19056
-6682
32438
-2670
25790
28060
15970
-22090
16789
-9950
22573
-18626
-30640
17703
29928
20330
29662
12252
6626
-22214
17467
-26255
-12329
5850
-1027
11991
22643
26624
-5853
11569
14837
11503
8138
-16472
-22944
-9447
-27079
1471
11979
-23663
24571
-450
-21414
16849
29207
7809
4777
3150
-14945
16767
5053
-12615
31316
-24425
32623
19339
6723
-32406
-29769
29429
-15700
25895
7934
-26524
25386
17005
-4954
-14078
3133
-15019
3906
4608
-12095
-2984
28737
-11695
-7327
23686
491
11004
-389
20030
-9811
10532
25793
-24117
-25537
-24292
-26930
6786
17649
3791
-17247
29154
-23215
31150
6094
28065
-785
27878
-19107
14075
-30716
1491
1984
-16143
26841
21964
-29737
-12637
12085
-20741
10329
-18938
-19072
-17131
16857
-7410
-11395
19064
16353
8685
-7833
12714
32140
-31852
5724
14434
14957
5348
-9441
13306
-12897
-32063
-22663
-20489
14958
26964
-6069
32209
23356
-27350
-22366
-5750
-14965
18439
31563
-15096
9057
-29849
22848
-24169
-3169
25346
4172
24205
28854
8242
104
8327
15737
23694
-19302
264
13046
-2809
11629
32733
-10869
-23929
-25363
-1918
-26062
-32508
-29269
-13664
-19695
-25653
28623
-12012
21765
1546
-1526
-6985
-9621
-3696
9295
-17842
20298
-10506
-24115
10054
26342
-17333
-7961
-4180
-176
-28645
11776
-893
7044
22337
20559
-20405
425
31328
9977
29177
17313
3397
32191
3958
-20126
6007
-18446
-20543
-7290
-26018
6529
13040
13350
4714
30151
-18527
-25304
-6141
9786
-22072
-885
21160
-4126
-12522
24707
-21574
-21146
-2051
-28967
-30301
15636
-17728
-9963
-22190
20351
-18248
7820
-26815
-17571
-2164
1900
25460
29734
20113
5844
21322
15708
-21048
29833
1955
11014
13117
-23308
-23602
19078
-5494
2390
18900
-26927
2977
-17744
19338
11793
9375
-4816
-30559
-9991
-6889
-24593
-4857
32431
-24053
3143
-29910
9876
4567
-13581
-16527
-1956
19889
26253
-8566
-1822
9140
-10899
-13038
30449
-3921
10709
-20039
-22906
12021
13797
-26383
30357
23938
-22260
-20551
-25102
16320
-335
-7931
18347
22372
5142
29181
-4787
-7395
655
21104
-19771
-12396
-12533
31132
31725
-26877
-32727
-28515
12957
-27373
-27705
-32076
-28830
-11167
8446
26609
-11565
-26265
30649
4421
-30299
24576
13032
-776
26505
9028
-8728
3246
9194
15808
28529
-29149
-23426
11206
-564
27466
-1619
-6338
18152
-29876
-4073
8433
-2004
17238
28654
-7659
-31134
173
-26815
-8207
8186
14580
-17944
-12271
-25912
-27709
-25471
-29956
16939
20139
-309
-1498
26919
-13084
8161
23973
984
29181
8318
32726
4515
-21110
15466
-6494
3368
17063
-26080
10061
5480
-29335
29275
22710
-8038
-30846
-10616
28073
32592
22922
24516
-28769
5299
27461
26374
11268
18647
15483
-26561
12147
25496
-4134
-17580
-18553
31762
-18727
-29112
-16590
10427
14213
29225
-17080
31363
-23149
19063
-19324
28492
-26752
-27332
29676
-12265
-8847
-16063
-15279
-15548
3249
-1552
-9995
31077
1906
1370
20150
15913
32147
31936
11306
-5197
128
12900
3182
20941
14733
4647
13030
26999
-26201
12406
25413
14201
-1658
-8332
8170
-10696
21604
-18891
-18789
-10836
31769
-29781
-9626
-26997
24352
-8962
6330
29763
1457
-24531
11206
7935
20876
-8603
21583
9747
-14162
-12798
-6692
-1062
-11445
20287
26962
-30487
29269
9743
31580
20528
9607
3409
-29154
11335
18866
8283
-14258
1031
10797
21826
11918
-7842
-18761
-5794
16101
31702
-24682
909
23066
1425
1693
-330
28817
10360
21724
6531
32661
-12007
-5583
-4173
-19149
-6601
21390
-31122
18353
-1119
29407
-5756
-13456
-25426
7117
5556
-2081
-29588
26897
-10340
1586
-17274
9914
-30947
-2733
-23184
1986
11177
-10568
1371
6240
-14346
-22526
27656
-1822
18656
10543
-30169
-26886
29245
-11894
-8758
17992
-29527
-19516
11419
-5492
-19264
25994
-26907
-10452
-4484
25341
-20380
22591
5603
-22698
7413
-6814
12941
-5254
21861
30085
-21475
-7964
1499
-23342
-18588
5591
8253
-31951
11448
20861
29819
-31794
-19684
26437
2094
6962
-25990
-21648
-5408
5206
28884
-26427
-27799
5372
-1879
28584
3814
8454
-28542
27027
16234
29001
-31685
-29725
17898
-4895
-6440
9947
8442
30068
-30446
-27989
29357
-24087
32078
21577
13304
31857
23944
-15940
12677
7395
28078
31683
7540
-28956
-3273
-5185
-3273
15649
-20976
2540
-23205
20343
30022
-367
5016
-12506
-6841
31616
-10111
2726
21935
18828
-19889
-11640
22487
-21981
-4560
-4008
-15473
626
10227
13172
-11282
17020
-12817
4401
-7997
27078
19575
29741
-20479
-13603
-9328
-4199
5308
29632
8396
-30172
-22864
-17211
19692
13100
-4861
23720
5150
-25573
-12431
-17298
-21637
-20025
7154
4591
-11404
-20250
-20602
10513
9538
-10112
22067
16245
30871
14760
6319
25678
32023
-15124
27636
12334
-31099
-30996
-7179
-16059
-20010
-10049
5400
-713
32635
14374
16231
10970
-32350
7002
13073
27603
-5173
77
1302
169
10805
256
-5722
-23343
-23435
-27277
-13728
-17324
26041
5359
13478
-12143
23853
-3622
-9953
5770
14234
26384
-10505
-19021
-5338
-6852
6800
-26654
-10371
-4903
-18476
20855
-18476
-23097
12034
-17135
17707
32131
32571
-29391
-31754
-418
-23974
304
-14070
16636
1220
21739
21223
29771
2365
3040
20140
26525
-10145
-3115
20377
27037
24328
-20420
19565
22161
23271
-31470
-3633
-26649
29690
7334
-18611
-22756
-7641
8439
22599
9097
12534
20470
-4974
25805
30372
5016
20263
680
6781
27123
-24362
9183
-2860
-19886
2020
4631
29507
-18124
57
29239
32113
3797
20873
9576
-9694
-29792
29407
17467
25052
12602
28520
-26002
24311
-26976
-13775
-20050
19911
-21936
22243
20270
21491
32275
-11102
14352
-20515
-32259
12930
31952
5429
20491
-5773
31004
26184
-25087
-32213
-6027
-2075
19008
2286
22389
-1159
29558
11008
-13400
-25018
7695
-18044
6306
-17363
18346
9534
4743
7609
8448
-31061
-22387
-24928
29331
697
30542
31683
-8849
15415
-4900
15442
12543
10535
10563
27815
-20829
-23079
-9998
-23978
5069
1503
26465
25644
-10013
32298
16024
21386
16935
-26476
-19429
-12087
-30383
-20604
12967
-5499
3059
-22714
31708
361
17423
31214
-1055
-7332
18011
10094
20550
-26075
-9380
-21422
17790
14445
-24835
-18295
-23121
1601
-659
28399
23930
-15820
16798
-22155
15413
-14767
-14588
-9196
26749
13058
-3321
-22114
7922
-20285
21896
1488
784
-21783
15944
-10574
-31583
-28890
-32063
31432
-16694
-4468
-16374
-6201
12076
-28171
-25175
-18575
-15055
20808
15714
-4401
16140
20480
-30767
11828
-24782
-29070
-1112
-13973
-30207
31191
14257
-4738
9415
3367
28947
20245
15831
28861
-18147
31328
6932
27141
13239
31402
-15462
32116
24564
14669
-5039
-27445
-16324
12335
31377
3738
18747
19011
7110
-8335
20076
28586
-29870
22387
4880
32397
-11781
-5065
30115
27885
3934
-14819
26197
-28197
-4385
-14102
-2895
-26393
5093
14911
-3747
26724
-15889
-670
27262
-12451
11722
-1070
28278
29086
-21817
2948
21520
-6957
19832
-9804
856
16762
17532
27917
29025
-21153
-6417
19696
16605
32498
11027
31941
32207
27771
-15341
-5084
-5581
10107
-22004
25022
-25254
27237
22290
-15805
16715
-20060
-3191
-20151
29655
22660
5750
14390
1429
11299
-27376
-26584
-18878
6412
32644
13285
-19340
12585
14225
29473
9712
32592
-7071
-9674
-26939
3324
-18697
-21247
11163
-18740
-9022
-31697
-23524
-16589
-414
26508
-29754
2814
12172
-3334
30521
11776
-13117
6930
16065
-30342
-16058
17493
-29149
27113
6754
15048
866
-30099
-22384
-3163
23140
-28701
31166
-17624
-8290
31449
-17855
-18055
-6407
-4682
-9398
21791
-18237
-11863
8327
27992
-11862
-19432
-147
4684
-19257
22732
-12049
-19097
2402
-23096
1499
10502
-10059
-15904
17015
-19818
-21222
-22009
-27554
29646
-7207
-28787
-23675
17948
-16950
-10517
545
-26256
19107
-28582
-1916
-15788
8601
7164
21437
7311
-14239
-28746
-16031
-17439
13351
-11649
28227
57
-2331
8437
1326
-28193
-24815
-7627
-28992
-9489
-5282
-13484
11233
-26538
5152
2350
24693
-3160
9397
-21068
-5570
30321
27064
5501
16806
-28050
-20621
-20132
-4087
-16504
-21315
32394
-9910
-16610
-28516
26938
-15041
8193
6271
-10095
-31417
-349
29091
23750
25442
28618
-18106
-9916
-6007
29620
-24441
23106
15957
-15825
-9190
15082
-12487
-3436
10884
-28868
-8319
18124
2853
7803
25784
-15199
5349
24037
14321
31699
10990
-9908
-5043
14987
3964
5663
-28886
-878
-28771
708
15374
-5746
-2412
4578
-6050
4151
-24033
-28512
-23328
31293
27376
14630
-29043
-5446
20897
-9027
-5750
-28871
-30389
24167
-3045
-23455
-11734
-30523
-18112
-3707
-21886
27845
30122
-384
-19079
1913
29493
-8312
-26948
-668
15613
-18068
-11827
412
26184
-11711
23611
27990
-2946
-15105
5048
-27042
21570
20975
30663
17112
-18169
21160
6908
30599
6408
20375
-6375
16457
28241
28431
19944
-31059
-8042
7962
-32523
-6229
-1621
-12486
-32403
24094
19684
24871
8229
-11342
-27101
3767
32038
5874
2996
-25936
13153
1341
31007
32408
-32065
16005
26747
-7497
14
31383
-18482
23387
-27834
9768
4994
-31868
-21865
-14149
-19490
-24382
19040
-22048
-32698
22163
7068
-17659
-17446
-753
-5468
-12651
-4521
5365
4153
13965
15799
-27571
10737
-7440
-20072
10355
-27293
-22406
12371
25649
16073
-17076
7265
14065
10944
11783
8623
-31884
320
25001
5672
-3120
-10079
-9499
-8785
1550
-16553
31905
17371
-4602
-20126
3228
594
27859
-10214
-8110
-4079
-6053
22401
31757
-29818
1246
9554
-28213
-21275
-24980
17882
-22797
14806
-20795
15806
-26469
-4129
31733
13565
-4130
-16893
19337
-27534
6579
-11136
-9931
-25933
1780
-14340
-11460
-13467
11197
-10081
-25421
-24171
14277
4825
-21317
5382
11909
-19038
4561
4247
29163
-30188
29274
-20201
-9001
21593
-20092
-16919
511
21408
11959
-21596
26772
19055
-8145
5407
-25134
-9199
20559
19071
29554
-19768
-26589
-130
6633
2641
28742
29252
4915
-17967
9674
-30464
-28557
15632
-20107
-21254
30521
-7465
-31403
5397
-17875
6245
-6800
24537
-10955
-27431
21229
-20773
15093
-23102
-14834
19583
25206
-23893
-21286
-24008
-28465
-20399
-8481
-9393
18419
31493
-23544
-12308
-7176
32595
-7761
28231
-28952
-7588
-30442
1327
8582
-15172
-2117
29851
-2825
27305
11379
-24059
7739
30680
20686
16490
27340
-23149
29634
7904
-1990
-21980
-3895
7863
-22224
-27251
15580
32250
-19028
-20891
-2044
-31103
3715
-22867
32571
-20552
31948
-11370
12318
3890
5086
31418
17441
-13288
683
29483
7542
20463
15875
-31667
10944
-13813
-24090
27798
5723
25878
7358
30226
-2932
-26879
32075
-28006
-4486
10116
7473
29830
15611
-4987
20620
-16840
21963
7272
-9908
31252
-2614
588
25979
5447
-2479
-6634
-32339
-23851
-5181
-732
18332
10427
8395
-4147
14329
-2055
-24465
19217
21560
6502
21442
7109
-29931
28334
5659
21445
-13146
-27056
-15776
-5865
25881
-22353
1947
-27006
-3421
-2351
2710
-19718
-27403
-11449
-7323
-21755
7398
25269
-20953
-10891
-20459
-32032
10500
-7721
30263
22551
-25245
28273
305
6274
28704
13210
20024
23805
21013
1909
17561
-11550
-21287
13632
-15530
15681
-52
21478
6524
-5190
21
24880
-5555
-26607
-4641
-7009
1002
-3201
-9598
18176
25866
25987
-4187
-7713
16474
-28774
21628
28146
28413
-25582
-1442
4301
28367
19856
7628
-12100
29836
-30644
-20600
-6832
13033
-16874
6178
9490
9877
1838
16907
8537
25632
-11870
-11095
683
-31933
-24643
-16373
-22242
15640
-12456
30351
11196
10645
-25854
1119
11936
3171
-13229
3256
-13362
-20762
-2131
-2410
-24718
4601
22115
-9131
-2974
6469
14923
-14779
27808
21660
7844
-17024
-19918
24356
17983
25009
19817
5349
16797
-17803
-283
-7884
24642
6614
31374
8291
20932
24528
8371
22429
-3419
-8973
-25682
11499
-1930
1787
1677
-30640
-99
14121
10524
29883
-21853
582
31078
1042
10903
21685
-19167
14396
14826
-21731
27447
23546
4779
12622
1698
-25192
4690
-16050
3582
22726
16933
32040
24958
-12022
-32264
6339
-5595
-13726
17460
14061
12140
12119
-4909
-14568
7446
-10120
28082
26346
-28880
-26690
-5998
-20818
-10908
20298
17770
31124
-8109
-8278
8872
-31170
-4999
-8749
22737
-26894
3568
-12110
16308
13605
-24495
-12907
-27363
-3546
32634
23341
-31210
14762
-13774
3387
-10686
19281
-19345
18021
-17615
-18473
-29698
-27434
-25570
27596
-17340
-24174
7765
6186
-12585
-3634
-26019
5703
13856
-4275
12884
16707
-16153
-30798
25889
-1886
-19620
22011
-23468
2345
-32434
32308
83
-7768
-9481
-14051
-11951
-17284
26457
-28514
12879
14687
-22399
13608
-26294
22022
-9929
25237
-19550
12661
-29613
21078
-5956
21812
19425
14502
21265
-20976
-2259
-10777
-13063
-11723
24453
10973
29556
-27375
-21703
-6097
-3149
-15050
-4605
17202
-1796
17196
6092
3540
-1504
30967
21609
9622
-14763
4667
-11049
-1770
25604
-30013
16809
918
-13362
-2750
-829
13778
13282
-31487
6972
31863
10850
14695
-9844
12878
30075
-3880
-2521
-21856
-20541
8740
-2036
30681
28947
1138
-10760
-17244
30470
-14523
23591
6481
4397
-27075
19036
27536
7029
12143
-22972
20599
-7371
32499
704
23793
-24247
21647
28060
26806
25443
-8678
31434
-11826
4628
18194
19704
-10769
32231
-2365
14586
-25971
4050
18822
17549
-7208
31092
26693
-9902
-9575
27482
23127
14413
5972
23677
-10124
-26378
-13574
-11596
20571
12600
-32058
-30345
31687
15222
6742
1580
-2996
14397
22160
4525
28295
-4032
3099
-26851
-25431
23525
-29534
-11094
15927
-28423
-4516
27146
-7222
-19295
14824
20885
-4402
-17820
-31889
-4126
10710
-24048
-26233
-19679
8889
25867
-696
-13233
-6178
-19033
26734
-14525
24461
16659
-32755
23440
-32671
987
-17776
4917
-16983
25950
28864
-5072
30763
8835
11708
16193
32025
23096
-1402
3228
-3681
23203
-2070
25585
-3924
-67
-27476
-12195
-1858
-2231
-11027
-15998
-23805
22898
-22922
2836
-16384
-12185
-10980
4534
20551
19613
24312
-30286
-29018
30919
13749
-17502
30923
-24900
16602
15518
13888
27064
24700
2025
-30215
20405
-12221
-22704
26408
23059
22543
-21459
-25875
-244
-1385
26138
11753
20822
-248
3849
-4013
-6972
19779
-3784
-20516
30131
-15851
5974
874
18643
1443
-13436
5632
-28286
-4778
-31775
-31944
-4439
-17765
-16827
28728
25837
-24825
-17270
-14243
4126
-22894
-21496
20708
29485
-32003
-10858
26981
-723
32255
-12518
8423
7881
16279
29254
-4473
-18362
-25681
-20294
16759
30466
-31327
11303
-25873
11697
31760
2902
-25455
672
14576
-16363
-1485
21648
7148
14619
6021
-13369
-14708
-8596
17807
-29167
-19320
-14758
12170
16136
32681
15753
22698
18806
10842
-8214
1772
14791
22554
-11150
7377
5905
-32614
8559
22480
-13895
21127
9173
-17642
-28483
21889
-31700
18388
-14788
-25745
32291
-20473
-9857
-26100
31034
27170
14745
-27400
11491
22938
14730
24966
-16586
12611
-19684
-16444
9110
-27136
24622
5439
21769
26037
-7980
11930
4071
-278
-2190
14480
4220
1356
-24639
12513
-28505
20060
-13306
1558
-31751
-6758
10119
-29232
10346
-24480
-13762
28726
10385
29873
4180
18902
4438
-30301
24518
-14839
14906
-28355
23349
20292
-18920
-30333
-4387
8220
-12388
-27673
-2812
-10911
32193
-7017
-25520
-11043
-10381
-4340
-28066
22686
27447
25461
-3030
-30859
-26969
-28635
-27966
-10875
-2708
-10760
24405
-17847
3631
2304
-23691
14410
29725
29442
-2126
1610
16003
-2512
-25126
-19460
9932
26532
-29336
7164
7824
-14250
-131
15731
-15749
-30641
21287
2998
-16289
7818
-23124
10746
-21370
518
16121
-3271
-1074
-23283
-4466
28229
-27128
187
31219
17925
30103
25413
-5921
27607
5106
-31736
9569
-15085
-29588
589
13651
5792
-29369
22975
-12816
-27230
4746
4654
15000
-23143
-10452
4700
-4477
-24768
22171
2205
11636
3019
11415
-18806
28881
-19581
8734
7364
-9909
-18957
-22638
10434
-1486
-27334
-30264
-13046
-2877
-5095
-15
19881
32524
25053
-5778
-13344
1913
-4908
-609
-2526
29572
-22510
-28489
18918
-7479
18583
-22113
-26696
-21936
-31017
-11971
-24902
14100
18775
2271
-20495
15535
28835
-7832
22746
-23944
-26908
18135
-25520
5919
-4891
12224
-28634
27372
-5638
-3747
31710
11917
-31021
-14630
-26442
-26375
25283
6203
32717
-13921
14474
-31825
4767
-23103
19460
26161
-26074
140
-11982
7886
12722
20717
24455
-19944
32616
29062
-922
14321
-11681
-7663
-2256
-14052
-17411
-9639
30111
15821
10885
-13601
-26772
4272
-22854
10465
24704
-29494
28967
25542
23341
8055
-30148
-31926
-30750
22863
-3612
12616
-11733
1522
32572
12228
26062
-10310
18364
-9595
13525
20848
-30869
-10954
-7039
19303
-13278
-327
-17586
-20877
-23892
-5124
-15023
-29111
-27360
19730
31544
-14815
-21312
9168
-15933
-13323
-10619
-5430
6636
20039
26568
-8163
-27232
28328
18291
-25724
-11265
-19953
-24660
1981
-20063
2670
2653
28809
5310
-25203
22043
-6618
-2308
-26648
-15262
7910
26852
1496
26916
21447
-17011
32741
-12643
12355
-13239
25810
-14286
-31528
-27731
27561
26152
24587
-23564
-10673
23669
-28986
2669
24226
-27072
18867
-5290
31205
21226
-30219
6992
-25459
15057
-9147
12974
18921
26022
-14922
15576
-4602
2060
10841
5437
25931
3445
-20978
-11560
-10311
6454
7494
10416
4850
-11111
11914
-6785
-8533
-11086
-4189
10102
30860
-8310
-24396
7859
11106
-24296
-19016
9629
21148
-21578
-20475
-7177
331
-1810
-3185
28031
-8797
-20700
4622
-9663
28342
9399
-32618
-4713
-10037
20988
17689
32419
26549
-25734
11845
14845
2774
-6515
24640
-29849
-23926
-12631
627
23426
14476
-14809
-23063
19653
19989
5080
14255
-2658
-16414
-8660
-16204
28639
12490
3498
-17572
-11987
17519
30516
-701
22208
29844
-26915
32425
19990
1288
-9897
26973
-32387
-30180
21440
-7194
7241
15446
-23644
-24605
18089
-6653
10071
20940
22078
15370
19879
-1349
-4765
-28380
-25201
32618
26724
31842
-3123
-31470
-12669
12174
14711
28273
-29466
-14498
-10380
-20558
-20272
21064
-10599
-26480
-5955
-185
19640
24021
28890
-14820
25136
5459
-24586
3065
-6359
-14483
-1344
-3542
24531
-3103
21272
2494
-22121
10904
8236
9032
6995
26350
17927
-28394
15050
-5804
-8780
17553
19101
-25427
-4018
-2554
19051
18343
26380
-24634
-25405
-8564
24330
2164
-21636
10943
14149
31780
-4463
17644
8890
27593
24064
-22510
7298
3291
5634
-7338
30905
21987
-5475
3971
21694
-1696
19649
2453
17776
-28111
-22864
-6761
-4394
28117
-23980
30994
6118
-25216
-29940
25730
-19218
27137
-29420
-11187
32004
1011
-24929
270
-30136
25747
-17469
-5082
-18652
15210
-22909
-14842
-1279
-11591
-15179
-3671
-19885
7339
-8853
4621
-7585
16390
19300
-3814
19154
11363
-14426
6357
28912
21441
4208
27855
-17249
9799
28859
16074
29562
32043
-31813
-2186
7137
3060
-3397
-20168
22903
28793
-30350
3283
-29108
-25407
16497
-29899
-20310
32344
-14161
-18941
-721
29534
-29091
1455
-3139
-25241
29607
-10896
-6759
13925
-30991
18941
17436
10833
12459
30785
20757
-26375
-21221
15899
-20009
-17168
-16905
26286
28952
-30616
30762
-23678
-31474
12078
8335
-32587
24263
-21426
27772
-27697
10731
31760
20778
-17390
-29137
-16844
23659
-20319
-2665
-2183
-14951
26185
19594
-21438
30345
21733
21926
-17585
-19833
-31609
-19340
6533
23591
-20964
30243
-28262
-19320
13810
-30836
2760
30351
-24618
-31322
1757
-12610
-8851
32509
-22279
719
16716
10836
9913
-26729
1625
-29126
-8953
18372
3890
2790
-9818
9142
-3382
18987
-13633
-22991
2721
4900
8261
-21563
-16442
9840
23257
2765
-10483
28928
12564
-18323
9806
20596
-11543
396
731
-32067
-29781
-26310
19714
-29181
12896
1451
-21854
-17340
-30330
-4974
-22932
-8446
15567
25415
22820
1850
-27102
-13412
-13170
43
32366
26873
16372
-29390
-18695
12150
1491
-16639
-13649
-24145
12362
-32285
1733
-23330
30636
-26966
-11391
-28803
17609
21176
15812
870
28884
8162
24649
24288
13607
-23807
-3196
12984
-20458
-7714
11603
-9613
-29888
-27919
28643
-18842
-7126
-4330
-2787
6846
18838
-12336
-22753
-7186
-20722
-2484
23458
-26287
-9605
7046
-25299
-12961
19992
14705
7089
29941
2471
-6774
-17362
-9552
-4103
-27206
3978
-29901
-21092
6084
21050
-22494
27628
-22150
14993
-10703
12026
-20258
-23116
5145
-17314
21209
-28745
-12288
-28821
11622
-28438
8184
28567
-11766
-12161
-26423
27562
-29415
-32602
12681
5803
-11764
17172
-11933
17603
-13425
3992
10231
-25748
-14634
-28253
-5509
26623
-25541
-13641
14861
11092
10954
19832
7822
15728
8659
22793
4934
23778
-27316
-17553
4442
19498
-3080
7996
20972
-1835
30047
13280
23492
22383
-11703
-32423
-13568
19328
-32441
-28038
5911
-5043
27760
28537
-24517
-2564
15939
-21049
22378
-22786
21319
-19562
-2693
30352
-32287
9163
-7891
-2487
18865
-29508
32047
13115
15045
-20902
1704
-17216
23567
-19319
-24842
-13930
-7274
24370
17745
18440
-19629
20666
7693
18357
-20375
-20024
-27500
-6816
-19048
-347
-22502
-9738
-32360
-3073
30001
17343
-24451
-586
22742
-7766
-28024
-31822
-25775
-24279
-215
12911
-14170
19954
-5406
18240
-8088
-20317
-112
-11317
15717
-29381
-20101
32307
-8362
-31708
12952
1489
-28998
7402
1100
8700
2951
-8592
-7995
20311
30349
-5220
23757
-9127
-30019
7164
-20865
21905
-9652
16434
-9068
-10484
20497
-7026
-7789
30240
-9974
-6852
-26365
3620
17552
-25512
-5985
-7150
-10583
-16807
-18480
-18525
26312
-17814
16271
14891
29960
2061
922
-21349
-577
-21522
-28196
7643
-25002
10010
828
-13410
31226
-23705
30292
-19542
8655
-2371
-27314
-15563
6623
466
-18474
-28347
32512
9363
21532
-11736
14401
-20685
-5524
-21313
31810
3026
-20519
-2010
26137
4637
20593
-2393
30751
-25509
-4373
-20584
8353
10167
23295
-2544
28266
-4906
-14059
-13289
15556
-13586
-30415
9601
-28959
193
5116
4987
-26050
17198
10302
-12230
-18718
-27436
15532
1455
-14350
-9370
-19937
24197
25671
-12043
4755
19976
-2697
-29543
-5286
27893
13085
-11176
11740
-17092
-21143
-31958
-21350
-5796
15247
20627
-20971
-1672
-31054
4781
-18224
-16930
17223
-5240
7318
11960
-18692
-27301
16839
5523
-8720
-32083
24921
3829
-2400
-12439
2548
-28452
-8330
-3926
30662
8824
-5213
-15047
14109
-12509
-19892
-9735
-29002
12484
-24528
-30349
-25430
-9365
1429
-28210
-2621
-25171
5422
22958
-14636
10905
-31376
25431
-6937
-12763
30718
-2326
24990
31286
-28889
5900
2784
-17673
-13664
1663
11656
4711
-14660
15770
3528
11538
-23690
11459
22691
28559
30707
10205
14279
20933
15372
31077
-4106
-7276
-23805
2889
1685
-13949
7788
-2863
-29017
-9725
-9146
-26292
19479
23752
-67
-25727
7813
-4002
21717
-8978
10915
7868
-28049
-5027
-27465
-4205
-6860
6854
12669
-29457
-19342
-24210
30006
7575
31592
-25245
14585
11590
-29357
-25859
5913
-10945
-5403
-18440
-7265
-8381
6025
-27995
4824
16011
11076
-21416
2377
-27752
31605
1067
-22700
-13802
32268
16468
-676
21497
-10565
-32088
-27765
-30947
18513
16172
-27607
-1512
23365
29582
-17991
-31003
27559
16505
3306
23584
25234
19696
8310
12958
-20498
13125
-26898
28519
-5837
25241
-20768
-15905
8536
-9017
22470
-510
-9997
-9835
5551
-9916
-29160
-5216
-21327
24168
490
1053
-27360
7122
-14586
13926
12983
12305
1022
-22059
-29020
-30561
-17667
12709
1861
17615
-15648
4205
3109
4853
32356
-19242
13071
-18170
10152
12936
-16940
25789
1728
8643
-3412
-25396
28208
14698
21012
-18842
2044
-21627
-16826
6494
29191
20872
-10093
-26760
-6811
-22854
9144
-10319
22323
-1967
24304
19517
-16631
-7136
8630
-21281
29777
27089
-27454
31690
22843
-4310
-14739
-26197
19312
7511
-8934
29243
-11267
27608
6533
-27340
26549
29391
-810
-877
3815
21385
-8135
17343
-9252
18083
-10785
-19328
-22789
32145
4303
-14895
-17585
4780
27323
18361
31523
22881
10213
10679
12421
11062
519
-30265
-1905
-20187
-26449
-20788
-14520
-8920
700
-10520
13166
30855
-15588
-15177
29271
-23640
-32261
12559
-23062
-5627
-737
29301
13713
-4652
21872
8468
30132
-9406
26068
-30366
-3847
22334
-13989
15887
14656
-12690
3806
-1386
8810
32651
25832
-30396
-445
18258
24125
-31538
9666
-8389
27393
27616
7044
24214
-12762
19572
20656
6834
-18532
21418
27790
22111
-16547
-22376
-15780
12952
26644
1405
12666
-32435
-13929
7922
3119
23062
-25999
24007
-14642
18757
18937
30583
-29316
20044
10160
5147
25996
7618
8688
27446
25850
6321
16275
28410
-10945
-14265
20160
24939
-29610
-13074
2271
2331
14828
30571
-9712
-18287
-21205
15152
27198
-17060
-13765
-21860
-8286
-2650
20897
-385
6252
-27453
-32092
-4381
-25718
27420
24955
-15628
2152
-17827
-29016
-26061
8151
-21685
-17640
15439
17067
6181
17091
27009
-23599
-29281
9618
22867
14157
-30411
-25615
-15736
26976
-19782
32210
28723
-22901
32120
6185
-7532
26598
-18254
-10114
7324
-7667
-14188
16310
30919
21190
-17860
-2248
-29271
20180
7467
23863
-11234
-10673
28622
28061
-18426
-24837
-10470
-27087
16718
11369
25163
5495
-2708
-15500
25798
-19568
25253
-4441
-11223
-22509
-28342
-26454
14740
25057
22819
-29843
-6210
28352
6402
28023
-20604
1579
10432
26635
-1844
-5898
28596
21282
8078
6794
-14746
7020
-23123
-20851
-14547
-3463
-6719
16647
6210
12813
-11558
2350
31505
30927
16487
-18939
-29809
17140
4481
-15103
-15173
-14832
-11840
19670
-30149
7541
26293
-18375
-27457
-30640
14412
22173
-18084
-27758
18200
-10140
-18724
-21090
19434
6793
-28988
27131
-5438
-32673
21330
-10712
29971
-4313
14252
16884
-25405
-12803
28899
-31353
11968
2705
-207
-6204
3959
-19368
-26044
-5562
-3737
27927
-14692
13403
17617
-25231
-12460
-16408
-29654
20831
8559
14694
1580
8302
18291
-19109
-21440
-12390
31003
-21153
2419
-14167
7639
27638
-8327
-25253
23849
4726
-13388
-20256
15904
4915
10745
9025
-16176
-23424
25323
-1398
21103
-19913
-17515
-12936
5636
17697
-31373
1445
-3203
-21798
-31358
-12563
19664
1247
9376
-28846
3719
-30931
-2302
-25002
-22495
-24351
-15447
29064
1191
17282
-58
11767
15839
-17939
-13172
28481
-24790
6409
-31924
7868
-28039
-15438
10160
27244
834
-4456
3040
-1377
6476
-11786
22214
-17723
2338
-12088
-6826
32325
20797
1013
-18766
21200
-1176
-31750
-8216
7890
-2121
-24409
-6276
-26769
9154
9356
-18784
-21843
-6665
15008
21914
-15398
2627
-22175
21538
-5409
-17592
-12115
16381
-6789
-10724
24102
9365
16369
-30763
13370
-2782
-2122
28344
11666
23098
23553
5398
3029
11493
-4306
-19946
31622
22167
28273
-12068
18316
-7132
-11442
30894
-9390
21643
-30734
25463
-14615
-15083
-13894
-4227
9276
14026
-13065
13067
32395
8752
29214
21488
-5332
-1548
13375
16106
8876
-21897
22206
-20297
15350
32682
-27369
1148
-13484
-9835
7643
16371
11333
26125
-303
3625
9197
568
16480
-6046
-6428
-3880
20249
19840
25868
25854
-28863
-2063
-12037
31430
8688
7135
24422
5514
1501
15543
31041
-13494
-22075
-11523
-13430
-11937
15937
-18374
-1537
16517
-28001
-8379
23979
3345
10879
-6680
17134
9466
-22600
11940
-14675
-16217
16563
2955
-1252
17206
10728
-16273
31422
24153
21444
-107
16464
-10143
25925
-17158
11818
-14665
-12920
-15623
11758
-12345
-27907
27317
-12007
16555
-29716
15414
29999
24579
-25862
-4459
26400
17672
17720
-18930
32140
23979
-20118
-30785
8086
30293
31804
7982
-32116
8990
-15063
15505
9025
-26726
-5509
-10435
-652
2826
19117
-21190
-16460
-7921
28885
27624
-20519
15119
10724
12219
3649
26072
2762
-14867
30149
-19061
20318
22661
-13241
20901
-13655
11556
10078
23689
24980
-12501
2695
7423
18436
27840
19048
25643
-14534
-32312
14163
-31174
6556
-8802
-21621
10972
22619
31816
15967
-30575
28156
32669
20572
8690
692
9176
-5099
6442
-20973
-5330
5125
-548
16315
30117
1615
-111
3466
17143
-17592
26933
-19291
-32622
-32151
16545
-28607
1662
-16639
23669
-27634
-29001
7045
9505
-30265
5463
5820
8839
29318
-32467
-29017
-25774
16062
-25482
-1567
7322
-22056
-9573
-23573
-757
-21976
-30898
-938
28755
26262
14579
-7693
-1104
6635
-24616
-16596
-8554
-2065
12221
-12839
-13289
504
8397
-2956
-3702
-22770
30241
12288
1151
7525
25193
25434
-17116
-23191
-9013
15767
15789
-15752
25354
-18279
24851
-22135
-27891
-6420
-22308
-7048
6937
18127
2080
31486
5652
-12979
-7670
1881
-18616
-16447
16835
-3454
-5975
-32490
18190
-26906
-11214
1462
2711
2125
31779
-17095
-6867
31147
-23672
8828
5529
24786
-24888
-16430
28812
-18620
-7770
1898
21509
-24006
8963
17035
-19119
-19636
15270
9099
-15552
-12661
-30187
-10241
32146
2795
2250
-27940
-15435
7972
21120
-11443
-55
24922
23999
29726
15101
1696
-27737
-1838
-26175
1841
21272
5096
-13334
-31772
-11165
-20659
21324
-23976
-428
9380
19449
-14456
16408
-23181
-5582
-9223
-28424
27795
31573
16858
-4563
-20435
22853
29445
25154
19290
-8124
17427
10502
14163
21689
22841
19396
-28399
-6906
-25671
25752
18411
-19797
27323
743
-8357
-14018
-148
4513
-13491
-14213
-15427
15391
11091
-1500
30806
-30812
10624
1385
23606
-18811
20185
-31782
25723
12542
-25540
-7756
11285
-28808
-4083
15781
-5885
-15707
30998
29858
-26311
29211
-29040
-28022
-25921
2800
10295
-1216
-12229
-8982
12431
29892
18175
-1437
3394
31544
12155
32112
6861
-6640
15507
-25561
24213
-2155
-10838
6671
-20633
25876
15167
30743
-15142
17984
-4945
13992
-12417
-23841
14514
28449
-10986
-10783
-9951
-7448
-11899
7305
-31643
-32563
12208
8791
23165
-8863
27013
-24351
-16889
14604
-19126
-17300
-12377
-9855
25301
-27993
-6863
10733
-12425
24020
-13901
-4009
-846
32741
-3013
-13381
21518
16101
23108
6566
5547
-23917
-17457
382
5101
-3807
1885
-32637
13959
28546
16985
-30233
21134
24472
-14014
24301
5523
-32166
4069
-15166
19808
1678
-29323
-3553
8721
-21911
-23748
19536
7919
-2863
24806
-25628
-14061
11780
-1762
-5109
26205
5315
-18273
25447
22412
24050
-11181
24328
4682
833
-8516
-22042
-29777
-9334
11837
20243
-23161
29332
3257
-29042
-31087
-29965
25688
31997
-3986
20761
20193
-15537
22800
-115
20325
7031
-15423
-25723
-18322
-29541
20112
-9353
-7613
-18111
-22108
21394
-14723
-20869
20062
-23973
27839
-8878
25254
1140
-17360
-31891
11911
27188
8219
20939
-28555
31353
-25877
30280
-19818
-25498
14741
-12375
4135
18104
-1101
7416
5786
-19987
-21688
25690
-23545
-18297
5582
-10865
-11138
-19491
19973
-7132
14131
974
3602
32434
-31966
-8364
19809
2193
-6362
-28254
-15428
2241
-12782
5007
-24300
1605
7480
-28961
11822
5158
31952
-1267
-30707
6987
-12304
-1288
-6641
10205
26879
23764
12033
10401
2844
13016
-21008
3379
7994
23129
-2048
-17889
-16723
-10923
-25228
454
-23137
-4948
2665
-26020
12720
-30722
8608
16325
23038
-8045
-29332
-24465
-18485
23124
6796
-6597
2417
-15088
-13375
6518
605
-15737
28926
25284
17629
-27218
25629
13561
9291
18306
15848
-2231
-26241
14941
-18857
-425
-16865
4144
-27252
-24688
3299
-9075
-29495
-12414
9581
12060
24871
11251
22247
31558
-20422
17436
14010
-15992
-17249
-17093
-19943
13781
-29313
-24348
-26287
-1825
17429
-19271
2864
-3526
15615
-13576
29411
-27203
-25774
-30362
31626
-2378
-23220
11138
26038
10629
-2800
12345
10074
333
-8874
-9528
29708
13280
4736
-8574
17849
-1736
15649
25751
-19757
-27698
-10891
-25247
3830
-5873
-14774
-18464
-15988
13486
7356
-23134
22163
15871
19860
902
-8036
30895
17439
-15069
-11868
31580
8908
-10970
31071
-15013
-5924
-17184
-7475
-3334
-15065
21251
18681
-4688
7931
1777
17451
-19002
-1947
-29804
-27004
23527
3154
32505
-21279
23337
2771
-27681
-20891
18330
18347
25954
-12231
-16007
-14312
4778
18492
-615
24800
-7844
3282
16327
-28686
22375
13377
-26719
-18463
28373
22881
7641
-20141
14543
-8559
19787
-5636
26271
-18195
30478
-11496
13276
10411
-23931
11411
4912
-28915
19294
-8717
25089
-19737
-2976
-27964
-23900
-15327
-1413
14439
196
-20272
-16617
11904
4037
-24133
18239
-84
11083
14987
-8646
-1718
25010
6593
20199
-7171
26057
12686
-20235
17243
-26501
27668
-18315
-21645
24577
19074
-29057
-21609
-29900
-26861
-28436
-29148
13882
-13709
30369
27860
24076
15384
-15876
23804
6694
25601
-16697
11686
-14191
-15510
29293
4132
-26430
8871
-26144
6751
5825
13914
32302
26971
-21743
-29035
-7280
15092
24360
21509
-2153
-2582
-23786
-27818
18132
-1541
-28025
-21987
24930
26358
-18280
-30214
-32114
-29084
-18937
-27120
27423
17875
-23600
29583
-16740
-15298
27945
-22104
28602
-6702
-14975
-666
-1351
12221
12812
14886
-16057
15878
5340
11114
-11113
-26842
29224
-13392
-777
-19542
-11984
-24412
-16254
17636
28794
19057
-16068
-14653
4425
25268
10155
-14657
-17064
-4024
13233
-10493
-11877
6783
-29369
-31776
257
-20345
-10109
-21454
-32145
29013
640
26685
20822
16650
6624
-20249
-22494
-22660
-20549
23109
-32407
31806
20604
32466
-9270
-24226
-14218
4308
-27863
20710
26881
1550
19994
31131
1408
-28665
11303
8818
18953
27724
-22754
-6445
-15599
-11171
-15295
-1436
10574
26137
-6328
-25172
31769
2665
-13101
18314
-30118
32341
-11278
-17767
6605
4903
-32712
852
29040
9826
24327
12856
-30470
-9989
2424
-18426
16965
-17241
-32589
8987
14132
11711
-7416
24058
12501
-22066
-27172
-9367
-22939
-29311
-19174
23908
10178
19343
32695
-19862
1778
16712
-18624
-12016
13982
3096
-8835
30961
27748
6184
25385
-20317
10458
9449
-18062
-9761
74
24019
-25947
-3658
18801
-2975
-20986
550
12033
-4193
30536
14262
-752
25877
-32540
-28137
14374
606
27069
9105
-1108
1884
31453
6786
-9581
-29857
-29561
-7862
7556
-10795
-2865
5201
-1057
20017
25606
-23988
-27361
17516
-27825
20123
27204
-21453
21400
-8678
26701
25056
-11012
-1598
-29391
-15560
8018
-7974
6814
-22757
-17151
15258
-18526
-23689
1264
-26258
13353
11097
15027
28393
20896
10911
7895
-25888
7097
5297
-13005
-12146
12631
-21391
21724
-17404
-15524
-6641
9333
-12422
8974
-9256
-24165
-5837
31161
-30277
15791
-6624
-6440
-22828
21403
-5915
3712
14480
24749
-28835
-24434
-25948
-21944
-18012
-31125
20669
-16142
17558
16838
-6115
-4818
1343
30309
-1181
21406
27003
-25064
-17708
-4872
1676
-22022
-28290
-1601
2340
-15802
-1305
436
-30557
-19479
-17290
23675
17052
-16365
-26622
-17606
24603
-2352
-24033
19255
14128
-24942
-30630
-3164
-9249
-28658
2958
171
-11827
-32442
-11502
-3780
-19844
6009
-25648
-6273
29926
21319
4202
-29092
19302
-12414
29830
8206
-15031
-16675
-5962
17554
29410
-5967
10373
-25255
-11090
-10960
-4775
-12418
-17258
11619
-25423
10954
-6802
18771
-21726
-23286
-9430
-23659
26240
-13537
-18520
-21931
2573
-26755
-32053
8893
-16474
1548
-28417
32015
3379
-16263
18775
-32698
25656
-19883
-27762
5080
-19193
-27399
-24800
21871
-10608
25109
19980
-27360
8598
-2463
26822
-9410
15810
-25131
-4467
9357
29898
-30424
-23449
-4687
3809
-24931
21253
-20134
13567
32499
-2570
-1382
-29455
30561
30802
24177
-8681
-12542
-20243
21805
-7976
13558
-29802
9625
23783
14922
20369
-27721
0
-4409
-19246
-27975
-18640
-10742
-10310
15067
8108
20002
24326
24303
-22318
1327
-18139
-17722
886
-14332
14860
10126
30061
15565
-24344
25561
-27765
1118
10058
15497
30637
-15548
-17456
-14226
25872
17274
5228
-4481
-22722
32709
-8734
2530
-19728
17950
17947
-16073
-296
-11641
-18522
22925
6083
-4134
9341
-12339
22844
19563
-26565
-20806
-31557
-31930
22328
-21373
13872
-790
-12931
-9451
19964
4510
29006
-12978
17623
-8302
26107
18285
-5325
-24580
-27432
13863
-26322
-1022
-15738
2156
-32349
-32327
-27495
31762
13667
26182
28659
5050
-25700
3311
-6841
4111
22105
-17477
13547
12676
8069
27675
28406
-25982
-13534
-27912
-24072
-18418
-29753
-24919
-17568
2956
16607
15461
-15404
6105
-5162
-28023
-22646
-18916
-26143
14752
-24365
1169
-16528
23642
9247
-14600
32765
14596
19063
7731
24444
-30251
-6208
9115
-15010
-19668
2389
24605
11948
-22743
-6238
-6144
68
2492
32617
-19943
-2512
-7943
-18756
-20977
11635
13887
8102
-31438
26138
-1629
-6149
5830
5893
7448
-27054
-14036
-21793
-21509
10452
203
-4942
-10453
12758
-22132
4230
-7657
-743
8563
-7964
-390
15825
9115
30981
-24011
-3519
18291
-4961
26173
2267
-11623
25870
2915
-9070
14554
-23454
28843
-5299
25577
25443
-17005
12919
19897
-29010
1179
14547
15129
15945
-20030
27629
-26054
-11491
-31155
-12439
14034
6152
23224
8516
-23118
6189
18670
-9302
-11350
-4863
28540
-15407
-3045
-27256
32551
20768
25236
5348
645
11837
31261
15482
-25629
-15645
-4401
24019
9553
-25810
25628
-22383
30062
4287
-7356
20180
256
-14888
-18737
10562
-8579
-12824
32145
15314
-28780
-3044
-17017
-8549
22820
1705
-14027
30422
-12750
16541
12881
28816
-2061
-30494
17181
-15490
-5917
8072
19722
-27688
7299
16054
-19938
-31597
14865
13780
-11553
-4712
9545
-8153
2068
-13467
-31801
-21976
11277
-14178
-21579
13065
-13591
-18061
-2005
-30477
-2528
-26009
-22131
15771
11751
-8432
6049
23805
9226
-20583
3820
-566
-10399
-20785
-7842
12670
24526
14573
-24656
3507
-21921
16325
-7366
17974
-11628
-15761
25126
-31223
12198
9070
-14725
-23252
-26087
-29807
3031
-25411
3438
-15254
-968
-2498
-24532
-10073
13376
16103
30389
22027
-24910
31563
23845
16498
-3451
-185
18949
16203
24054
-17838
13020
2655
-5634
11599
9066
-16803
6483
-612
-26970
-14041
-13294
19381
2797
-24276
24479
-15964
-27657
24222
1586
14266
13536
-18285
2470
-18921
-1986
-7160
18505
-21339
-23242
20961
-3075
27713
-23728
17306
18537
26299
8080
-29339
-29532
30598
-3813
23559
-8701
26083
1966
4353
2129
-23371
-6931
-19087
-12215
-1351
7586
-20921
6533
11897
26349
30667
26222
16246
-22882
18674
-19861
-19431
11950
-17747
-16129
-5338
31861
-22930
-2925
-3395
17578
-10178
26043
-18342
11898
-610
2301
-12156
21039
-8923
5740
-13346
12308
11874
22262
-1741
-24393
-21294
-11021
-30888
-13841
-4262
32408
29287
-5930
-28252
23244
-32440
29823
-25329
-7820
3273
13311
9687
-24238
-22846
-18903
10795
-19651
21355
4970
-9266
5410
-26689
-11700
-13401
-21972
24519
12349
27705
-12409
3054
-2867
21022
-3276
-21724
-14188
8553
-7313
32692
294
-30911
2682
15266
10167
32123
18726
-4378
-1193
-3786
17771
30959
10149
403
-601
18457
-6992
-3591
-10629
2802
-18338
3187
15079
25274
11596
-28961
15873
-23046
11028
-6133
-6432
8464
-22007
29632
24816
-11921
-28922
-14158
-764
-10220
-840
31444
-9316
19243
-14069
-2127
-28798
19177
-29728
-26064
-2323
7809
18082
389
18992
-32295
3686
26018
31047
13411
16702
15961
-11304
-6924
-17213
-26234
-6968
-31038
6994
2677
14957
-13277
32322
-25196
-9911
-17722
-31978
-2246
5069
14325
3335
-21590
-24009
-13856
18188
6642
29859
8365
4598
9942
31302
12241
-21303
20302
27518
21614
-16351
-11128
31893
1523
-20476
15918
-12039
-6911
19899
22036
12018
4777
12880
-3352
29395
-28580
2961
19430
28610
-8480
-14992
18622
12469
-14282
-30977
16420
-13690
27502
-32708
2600
17948
-26658
18825
-31998
18240
31129
-20768
18826
-15563
26564
25302
5782
16573
26887
5514
2589
17116
24780
13265
-25468
18951
30569
-15161
-10454
12602
-8498
28712
-31685
158
4821
-14205
1875
3989
2248
-20577
22747
3178
10809
12084
14151
22075
-22232
-10093
17143
-13010
-16501
26925
17278
26237
-15413
-2305
-24059
-14139
24003
-19141
23032
23021
17847
-19684
-10732
-5088
14554
-30348
-7319
19363
-19282
1455
8472
8284
16291
-27993
4225
8556
18894
29123
-2251
23829
-21389
-7242
-6020
-1876
13974
31716
23531
-20378
32118
28035
-13129
-12984
14184
18877
4998
-6623
-23246
1734
-26819
15532
15851
19184
8109
-31025
20692
-1697
-23857
8174
-31056
13432
-9609
32447
31278
-21872
12309
26487
-26133
-12279
2246
23823
31342
82
10986
-14134
17516
25787
-19962
19067
29481
-3917
3147
4715
-12460
-15328
12445
23210
8183
-8002
-14129
-17108
14547
20173
-10456
27603
6353
-29171
17928
-9350
31205
-12298
24996
-27839
-2073
13363
-27697
-26796
-16560
20708
31374
19234
5036
-7025
-8021
-27355
-21426
2205
18004
-7122
4000
-13424
-18672
-8673
-7999
-26596
5927
3194
-17518
30166
-4568
-31542
12867
30867
-10525
26576
27461
12700
-26239
-13356
-17783
-28079
-10189
15186
12730
7516
24465
26008
-500
16654
-15059
-14683
-609
-13467
11609
-12595
24247
-28016
17690
-22034
28637
7871
-9374
-7380
-24945
18316
29201
20581
-4757
-3831
10854
12859
-24041
23126
-32107
9213
24960
7344
-32603
28567
-28059
-29655
13551
-6202
-5823
6657
31716
-9784
-30582
19542
28914
5342
-8418
19828
-28238
15007
-1980
16038
-30150
5660
-14356
-3536
-30056
-21066
7291
4234
-12660
-16586
-7533
-28082
7363
-630
1308
19206
-27957
-28095
20009
3240
-12987
9488
-26768
-17472
28485
-12076
-2567
-14208
-26683
24935
-15253
-1246
28674
17137
27024
-29202
-11243
6578
-23459
10452
-11287
32556
-11460
11569
-7968
-20345
-13393
-19630
-5676
4721
-19529
-18864
-3251
-26857
-8520
18606
-4352
-25269
19194
-30560
-5037
5619
2977
-8550
1717
-19533
-26399
-21592
24522
15673
-1271
-627
-9534
30509
-3969
-25533
8504
29073
9106
-6907
-29599
14430
23995
32300
-17149
-17023
19037
-5588
21924
-32178
-19842
-21017
18090
-32051
21039
-23367
-27997
31245
-13967
-26919
22254
-13765
-17301
-22463
-16089
-19073
-18702
28394
31817
-1411
-12276
6823
26960
12882
-5097
19246
30734
16733
1408
20819
19271
-5441
-15389
-6870
-3565
15686
-10291
20130
-15287
28201
11233
-17323
21100
-21844
28326
12109
6686
21345
-4790
-10093
-3533
-13800
13337
-18015
2603
-18151
-3905
-24298
31999
-26346
22609
-15770
-31195
-28808
22188
22758
32634
-18390
-20570
-17109
-32015
14907
-22541
-26
-12612
-29265
15082
5532
20730
16572
29896
25979
-842
-30168
27743
-26679
31794
8437
12714
-19693
-8416
-9795
-3350
2107
-17194
-12691
10242
-13636
-14246
-4895
27939
-28606
503
-5686
13108
-5199
22263
-27867
-6986
-32098
4875
1035
-12041
-24765
15158
-14326
1453
13138
-16971
-9383
19752
18349
2784
-9068
-25166
-30102
21239
28982
21949
-164
7404
27150
6662
17781
31388
-20469
16338
-20333
13615
-26986
-31879
26435
-496
-4352
12540
10672
-23493
23340
18546
27488
-11714
-17734
-26988
-18148
32434
29686
7045
-4393
-2334
-1340
31923
1989
8459
22602
-20057
-32189
-7334
11531
31751
16150
26623
29750
-23546
11612
10525
25410
6795
13302
-29131
26886
5845
-14145
7736
-24605
-18451
11835
14262
-12428
-8514
-20136
-26293
-29993
-5842
15683
22463
-31788
-15171
-17169
15632
8577
18996
17478
23288
-30884
-12001
6893
17797
-30961
-1230
-6746
24237
21900
5989
27025
-23614
-9774
4183
-29577
-24140
-6258
-18994
-15498
-32741
9951
-1506
19073
-28388
-13531
-22637
27155
26165
-6794
391
32166
10066
10117
-4631
-28975
21966
-4438
21613
4722
-9787
7507
-8042
25887
-1228
1970
-24798
-13711
11032
551
-20294
-9804
32671
32430
4143
22176
-21675
-2936
-31932
-12527
-31478
11720
22246
-24018
4335
21645
6199
-8951
16449
28315
10450
28408
29268
29041
15598
-12577
-10823
20716
10161
24093
26996
-5082
25594
-8905
23891
10879
-680
32582
-16854
17577
-16610
-28079
-2512
20483
28890
-21902
-18043
26826
8428
21842
-3232
-10435
26725
7793
-26570
15407
-25794
-7322
-12830
14634
23747
-2392
11702
21834
22490
-13455
11622
26255
-30120
-3563
-26983
10670
28835
-10153
-23131
10952
30798
-17298
-24766
-9553
-18687
30164
27527
6844
-32291
22095
-9990
16033
-6598
9846
3263
28697
-30508
-18971
25294
6835
-5280
-28629
16720
-30060
19636
-14279
-25657
-10634
7941
23170
-3878
-12073
20132
30942
-13705
5091
-9350
31501
-28137
-7312
-1552
18265
18788
-30419
71
32614
9647
-1545
26686
2026
-16464
-24025
549
1793
20135
-22697
-26401
10812
-13437
-27300
32404
13448
23086
-12604
-31882
22095
31116
-10749
-20203
30503
813
-32047
10391
-21613
-20716
-10651
-17937
7087
-27908
-20373
-580
-10034
4405
-5345
25177
-10241
-25687
13363
-20011
-24040
2211
-24329
-32173
-12875
25080
-2202
-1463
5304
-16956
2661
-3816
-4021
10629
-28750
13781
-21170
-16598
127
-7640
21065
-10065
-9982
20655
-14723
31576
21993
-9290
-8881
15681
-16469
-2518
-4647
-23906
17154
-1233
11367
-31136
-6576
494
2638
-1518
-13491
-31560
-20206
31920
-23992
21138
3149
-29505
20552
28983
18657
25682
32298
31709
30606
-10604
-11857
15243
-995
-30032
11615
13524
18797
-9425
-30029
-25616
-28465
-240
-27438
-18213
22950
-3129
-2768
3533
12402
17002
25925
24200
-23602
-1590
-24856
23747
-22341
6911
31065
13750
20433
17666
-21831
-8674
-18443
18812
-31775
-26764
-11799
21370
-2929
-15480
11634
841
28502
-7565
-15270
26819
14274
23647
-780
-26223
-13115
30192
1950
11566
5071
-29667
16654
-31336
-18584
-15888
21500
-1230
8171
5020
22485
-16191
19353
31287
-12617
29384
-26193
-9543
-17552
19967
3560
-6246
-11760
-29748
10167
785
-17133
-31142
24257
14030
19111
-16511
-15172
4154
-31896
-2602
17346
-28000
-28367
-16659
22729
6290
-30677
-14627
24906
-22568
-14245
19614
-24780
-20600
15973
17731
-13124
18339
17813
-16139
-20336
15880
-7698
-9103
-22844
30358
30565
-8186
27886
-15812
19034
-8512
-22509
13962
-13019
-729
-23727
-10360
-22420
-23397
-4345
11905
-31515
-28450
-8530
-5173
-29611
24744
-1277
-16583
2748
24245
-6183
-10617
17493
-1139
28338
6899
-21478
14777
-4009
31758
27349
-8634
4157
18328
-27401
21945
10204
-8411
-7953
-27531
-29941
-2396
-3917
-15129
-11438
506
-13935
-18874
25953
-12030
-16091
-7684
-20902
30816
-8645
-7727
-25191
15360
-2780
13449
-10
4145
6804
20087
-27149
27343
-20269
14023
-23848
17844
17334
8137
20334
-17325
-14255
-20131
-18819
-29518
13231
-15714
22622
-17616
-21748
-18082
-30355
21387
1835
21574
29372
-28499
-28603
-19712
11529
-27573
-4492
592
26345
30608
5723
30026
-27517
-11301
-24465
-12844
-14536
-1597
32517
-7052
22427
-16658
-24113
14041
-13760
-14617
14007
32422
-14792
-23771
11636
-16731
11473
9688
-8493
-1476
24008
-5273
-26481
21868
261
7574
24007
16797
4471
32571
23544
19280
8628
5324
-8013
11795
1046
-23939
-25147
-31506
27935
-3769
15347
6788
30821
27016
12320
-19827
-1349
11785
-18334
-23398
-7800
-32351
-22542
-27507
18521
29874
1258
16404
-27143
-4495
30395
-11873
-27836
10871
19657
1236
14682
-22887
-32503
-25837
25922
-6568
12386
-32180
4093
14423
-7762
-5932
8773
-31604
26765
-15831
15278
-19347
9564
-32145
-25019
24263
21152
-32074
15399
-11983
-28891
8034
17685
-3670
-7789
17479
27705
-13390
3545
4344
15675
-28897
-6778
-9001
18157
-268
24937
20440
6205
-13611
19766
-26673
18061
8424
3796
-25244
-9282
6112
-1571
16993
12002
12053
-24905
-26769
25335
24866
20042
-19288
-23445
-17710
3075
-30636
5889
-4120
32220
-29754
16438
21517
-20483
-19499
-29492
-29365
20910
4375
17660
-15953
12673
7565
11409
14782
-11900
16444
18504
3530
-32271
-26092
-25939
-18424
-6581
6714
2105
-4666
13231
8702
14982
12044
12906
-13751
26932
-20768
-3413
-12030
-2025
23857
-21956
-9886
-15912
-3701
-27039
1475
-25944
21140
2427
-24066
31781
20252
-17260
-24928
16991
19170
-16754
-17109
8605
-11072
694
10174
16379
-18425
-1700
14327
13573
-14033
-2242
-163
13315
31891
-6322
-30189
26733
-28727
-14774
-9283
23736
5238
11991
-13294
325
10929
-32580
-12381
-15723
-4386
20958
-8083
24291
-13695
30303
-7743
-20657
-28459
5257
-16936
2007
5053
-19637
-17597
-15750
-19235
20299
-21128
28331
-8896
-8892
-4786
-28414
-25447
-28826
-12717
934
-5376
-24165
-27907
-30974
-22392
-26332
-2237
-13985
17148
-4789
1895
8164
12455
16719
-13431
-15849
-30818
-19514
-7525
-3883
30018
-24742
6593
31522
11481
16148
13183
26038
-14545
2814
1306
8259
8381
4106
12376
30655
11900
-5154
4397
-30207
31589
-531
-11128
14026
32120
-6580
-12507
-10197
-25473
13643
-19220
-26676
-32
-12418
10425
16028
-27692
21039
-11045
-14441
24580
-10600
2572
5308
-2986
13391
15783
4402
-13389
-31400
8763
5212
5846
-29249
-12705
22987
-8074
16794
4257
-10127
25400
-864
-28732
30877
22513
1344
19902
32340
2563
23810
-25929
-17361
19227
-1897
31285
-15405
18332
12363
28095
8162
21400
-11584
9339
-9887
-15389
-30512
-8326
-25232
15192
-1387
4156
31513
-22147
5488
-3046
17277
7324
-16243
16703
8914
13307
-636
6810
-19618
-14016
-7112
22709
20547
3585
-16606
-6286
-18422
-6979
-20346
-26582
26958
19380
2211
-28192
-13113
-19700
13789
2913
4927
24858
-29415
18016
14288
-13434
3023
9707
29261
28704
-540
12290
24914
13580
-4968
16518
4708
-7730
-6361
-9142
-10484
735
25539
22590
-26273
10418
10809
26031
-11087
-14583
-1517
-30565
-20876
26750
20043
-28624
-5652
-21667
22977
-7688
-18697
-5223
-1651
-26270
-14654
-3941
18668
12121
5131
-1600
-712
-20792
-26837
-19888
26870
5065
-31558
-908
-27282
-19404
12529
-438
14683
-30349
15282
-5225
-4012
-3066
-11428
-24377
5269
-20115
-32326
-28287
-17297
3757
-22302
-22927
12892
-5894
-5827
26004
-23718
7160
-1739
-3625
-30671
3269
-2218
-17066
3306
-21763
-14826
-22782
-15299
10671
-11217
-20157
28757
-18003
2574
-124
-28351
-29923
2307
491
5749
-24040
-4046
18467
11140
1826
31143
-4174
-10163
-5289
7638
-7874
-6347
-4319
6129
-24361
-25414
-31682
6676
-14357
16532
7787
-8501
22822
18129
-23028
8265
20933
-22999
-6773
29986
-2979
31308
-1544
1162
24221
-30910
-19029
1188
7376
-19432
-17244
-24716
4990
31034
474
-3758
-23215
-15098
29401
12972
13680
-4941
-25259
16719
18086
-26798
22086
-5823
26848
19577
3594
-30678
7834
7184
-10398
21485
27406
11880
-31769
-5387
-30495
9186
85
-24060
-28376
-27483
18972
-26908
13108
-6357
-14642
-14852
13500
-8493
18037
-5249
-159
7609
-26982
-800
14448
22712
12691
-17755
-5561
1627
-5736
18937
5997
6285
5641
30607
-20147
18751
20519
19926
22839
7236
7844
-2188
-14863
6353
17375
-19279
30447
7075
14710
-3236
26759
17922
3418
-18866
-23004
-10799
-2399
-4437
5900
32134
1054
24491
9677
-6106
10638
17953
-13625
21257
-20460
-23700
-17178
-28739
-32292
30970
1462
-30071
15767
-27392
-13205
13636
-16761
6791
29270
-6339
26457
15358
-28278
-13137
20381
-26275
-8260
-8942
-13318
-31472
31955
-19065
-8479
19936
22418
19119
-3765
-26794
12005
-18497
9254
-18278
1319
-28341
11764
-27920
-27316
-29163
1831
-24086
19340
-10284
11476
-20393
-2577
2625
-27942
17157
-21983
16000
1760
28514
-3840
334
-1161
-19822
26491
-25220
-9926
-12289
29238
-27641
13927
-19402
-30902
5099
-31771
-16522
25988
-32682
21749
-21755
3385
-25413
15744
19450
25244
-19412
-14319
1267
8833
-18478
10432
25747
-27458
-12887
-21660
26137
-23674
1709
-7536
8082
-29222
-22236
18952
-26385
-31778
-25932
6446
-30979
-24915
14122
-24545
12739
-11588
28180
0
14592
-13205
-16460
13862
6333
9856
8154
-7115
18228
-4152
7193
-15613
-14068
-10067
-13174
12082
25608
18885
19798
-12648
3238
-26236
29559
-22812
-9101
2948
5353
17666
29970
-29714
25527
-19553
21506
-13388
19719
-28004
-29809
5407
-8382
-26754
-8876
2798
-21719
-10873
16538
-32396
-26106
23731
28213
-29952
26405
15374
-17906
-19172
-29644
1183
-12069
-32542
-13396
10837
-30480
18344
31710
-7725
-17393
7717
14181
-3947
32577
-24944
21925
21388
12823
22928
-8250
-18694
-23121
-26384
9148
9797
12048
32084
-22545
-11452
-8253
-17225
-16144
-23542
9413
28804
28782
-16438
-4126
18380
16641
-29796
24191
-5025
26347
-28674
-21510
7556
-3046
-31400
26127
2089
-9591
-18348
805
19422
32142
-30438
-12204
-11777
-14431
32085
-2090
2699
-18483
10689
-5293
-3645
-29676
5413
-31336
8753
18111
31774
13060
-21041
-18329
20341
-2904
-18646
-26691
17883
30204
19658
-17782
-22931
-14540
-4646
-27460
-26158
-7151
24771
-29439
-22120
-12005
22455
-29898
-4842
-4248
28142
-22647
5266
-21251
27444
17341
11830
-24231
27876
21540
-31369
3901
-10544
12221
15180
-22511
9101
386
1133
28820
-29067
8623
-10924
3200
19757
-13792
23664
11856
-24623
-2378
29584
-4273
-27417
-12783
12454
-20285
1197
28567
-13736
-18690
31392
-6187
31489
-13285
-8617
-32499
-2175
-15240
-23015
-4561
27181
-13270
-16272
14840
4181
26160
-6485
-15883
-17279
17510
21109
-13940
1787
18642
-11026
-1300
-23297
-32699
4756
-14880
-16143
2977
31927
-14522
-7714
-20412
3629
5423
2696
-18183
29009
-32205
-31664
19339
-18183
-28515
29217
-10826
-13952
-30783
10926
11869
-8084
-3402
5651
13269
15791
-2733
-26988
-21993
11354
-11244
25180
-9605
-6769
5128
13995
-20567
-24769
639
-21876
3174
6846
25243
19068
13724
-10983
-10985
4612
-11200
16274
-1889
-25068
-6111
12776
-3067
-4748
-22994
4578
-20676
18549
-10031
19809
22170
-16562
10782
11456
28497
-14232
-22610
-13811
-16210
6270
-2021
-41
-846
4421
-10484
4399
16925
29365
31489
20082
-11732
28291
13513
-28524
297
-18150
25178
25604
-19055
6218
-5695
2365
-9183
-16959
3860
8204
1168
-25671
-18525
-31059
-7122
-26270
26426
-7957
-19467
-1648
23053
7391
-16675
-27776
-6556
-22045
5768
30960
19188
-23863
-27250
16225
-5289
29840
6429
-1600
5425
28787
8939
2450
-17990
-5752
14668
27168
28607
29684
-2124
-9152
14908
27731
-8845
17828
8926
24333
7740
-2209
10222
28874
-11616
14407
26102
4451
-23981
289
29706
-10145
5235
26308
30271
11545
2010
28924
8946
-12323
20123
-12921
30015
7457
-5886
10710
-12899
-12283
-26919
23207
678
-15625
-19434
-30068
3913
-2443
29090
9978
-29067
-12102
22736
1136
-9113
-25209
30392
-17634
-22249
14245
28000
10892
-31714
28926
24840
-17145
-25742
2612
-2427
-31351
31582
9239
26836
32663
-18254
32678
-10835
15158
6614
6779
9240
25086
-26254
8212
-13123
-27478
-25807
-21015
-8609
-15595
24835
31833
-25690
17306
-4166
-7056
-30184
-11543
24086
-1481
-17918
-4911
-897
28827
3607
-8386
-23858
1502
-22834
-28616
-408
-28380
2380
-9833
18510
18601
2815
4590
-618
13641
15827
-4980
-581
10606
-13010
255
-27006
-13395
-30166
-25874
-25809
-25693
5481
-32534
24818
-18653
-8054
-26806
