12775
-21017
18293
-6365
18095
27251
-23677
28330
20340
-6013
1324
8736
-21450
17432
-13911
28715
32115
-14101
6077
-26101
-31007
25669
28630
21512
2577
18029
-13508
18435
12727
-29166
18294
6616
19710
-15767
4468
-11405
-4903
16359
4450
-21852
-7120
27321
-25790
18307
7501
29395
13115
-26788
11927
11923
-11265
-6677
6265
-14291
-24342
15453
-30209
11136
28402
6206
8997
-14570
-947
-17005
-1839
4173
27875
-18320
3019
-17108
-25586
24428
9923
31936
11285
-4340
5060
-31930
14408
-4879
32027
-7553
6911
-7760
22165
6082
-17572
9055
25920
-19994
17379
24947
-19390
-27478
233
-17088
14085
16197
-32053
29430
25245
25004
3992
-21350
-8484
16580
-28571
-20635
-30552
-4547
8913
32160
2096
13693
-22952
31886
23165
-1760
5453
-14962
-7716
-217
6927
24008
517
-22935
89
5759
-1960
1881
-13361
30388
21952
-9959
-29480
-7748
29965
-12858
-29518
3317
30038
15666
27017
2965
-2565
-5148
-15805
-1384
-11723
-12309
-28542
13646
16130
-21903
866
-22685
-21611
2034
-987
-29900
23578
-19292
-1647
-7734
-13153
23986
28923
-491
29753
-10711
11034
30088
-24173
13671
-13169
19940
13518
-29394
-8462
-9222
-25315
27427
22627
-529
25779
-23150
-698
-23849
4269
15765
-32676
-17270
-12459
31864
-17589
22921
9028
-12257
18894
16322
19676
-13980
-14897
15362
-2701
-10932
7898
25245
-29826
25374
-14064
-32437
-28552
-32569
-21423
7376
11292
-7542
-6798
-27683
-11468
3289
-20700
-1482
11320
-24082
31342
544
9146
-5644
17948
-11339
-17467
10925
29026
32093
-26580
12898
28352
16023
-29416
-13495
-1267
10549
17607
20190
27295
9799
-22708
-17102
11071
-9619
-14828
14424
24748
18453
14715
-29986
4034
25934
-24230
-15372
-20729
18414
-11714
-30123
-5494
-17537
-12764
16565
10175
-22548
-12778
19033
2312
-18924
18726
17267
20095
27150
23568
29044
-13436
-23035
26131
27817
-11262
13246
-8703
25948
19186
-11665
-26528
-20241
31056
-16120
-11789
15264
-15929
-22358
-32064
-3492
-18555
-22797
-14171
-31395
-17265
6582
-361
11738
-25882
-7111
-8133
30013
1770
-32475
20869
21017
-19005
30488
-17918
22806
-17765
-6752
17922
-31203
16440
-24737
8600
30823
-8214
-29139
-26017
-26114
-18398
24572
-1348
13257
18025
-6522
14040
17210
11660
24937
17977
-7454
-18439
-3210
13322
1180
31955
-13542
27791
-9503
19152
30455
2745
-18295
32484
1473
30279
-11533
-18594
-32296
4247
1318
-30688
25399
-25574
-26456
-12334
32754
-15000
1383
-21601
18554
15925
-10873
-12843
-13375
-9487
19640
-3499
9273
7709
-1983
15258
19790
-5046
11447
28725
12473
-17149
-21044
-24275
-21663
-12989
20103
12536
-21338
1589
-26139
-6322
-27769
1930
984
15777
25011
19135
12583
24233
21374
4231
-14252
15784
12041
-23588
18107
-8319
-29962
5172
14552
-20410
-32361
25136
-26752
20039
5249
10192
12354
-19857
13598
-27261
-16930
-25573
8846
-1604
22700
18893
9361
8518
2207
20667
15485
-27259
313
7668
32594
19785
-14444
-13935
25718
2314
-30653
-7600
-21761
17594
-17669
29692
-23032
-15792
15776
26619
24248
17747
-10425
-7230
-23919
153
9616
13794
-13377
-31851
-20443
-28280
-8887
-19294
-31043
12018
13246
-12779
-10210
-32141
3365
-27700
-31905
-1841
-11960
-20127
13908
5363
17032
-15811
-23786
24352
-530
18922
9377
30115
30236
21149
-16656
15405
26354
19195
-979
-13786
812
-23556
-24555
-5699
26216
4234
-28901
17586
30439
13655
-2026
11615
-22240
23268
22523
4205
6598
1852
18642
3913
2660
-10475
-29923
-18858
3669
12301
-1988
-4878
1361
32146
-16829
2744
-8031
-7766
28382
-12214
-24155
22276
13117
-12209
-4178
-3844
-20736
-782
11575
32573
12642
19124
17078
-31209
19624
-26775
15741
13955
-16196
7503
20116
4118
4440
-31755
1614
2214
22508
993
-2389
28193
13
-28035
7359
25352
-3796
21618
14705
21753
-900
32350
28244
31236
-24151
18918
-1711
21308
8924
19189
-7670
-19600
26007
-16334
31963
4536
-12664
-4715
-5530
19251
16185
1636
31170
13984
8673
16053
-3342
-21336
-1541
20822
12412
7379
31408
-15384
-16386
2553
-3411
-31109
-6546
11223
2256
-854
-30626
25705
-18417
-15515
22430
-11435
-31415
10779
17317
-21173
17930
-29566
-9738
27854
31789
28008
-3038
-10879
3364
-17803
-5607
29316
-22776
13351
14520
18037
4580
19883
16791
7849
-7120
-17554
24213
13286
22422
-360
-24578
4874
-18347
-1159
-17122
20696
5277
22525
628
16488
14357
20579
32047
32271
12796
-20457
-32723
28274
7864
19648
-29968
-4865
-997
-23357
168
-9454
-26051
13424
11199
-6567
-25048
-11956
30436
3890
-4285
-20830
-7630
-10097
-22372
-30861
2574
-19788
13073
-30940
-31151
-19062
-1593
19344
-21253
13192
7703
-27389
20498
7752
-19730
-8892
27898
-31905
-19061
4626
22352
-32398
-18183
4767
1759
-5132
-15571
-5613
-11153
21082
27119
5294
10030
2189
5578
19989
9917
24464
-14551
20815
-21668
-991
-4929
6876
27169
-29213
-5021
18902
-18093
3237
-30293
21193
18234
11003
30380
7797
-11430
6014
-23381
-26384
-32288
-23618
17863
-8234
10334
-8476
-26735
-26647
-16225
26581
19033
-23109
-21437
25465
-14629
2860
-12606
-5174
32444
13761
20740
23843
-19259
13010
-25182
-513
-5476
-443
-14694
11287
-18163
-17039
-32407
-23759
-17171
30029
6779
-23012
-29762
13157
20309
1504
-13669
-11067
32188
6431
21586
-14774
4315
32240
-3848
-29751
4467
-4465
-10901
-17661
-2830
-7651
15787
-15181
17768
70
-12330
17736
24515
12182
-30002
5975
1910
29169
-13356
12736
-24029
-18350
4140
9823
-6135
-26456
10078
-11451
15867
-21330
-18296
-20779
28842
8276
26551
-18261
-3755
-29314
-11919
8206
-2015
31744
-10027
-21543
-31610
3187
7881
-29334
20546
-24003
-18009
-1972
1161
32471
162
18526
-29783
4033
-21723
-14520
4111
19902
17292
11605
17062
4755
22000
-15360
-8323
-29571
-11795
-5836
28138
-17021
-30974
15322
-2775
-26042
18849
-8790
2651
32157
11950
30276
2999
-8376
16982
-3016
-13045
-32215
25480
28871
11992
26000
-18422
-19896
-656
-8749
22883
8489
-16981
-16895
20241
1882
14556
20842
-32502
1898
-14665
911
-9411
-29615
6592
5090
6198
-1216
23000
25246
-1880
-32000
15513
9830
25908
2098
-12046
-19824
2638
30544
-20368
28778
4124
-13861
17358
11752
-32595
20370
10944
19422
-23750
-1665
-3463
-24459
19922
-19261
-6144
24450
-12720
20088
-6657
-30177
14138
-24972
-27351
-25593
8932
13202
8636
5068
-25230
9836
17913
-29334
5616
10253
12421
11039
-17745
-32045
14616
19677
-23328
-1915
-15738
-28784
18054
29400
-30155
-13646
-28489
22372
26613
15087
-7558
7183
-6107
24245
-6650
-27491
14738
-16877
7788
-22641
7741
-20417
-21209
22441
-6911
-28357
12073
-11590
6908
3280
-20406
30803
-17289
4419
5293
2823
5541
-32380
14925
-19179
20827
25309
-22820
6140
27636
1702
-29011
3122
16591
-8439
-24019
19386
25923
-23319
6202
30492
-23520
-4670
-4287
534
12336
6771
-10416
-4080
20125
-14254
8297
31715
7452
-23439
23906
-27512
-30432
1674
12127
26158
13051
-995
-22172
32275
-13569
13388
18695
9067
-13569
-11060
-6767
-32157
-19838
32160
-18910
12361
-21364
-26978
2483
13007
-14499
17545
-16956
14910
-4668
-16884
-16340
-22413
20536
-21664
-14964
7807
7347
-6927
-5598
-7237
-17880
31801
21247
5042
8402
21690
-27149
-30406
-16663
12568
20749
25568
11453
-6925
-23122
-21815
23099
-162
30138
-10317
-8539
4914
-15753
-30204
27135
7034
-12353
-29459
31539
9190
26302
30106
-32569
-26015
22539
31764
13879
10469
-24266
-23137
-20767
-347
3733
20432
22440
-14587
-19118
24188
-26652
-18699
4917
13804
20011
-1893
-2391
7639
-25489
9089
-14266
-26965
-8022
-11678
-17738
-7372
-20677
27855
7894
-23698
-31815
-23805
-24259
-24759
-29701
-27247
-24918
1222
10382
17166
11341
-21163
-28903
14091
-13289
-10122
-9036
3426
-14462
4334
-9331
-10199
11901
19388
15024
20715
-2102
-27707
-23930
24955
1662
-17570
23794
-26045
-11861
8677
-12149
-11668
-4998
26286
-31101
20383
14821
9332
-5369
4294
-1758
-31421
4766
-12812
4396
-4462
12837
-965
-19777
6731
5987
-533
-22616
11982
2057
22579
-12190
-18440
19283
-12657
-29205
3429
11669
-27592
31698
-32656
-8498
-11260
-14712
27764
-1260
12811
15622
-17578
24394
30855
17332
-17819
-3586
28110
-15407
30559
810
-20377
-5838
-23259
18066
-30892
-29425
-7050
30506
15637
-14986
-8393
32028
626
-28793
18614
13627
-26650
1157
-1324
-13972
24777
21764
29650
-2687
32364
23269
15025
963
-29731
9664
23036
-26815
-11691
10731
-22338
-12784
-7436
7075
7098
-1188
30414
-32039
-22932
-11672
-14878
27468
-12778
6591
7343
23790
-18313
-17701
-30146
-15510
-27349
-29828
20570
31785
-2007
-10100
-4435
26309
-7013
27724
5770
-29907
19952
19438
-26462
-23721
-21209
-29261
-28739
-2770
-20901
-24431
-10232
-6563
20678
11886
25810
21046
10579
2587
-10230
28781
-6277
-2716
-9415
19466
-10387
-6947
-16007
-26104
-32445
15214
24908
-27374
32334
-32671
-20964
-3188
-17965
-22528
31439
16280
-5801
-22985
-1320
-1441
21379
-22332
29170
23728
24248
15190
12219
-25455
-17170
-29557
21783
20560
7132
9133
-12358
5718
-10441
-27963
-3724
-4200
-20554
3688
16281
29957
22318
-8560
18658
26249
-29648
300
-8269
9401
-9974
-25358
24081
16482
19782
6791
25209
7225
-26104
-31925
14984
16923
2242
-13423
18520
-24505
32239
-6132
29487
-18294
10021
-18042
16329
2984
-9291
4881
-7138
21847
11327
-30117
-13231
-3
5758
-27655
2282
-8058
-26198
12369
30314
1458
2903
-29989
-5874
27136
14903
8167
-12298
14142
-25821
-18024
-21794
3321
-31499
-17025
12439
-16961
26391
-8562
-32371
-596
-18431
18184
14564
20328
-32696
-9682
-12440
-22981
-2066
19640
-31072
17654
-25001
-15220
29814
-12543
-27345
-22421
-1980
2488
-6043
-9027
22182
-14978
-28825
-10223
14697
19758
-28600
-14500
27207
-11217
28595
-8295
-20831
13878
-10877
16215
7208
-2281
-8690
4314
2348
4667
-25520
-15861
7781
14901
11278
-25961
-1613
290
13792
21370
19548
-13417
-20327
6389
-8677
-29041
-14022
10961
18855
30446
20483
7913
-935
30144
-18990
-14494
-8648
27043
-23493
22916
11313
6801
-32059
-6224
24864
-29783
5852
29687
-21070
-22439
19961
20340
-16356
18238
28176
7561
-19469
-18687
25635
1678
-18536
8775
10912
-14173
2605
4856
1767
-25215
-27506
22832
-18860
-11353
-4860
302
-16277
14737
-3906
5274
-22492
-13995
-12473
-8205
-21539
32267
-101
19933
14266
-29569
-19175
-29432
-3806
7765
-293
18423
-18170
-29531
25508
-6861
-6884
31373
13788
11582
-28467
13036
-14912
25212
-11651
-26716
-26733
2787
21522
14229
-21614
24046
19076
-8854
21345
-1398
-26145
15226
28094
-27355
-7235
3612
-27468
-26083
12085
-27053
-18096
3982
26746
-28514
-7357
20380
27693
-17077
-19060
10729
23841
-24949
9079
-3722
4667
10381
-20384
1679
27807
-643
-7297
28985
19038
13412
4869
27881
5770
23706
15356
22553
19233
3332
-8143
31886
-31621
28440
-10998
-13333
28558
27953
-8162
1289
-16141
-18313
21289
-10028
-5947
-25174
29456
25292
-21409
10705
14101
-24163
-12550
-31676
30262
22033
-31163
1254
16261
-28930
17524
-28187
-22687
-8370
30962
3787
-30826
104
28384
-15395
-4968
5885
-25835
-16304
8780
1187
17826
-6493
-15435
16940
8296
19592
-2233
13990
-5933
-8929
3552
24899
21741
7643
18738
-29516
30599
-11043
13925
-7034
-32514
-18695
31703
-9661
26772
-32012
-3296
25675
-6465
9252
-19706
-32747
535
1283
-7387
-7655
-29467
10744
-15895
-20190
-27988
13536
-13025
-14138
-5166
12202
-25796
-10333
28340
19585
-18360
758
-17370
28450
-6699
-7950
-23440
2800
28737
-6330
-5360
24021
3785
-10182
4951
-15562
-22197
13135
3034
7962
-4125
-25625
-23915
-28611
7685
-10524
-6884
3743
24854
12274
-13847
-14613
-9379
27603
7406
-31232
-15913
-13899
-12220
28587
30852
-8517
-12985
-13748
29411
-32207
-1785
24128
21540
-26604
-29521
-1788
12398
13641
6199
4811
3148
-12176
-27940
22323
-6422
-8962
10208
16675
-22853
19703
-2885
-2157
21914
7259
-29573
9766
10807
21852
-29010
-18639
11724
2939
-31207
-4253
-18702
14991
-12061
-16885
-3840
16057
30540
16996
-3740
18954
-29148
978
-2967
20311
-3988
13420
-31867
-29217
7782
-5116
5072
-699
-25947
29584
-363
28511
-5968
-10254
-30852
-2708
-31317
21838
4666
1125
-15678
16482
-30145
-24662
8750
-31150
-31818
31271
-15141
5401
-29004
18755
26452
-8438
26201
-22310
-30928
23940
32017
24512
-2220
-20123
371
29956
-138
10235
26045
17867
17355
-8011
27863
8645
16672
9066
4884
14351
-2384
11209
11330
7326
-27352
28613
4652
3907
19121
31737
31687
714
3313
18552
6274
31486
25035
14164
-14353
30553
-32500
1995
-7720
-30109
27345
-5374
20849
-8078
-18929
23943
13744
-17242
-3661
-21093
10931
-25054
24540
-7720
9442
-18351
-32539
-27817
-2858
-14583
16126
-10724
2781
-877
-20269
356
-28606
12139
7466
-14887
7471
23503
-18066
4799
-457
-4777
-18501
-31942
-14772
-22373
26382
-11316
31562
-10472
-7122
-9935
-22498
-12663
-26799
2432
-31643
20058
-1600
1547
1978
18757
2002
-26909
-15043
25682
-7859
11551
-6436
-30495
-14907
-30691
-218
-21191
-22172
-27592
19038
-28529
-6468
5394
-16883
-10611
3149
-11031
15205
-27632
32433
-29616
32033
10934
3796
26940
333
19855
-7973
14249
28996
-32413
-23904
-9037
7545
-22970
26831
20038
31464
9772
-11587
-3968
24609
28564
16144
10744
19838
30476
-32241
-2643
-23581
-19494
18548
12182
19148
17497
22240
3576
-13048
18387
-7037
13706
-13152
26350
19135
-7160
29469
-15881
29680
-1550
21375
11170
-12871
15350
30802
-20317
-22692
-7379
26043
25583
-7851
-15512
-798
10839
-6962
-25166
1849
13336
489
-30113
31154
9138
-25215
28176
-32023
-15956
-3161
23576
-16045
20716
9201
18300
-180
22684
32114
22902
-19992
10016
23522
28148
-32681
-1597
19595
112
26478
-20436
20947
18927
20333
4595
-17754
-24676
19242
-26676
-9379
391
-9556
-3163
-3803
3635
-31191
3891
-19098
-22452
-27820
23979
30072
5343
10392
24972
-31699
18636
-2547
-10331
-14004
-12109
20878
-7958
15827
7340
-1743
-4001
12265
-28904
-15036
-31246
-19179
165
-10738
-20466
20765
-3607
32435
-1778
-2407
-27184
-27250
-21851
-20889
11726
14177
-10476
26246
23779
-19619
10949
2492
-20025
3859
21912
-31060
-23238
-27479
7889
-2676
2583
-3487
-23380
20172
21865
1187
22483
-13182
8829
31350
7708
19771
-15964
-22140
408
-15748
2223
-25815
-7405
-4337
13494
-16840
-27636
28744
-16039
22893
-8162
-23574
-27648
20363
-24935
914
24369
1295
-26254
-6652
10696
20606
3034
13712
32637
-2412
-29287
23398
26904
-23517
-10190
-31378
32502
24701
18432
1510
-17110
20205
25827
-224
24609
-25976
-4416
2757
9114
3071
1059
20327
12520
-24771
15804
30393
-9939
-11050
-16963
8372
-13695
3197
-25033
-473
-10566
-372
27824
20504
-17288
-5871
-9554
-30173
7639
-22039
-8451
-2674
-13608
-24148
-3822
-19815
-31559
11417
29724
-28521
-580
27685
21218
17484
15732
-5190
-16482
-23045
-22095
-27537
27795
10142
-1594
18386
15271
-15243
21634
-25582
-8399
-18405
-4567
13084
-22289
-19555
28825
-648
-25956
-29489
-9820
24856
-5751
13347
23656
27633
19565
3285
17543
-30009
23600
-28491
21335
13779
-10940
18295
-22837
23542
23776
8442
-6792
26407
14289
21125
-27991
-22027
-28331
4213
31600
-5832
3595
-3672
-14440
-32177
27880
-8799
-3821
23501
-13225
20229
-24304
-10660
-9259
-22419
-14268
20158
12156
-28068
17636
29166
-29163
-24656
1746
-8635
-18194
26017
26505
25004
-22566
29727
18175
17594
17866
5290
-10913
29453
-22870
7416
-24690
-15636
21242
5866
-19152
29489
9443
6328
3514
19114
-9897
-14173
-14070
-1981
-1061
-20414
11944
14278
-14484
-2630
10850
-7149
11912
-1971
4393
3235
-27246
29092
-29789
5650
-21629
28622
18315
24624
4310
-11952
9864
12346
27808
26513
-6510
-23974
-2149
-23172
14242
-11821
-25523
-17030
32572
17376
-12544
30626
28617
-7623
-5527
17266
24450
17756
3810
-21071
-32481
10124
-22504
13466
29976
12377
-1802
-19350
-571
29780
-2712
-26720
18931
7328
1325
-21365
-23696
28532
-16045
10194
-12125
-29891
-27905
-21115
24596
-32562
-6530
-12434
21835
12482
-12712
10916
-27234
-5167
28687
13564
3922
-32687
5654
16769
294
-9128
-1503
30743
-19645
14056
-26821
-14201
22292
-24197
31628
14156
-5713
-27057
24418
-1815
-11170
-4352
28853
-9926
1686
-32363
-3158
29678
-10849
23694
15759
22311
-22345
23157
28334
9848
-32008
12936
-19382
4306
27347
537
1324
-19504
-29098
-29984
13389
-14486
-6953
-13013
12554
-6922
-6710
-15855
15176
-28901
15729
18633
27581
-3817
-29652
-22956
-13609
-23732
21062
15145
-31734
-27592
-10946
5894
21165
10500
22053
11762
12283
19819
16875
16745
2162
31376
23678
-14710
-20130
19099
-20021
-19912
9672
-22404
21120
-29384
-19347
-22587
16936
12
-20244
13634
-5435
21508
-20795
22496
-31479
-24424
23481
-27672
-547
5600
-5004
23646
7473
9211
-15244
19142
20229
25809
14953
-29246
-30631
-25250
3458
-19860
-31056
-31653
-18482
-9744
21291
-12482
-11526
23488
12246
-7924
-30422
-3525
15118
31162
-3363
15896
16545
21667
-10593
6075
-18409
30742
16604
-23374
29408
-28234
11179
-19789
25941
-19824
5061
30831
-6030
18718
-30922
-31312
28470
23767
17174
-2041
-26356
13286
15092
-21151
19853
-4700
-17166
-2609
-23016
17621
22670
-28
-18658
-15205
-27021
-18381
-8718
17630
23327
-15243
-18634
-27918
7173
-3245
3230
20605
3505
-16827
-29883
-9526
10732
16470
-11948
12319
-29822
4347
-14761
17932
29879
1102
-18134
-31673
5098
12157
-12407
-10287
-9792
-27869
31101
-15021
-24949
-15057
-2170
-25827
27951
20921
6393
29168
15055
-13461
-24388
-11363
30946
-27013
29005
1082
-20922
-14902
-26645
31533
-12371
7605
16560
20687
-31469
3801
-7578
-22827
18327
786
23375
-16324
-25522
12725
-18884
4865
29819
-17563
-6952
-13727
27687
13722
-16229
6691
20315
-17956
5578
19690
12829
-23607
3185
-3036
22177
12487
-25727
4570
28688
-9744
22044
-1149
-21676
24734
9754
-5743
-13678
6781
-22590
-14502
-30405
23720
-26983
27027
2672
-31270
-12824
6613
30102
4912
31030
20643
25780
-2805
23786
-10572
27573
19526
-5609
-18848
4232
-15077
-7382
-6528
14384
18308
10997
12355
-1344
-5488
17564
-16197
-30429
-25220
365
17997
8806
-11673
-14834
-21749
-22917
23950
-13720
-17381
24724
-6678
19369
287
12877
27335
22748
-12562
29787
12682
-5629
32763
-17221
23022
6494
32626
-14445
27060
18228
-159
16865
-17974
-15542
17158
-12117
2194
26022
25639
-29157
-3098
31724
26581
-16094
-24331
8158
20204
-14185
-4770
31510
26378
-28938
6894
6691
12353
9387
-17295
-20777
20067
20922
24571
19265
17773
-31205
10836
8525
-22305
-2242
16124
-28219
-13326
-7713
-5859
-17629
-24079
-10346
26539
-17935
12913
25106
17215
-14676
18853
53
5020
-1516
23281
-14294
32644
-23183
21857
21327
20885
18582
-4502
-10527
14400
-25950
-19494
27359
20390
8172
28944
-27281
-15265
-3650
-26872
-30602
29009
19226
-31757
12776
-6505
-6617
-24519
-19920
-25257
3947
25037
3103
-17615
16706
24765
-1365
1246
-16293
-3778
-6443
15525
16980
15976
23871
22128
24837
-17034
-12072
13322
-25920
28236
3704
-12751
1866
-27611
-10730
-20523
21563
14797
-29139
-20134
19306
19697
-14210
-6955
-6300
-10265
16715
21785
-29677
-1868
23443
-13951
24756
1364
7537
10090
-30098
8426
-9821
3451
-9718
25590
-11807
56
24438
3998
8509
3581
17468
14373
-1190
11941
-21570
12663
-2302
3922
26943
-10855
30336
3045
-27303
7103
10790
7679
-19079
-6919
-1086
14175
8416
-24829
3545
6353
22336
-8393
-16979
-10222
-5485
31707
-12887
-8083
32158
-23655
-30542
-23877
25316
16691
19143
34
17356
-16518
805
-19895
-17126
12771
-2959
-22922
-4195
-11385
31257
23145
9781
16414
22131
7541
24876
1877
-24379
28322
11951
13608
22100
28219
19471
-10059
-14541
16512
-15086
19956
-31571
-1587
-31857
12944
-15395
19758
-19186
-17339
-32112
-12943
-32101
-7925
21169
-20504
-7144
21516
11189
-31235
3266
-401
-1606
13209
-1118
11018
19797
26513
31934
-18421
11820
16073
22872
28989
25736
-10959
-29466
24415
-20340
777
24472
-12701
-15853
-26981
26589
-28465
19849
4691
-9750
31870
-9623
-10470
7029
-489
14077
-8852
-27033
-6994
-9429
-571
3212
4089
2526
-420
-31804
7175
-30311
-3226
-6301
-24344
20688
-29133
19951
-29503
10765
-7480
11055
-15289
-10087
-31331
-32761
-28196
17831
-13899
11436
7544
-29052
219
-9633
27166
-2444
14972
27053
29693
-11505
6376
-5312
26501
13357
22476
-3680
1571
-20104
2724
9503
1132
5930
20989
22358
29216
-14566
-22565
16469
32356
21366
18770
4039
-20692
-13352
-12268
-31782
-17383
32464
27839
25253
18644
-27507
1858
25847
30893
13415
-31551
-30828
-15915
-26645
-27151
-23061
1472
32091
-14170
-6903
6180
-19040
26417
25520
10572
-16837
19370
-23109
12006
-18956
-14050
-25467
13313
23934
31645
-21275
3616
25901
24152
-22498
-16593
-31153
7603
18572
-22409
-32034
-22751
-8929
18247
-5998
17475
-23337
-5969
-3194
-31535
-31784
6331
-31494
27927
463
-27510
-25693
12994
-9622
30292
-17748
-26650
21775
-14381
-29320
2561
-5908
-24569
-23908
-488
-12709
10917
15825
4013
-8804
9283
23207
3253
-15029
-11617
15423
-5088
-32436
22697
-9277
-30259
6545
-3482
-24173
-4928
-32680
-30785
-20091
18205
30942
14810
-18088
-344
8811
-4076
23091
4471
-20993
27190
22728
16012
21103
290
25782
26094
-2132
13489
17142
28690
-14171
-13669
-8684
1653
11731
23554
30267
9239
1119
-10515
-30613
13944
-13657
-11128
3281
-15990
29316
-3848
-12376
-12542
-12471
-11845
-18703
5962
16493
-27176
30027
-26893
-2417
-18872
18103
-2340
21422
6220
-22793
28255
5526
29216
16439
-17464
3536
570
-7072
10587
-22898
24463
-18579
4927
-1532
9144
-16720
-1116
29411
-25578
10852
31050
10082
-1350
-28780
-20099
8604
13367
28059
3612
-17037
8460
19020
-20345
-11741
20512
15894
30
12345
28295
-8771
23071
-25830
-14813
-14381
6092
26250
-16916
11136
23353
-3239
-1147
23475
28396
13832
28458
-19050
19383
-12782
-12976
17986
-32756
26273
-1357
-4616
13254
-18818
13446
30907
2438
17604
-27066
-11581
-9852
9289
-27959
-9792
3495
12550
24393
8631
-8314
-5719
24938
15375
22231
13202
13663
-15734
-21910
28286
11731
7893
-6752
-9084
14104
-23774
2746
-4357
11669
7332
-9047
-32667
-27142
19959
-2651
-10032
10218
10003
11423
-12618
5321
19934
-2575
27056
2674
24254
-17763
19743
25143
16057
-12830
4185
17013
-14720
265
-4569
-11375
29887
30215
4756
-6811
15230
-819
2275
9509
24014
22730
16971
7857
-1911
4622
-31227
-4513
-29900
23640
14718
23402
-8559
5445
9339
-29357
-6172
-25525
-14567
15655
-1261
-17321
-27876
-12136
21820
-23308
-28309
-23424
1433
-32440
25099
-19816
9300
27029
-6753
12742
-12045
6055
20895
27686
-15791
-4974
-5782
4906
6277
-3369
15809
5960
-10738
-18293
-12042
-19060
3831
-31857
9556
-30340
-16984
-10004
-13655
15484
26978
20249
-14354
-16777
26956
-29640
-13999
-20381
23209
20133
30152
-29448
23590
-25525
10101
-28606
-5015
-2856
-11067
28213
-12123
14630
-17606
4422
-6042
19438
-5291
-129
-2962
3383
5488
15847
32321
9489
22203
-27009
5940
-10489
-31403
-4975
-4220
-1396
2793
9892
-4891
-20132
310
-28984
-15333
-26298
9966
32302
-17050
5894
30743
26493
14622
-25460
645
-2435
7918
13834
2601
8339
-2018
-22162
-16575
7133
22028
21476
10361
28133
-25636
-9915
27625
8208
-24436
2631
-32551
-11893
13841
17242
-16846
-16353
7362
2398
-18319
13978
17814
-4349
-4113
15552
-1653
21600
20462
-18358
20010
11663
-30057
9794
-25148
14857
-31946
26884
27677
21724
-5280
28619
9825
29934
19163
-321
-16
25503
12849
-32272
191
-4880
15705
30210
15465
-20728
-15987
17484
-12760
9509
21756
-31466
-21688
-20723
11537
11287
-2062
694
-24542
32647
7811
-24276
7029
3104
18701
-2282
-22174
15907
-19198
24907
12468
-18214
-2981
27712
-6162
15601
-25250
23201
28443
-9290
5597
-21195
2129
-14622
-18891
-23303
-28208
-9585
10471
9149
10784
-14662
-16516
3971
-9652
2173
23131
32126
19003
-27269
-5512
-7580
5217
28860
-14936
17158
21405
-31945
21000
-4933
-20480
-9925
23647
-3419
-9700
20663
12777
20203
18412
-21856
-5241
-23846
-28809
28203
-29409
-32378
-24892
12209
-20577
-207
-6668
-17520
12388
-21750
8584
-32051
26350
10340
-32336
16951
-11125
-8087
-31424
-8666
10911
-19143
1507
31052
11179
11720
22291
2258
-19455
-11684
21556
-13343
-13958
1652
-32764
7132
11905
-7708
13157
31383
9760
-6540
24958
-7053
7965
-9372
26183
6246
-27372
-7282
-31244
27244
-11661
16701
-3652
-5082
4457
17143
-32440
6611
14931
-8374
17869
14840
-5994
-20321
-9778
-28196
13586
15662
26281
18793
-18970
1312
469
-31663
966
19802
20099
15176
-31349
32099
23765
-11124
3520
-15685
27058
32597
-7643
-8655
11660
-16802
6609
602
-25813
-17481
-21210
-2759
10290
-24734
14010
-23786
-11311
-27606
22583
163
-1078
22598
-26207
-10355
-4216
-5620
-25169
-7336
25573
23157
-12030
28982
-6839
17991
-2588
17658
26275
4197
15552
-19085
-30234
-14504
8992
8159
1734
-20295
-21082
10699
28582
30989
-6903
-3289
18403
-12762
-14576
-5262
8953
5741
32038
-12361
-27062
-24645
2813
-7775
537
23049
-17097
-13521
-6947
23077
5794
-10467
31075
9809
-25016
-18791
-8936
-23111
-7735
-25638
26425
11767
6154
-16073
-6492
-22409
19017
14321
-32763
11994
-13337
31346
-20478
-31298
-12511
-31086
-20173
31485
10429
-21376
-28753
30174
-17203
-4225
-12289
-28738
8684
14677
-7390
13412
-25314
19127
4007
32453
9805
9520
-17114
-21115
-29976
-19259
31782
10082
4253
21253
7439
23068
29220
660
-27394
-32664
-5050
30846
23766
5979
13718
30825
-8097
-13844
24768
17187
-5526
11797
-13079
4938
-25621
27564
25108
1772
5342
-27886
-16779
-25515
15302
-24233
-19695
8081
-23208
9523
-30199
4068
1609
2701
25488
30340
19324
-4817
18012
24805
28271
-4325
-7320
26517
28004
-31394
-5406
-30458
-7627
7495
-29141
-15592
-24094
-11494
-22571
-1785
4991
-29016
-5951
22808
-29895
29816
-1475
14686
-25989
-12750
18575
-29741
-24276
16978
-3320
-9895
-6163
9379
-16476
13022
-2916
-15585
1216
-32209
-24166
-161
-7750
13582
-24966
15805
-2011
6111
-9261
-21626
19088
-16318
-26654
-16131
24505
23676
26782
-19851
12831
13683
8833
25765
-21717
19224
19719
21052
-19816
-7079
-22387
-6549
25395
-25005
-15068
12112
-12864
22090
320
-2974
-14454
-12891
16540
15190
2792
20427
18929
6395
-5310
6184
28049
19000
2181
-327
16227
27607
17862
6815
-19118
30948
-1298
-29126
-2570
26150
-26251
-15189
2345
-23505
-5212
-29416
-7390
-9117
-25838
8365
21607
-16
30383
-30440
16535
3179
-7820
21095
-25657
-12454
16114
1556
25677
3210
-14197
17884
15461
-6385
10417
-27190
12769
22555
29449
10207
7763
2251
-25038
-31238
-32701
11013
15907
-17138
-10572
-25817
32363
14490
-30153
653
16593
13904
-32446
31940
-24708
17990
9460
15266
-29079
-2020
-26731
32360
30882
-16022
28211
12867
-30059
16282
30828
19424
-11986
16445
2778
-4103
9332
286
22959
-31190
31417
221
1767
-5156
19964
11308
-25333
-3584
14915
32017
26790
29216
4566
-25539
-21107
-20095
-25014
31809
1363
-17092
9280
14004
31893
-5513
20257
23815
372
72
-9174
26682
-31699
-7607
30191
-12322
19131
-2933
-21897
27523
1344
21792
-1153
-1228
14146
13972
24234
-12775
20175
-4365
-9583
24359
23982
-27998
-5619
-7822
12951
11429
5434
-23696
-23570
-22773
21304
31246
-23842
-16214
-9126
-18462
-2331
27163
-26859
-7918
-11137
-30358
26656
-27493
12923
-2967
-3659
-21909
22202
29594
-19294
-4414
19847
-6859
-28912
-12768
8660
-15019
761
-10616
-11919
22116
-23462
-14222
-26002
-19671
-23007
14259
-3030
-31909
-16882
931
9968
17999
29288
10705
15007
-19235
-30276
-15676
-30969
6128
-14714
-32280
-22845
-20317
29458
-21486
12202
31660
-26547
24762
14389
-24014
18373
22087
11486
4028
11206
25707
-11279
23579
-1310
18050
-15307
-17225
-30672
-29189
15942
-4068
17407
24027
15971
7567
4216
-18508
26100
-5969
-19899
-7126
-28185
-23034
23783
1754
-31249
-5723
25200
-26393
29026
-2101
2714
370
22134
18097
-19147
20210
1597
-5618
-32560
14281
-2088
17310
-21654
27202
-4511
-20507
8241
-15666
18566
-32573
3025
-1057
-20198
26708
27816
-30881
24883
-22738
684
22111
-4520
5592
19195
10952
-12952
19756
3216
19874
728
-8954
32508
-2359
3650
-3559
16937
-7967
-3219
30656
26544
-24726
28635
582
11793
19076
-19059
6626
26335
-12153
31002
32602
4064
24056
6851
-5671
-7560
-29938
16552
-28880
10138
-13758
19821
8038
-22505
14785
2754
18613
6607
-7322
-4434
-11729
20787
31586
-5493
-2554
5695
14233
-25520
3199
-21660
-7935
-26245
4183
-29825
13860
15026
21099
23323
12120
22946
3384
-26449
-21548
17259
-6866
-23965
4560
-9182
20826
-32358
26398
19488
-29332
14184
-11823
-31247
24017
-3797
-16389
26599
-31111
-30516
-25325
-3723
14136
16252
4094
10036
21926
-517
19854
1972
2038
-28309
-22801
8887
-25092
-10109
9726
-22676
-15816
22872
-11123
29354
16063
5346
25510
16998
-23697
-21518
23692
29069
-133
11020
11767
6907
-24563
11156
6551
14619
-29160
13694
29520
3302
-11896
13383
-31657
-1875
7888
-31900
2774
2253
-20345
3406
9429
-18564
-9870
-3435
-11112
-22397
10743
28875
4992
-942
-20113
19514
-11231
1634
18970
17704
4637
6064
27476
-8786
24993
24732
-27726
-23056
-24238
-7073
6898
-26100
-31900
-5687
23208
8375
-21535
26007
3464
22368
26180
-22701
-20213
-26893
-7875
-1695
31841
-28855
-30007
30802
32219
-9570
-16456
-10552
-17128
-5799
-16334
27188
-27668
-12425
16897
-19883
-31240
7690
-8060
32470
8594
26037
5318
21242
-21881
9074
-6313
24859
-27565
-15471
-5148
-19869
-18345
31335
24392
5989
13733
-19996
15998
22900
-2430
-31186
13202
-13587
-3430
-8298
-26852
13502
-10451
18397
30720
108
-13056
-7075
27169
-18130
25969
-30723
8292
-18417
14108
-8083
1536
7246
370
30036
25632
-7987
23072
-31788
7586
-23417
-17832
7937
12119
2974
-27418
4483
-7250
-6798
-16407
-3167
2026
22018
-27112
4260
-26286
-8166
-6208
17400
-17157
10854
32303
20913
-25740
-7105
-4702
18080
9740
-1712
13261
-7609
-6304
14089
28038
-24026
-26008
-32093
16851
14746
-16154
16418
31058
-27525
-24983
22124
-21264
-25788
-7333
-20996
-1124
-17434
18459
9693
-1955
-25112
31944
550
-13112
29080
12532
-22442
-5409
-17221
-270
15315
-6681
7603
16386
-23467
2261
21689
22835
15410
7020
5286
-26864
-19222
-13850
17021
10214
-16095
-18960
26571
15827
17937
-2257
-10996
-16917
29082
14846
-15388
-2150
15516
8855
24303
29080
27224
-26467
27525
21081
19800
-16330
-32125
17508
-13596
-20487
9480
3503
-18214
-30638
-7382
4545
-8577
-11716
-1831
-27081
-27862
24672
-10246
8677
560
9976
-7809
-13575
-10189
-24591
-23987
20388
-10496
-29428
7788
30806
-24043
-16000
-30009
19383
16917
-6873
-28571
-12481
-26826
554
17324
-27356
18812
-10940
-17900
29343
11960
12555
20801
-6572
-22500
-21661
24056
-2198
29739
-29131
-5083
18435
-14868
-17362
31678
6872
-7304
-9823
27642
-519
10102
7194
19870
30667
-19322
-15174
-12529
-8424
28534
-2741
4648
-5565
12139
-9491
-20071
-19589
-17963
7812
3336
-18933
-32455
7956
-23955
32409
23620
-16034
13048
25705
-17376
14996
-12422
24497
-25502
8314
-26793
-789
6189
1301
-19166
15764
1252
-6920
-11122
-26743
29425
18696
28707
-22654
-20104
8245
-26934
-6069
19223
18347
-18587
-29010
-14446
25678
23327
29517
-24395
-18840
-4345
4641
-24383
14478
15525
12679
-20900
23394
-2509
14505
-81
29660
-30055
25191
-24789
-23232
21465
10282
-9491
-2784
25795
-3787
-5723
-29164
-20148
-6585
29496
-23291
-5912
14130
6223
24798
12379
4799
-10073
6631
-17452
-26389
11133
-12848
-15384
6871
29625
-25246
17979
23460
-4407
16220
-24274
27314
8632
-16049
-30746
-29702
23914
31350
7312
31967
22698
12123
26898
25324
-6386
-4203
20702
19109
-29555
32197
29555
-1257
-6002
-32383
14625
16112
9372
9007
24919
-1116
-10841
20348
10307
-13726
-21751
17558
-13023
12112
5208
-9808
9262
1166
1969
12508
27853
30039
3289
29818
-25905
-14537
11345
-28507
-9157
-4060
20530
21849
-17154
-31887
28257
21149
-3683
2702
7521
-7404
-13664
-14050
-30115
-23619
1747
5749
-1374
-3947
29660
-29406
20876
-31356
10128
23424
14691
-19349
-20134
-28652
-3519
-3615
12822
30275
-8391
-1830
19464
27648
-14326
16832
1375
1259
18272
26680
-10356
-4163
12886
15638
8925
-18983
-3438
-12135
-15337
-17034
-20119
-18871
20291
14908
19898
-21535
-10551
4813
24144
24941
27380
-31843
32596
-28317
6511
12435
28333
26314
-20211
23469
31901
10244
18217
12075
-14588
-23902
19383
10194
25708
-9778
-7015
-23742
-11574
-27226
32192
15241
11169
-21694
-10187
-4010
9424
-26992
-17396
-26673
-24330
25313
5722
-31036
-20949
21872
-28311
-12836
17238
-16323
-13292
-1198
17076
6931
7561
21777
20265
17993
-30274
-30301
27091
-20370
4173
14708
-12036
-19413
-12858
-27410
16467
-8372
17417
-1143
-2743
-23158
-22483
-25883
-18207
-8919
-19380
-18664
7282
30863
2635
5644
15255
-20720
4564
24768
-27355
1015
-30666
20528
11714
29363
-12899
-23396
-14739
20462
23156
18578
-23003
-31552
5414
14518
15695
-29125
28527
21668
3973
5618
28738
-19302
-7589
-9931
-29181
-950
-22821
22802
27598
1992
-30144
20123
-18013
-6836
-26333
10127
-20712
17915
4030
15041
8367
13044
-10804
22765
-32695
-26001
-13297
541
-25
-4266
-12084
2266
-21928
23723
6845
1495
27230
27230
-15496
11845
-10434
-31513
109
-32302
-12037
7811
-3304
-12405
10327
24625
26549
-24067
24248
-2009
-15220
1604
15732
28834
-5054
-18072
-18715
-22046
-31745
7355
17028
24605
28035
11313
31479
1749
10475
-4772
10414
-23232
21659
-24880
28117
-32487
-25276
12043
-29520
-929
-16491
4084
14767
-16690
-6886
3094
29892
-22613
-30902
-1513
-10680
-8811
22852
-9955
-18866
30121
-6091
-24723
3167
9254
7957
-28408
-7832
2362
12560
13611
17674
24698
11502
-1229
16614
-5629
14271
20418
19653
16216
-9803
-30281
-5694
21347
-20648
-5566
8251
-17874
10940
-25555
25931
-31433
18961
19532
6170
2894
2841
-29084
22220
-6105
-23433
-30268
10722
8673
-29249
17025
-31115
26101
-31582
-2290
-11641
10937
-12087
-25568
-19911
28371
21735
-29553
-29016
18348
-25613
-18786
23761
-29611
20835
-13446
9733
2769
-24915
25925
3326
18978
27756
-20104
-24548
-15776
1649
9569
-14012
-14172
30892
27200
-9110
5577
16181
22644
31493
-32127
17753
-21001
-2071
17243
-24163
26574
-29257
-7705
12810
20055
15331
-24684
-12247
-23381
-26281
-4814
15718
-23774
15357
160
31351
-1910
-23934
2440
-14710
-13547
12113
3223
13451
29002
-18084
14584
-27781
22768
24336
338
-13522
8467
-20060
-19921
-15547
15644
-7598
8304
-4896
-1135
-17409
-14636
17249
5345
28820
10378
25174
7898
10375
26464
8601
-23010
1105
4410
6967
-12913
15131
-462
-18478
31975
24648
15214
-686
-7053
-24711
21565
-9310
-22719
-29495
31446
-6279
26201
-10159
-18342
-19583
-14828
-27267
10014
780
30308
16297
-12048
6823
-9737
15582
32390
4002
21833
30808
-20716
30671
6691
13801
23013
4793
27956
14325
-15855
28325
5524
16159
-25430
23283
-4654
-19890
30246
13198
-11868
13800
-13115
19721
-8889
23298
18398
-27148
-5208
4152
12718
-23489
-9884
-7975
9797
-13978
-31023
9826
30843
-5228
-7824
27071
-13168
-19947
-8391
31962
18101
-26303
-4906
-16045
16715
15651
3357
29825
-30430
9327
-29478
-32120
-1776
11422
-32026
-5041
-18723
-3119
352
6176
18258
-31954
19726
2220
-30546
-8926
549
9849
29900
-21491
-28327
13016
-1870
-9794
-17608
24934
-14371
-27339
47
-24255
10502
10010
25501
23627
30799
30784
2915
28466
-29786
7231
-8497
-6033
20439
23096
-11063
-11881
4980
-19538
21646
18063
19419
27447
32527
18687
8154
549
-26120
2801
-10279
30319
19754
4244
31298
14524
26855
30800
31647
-19350
1541
-19922
-8739
-16784
-616
-20151
-19520
20264
21667
11632
-29562
-21842
19428
23852
-30959
-28623
19107
-6088
19355
-26575
-2972
-20634
-16889
-23647
-20404
-2268
-8010
-7685
1865
25425
-2141
-6248
-9459
31767
-22583
31277
5273
28646
-30998
-26164
-13753
13970
-29084
-5490
-32637
7562
18725
11917
28359
21867
-9696
32387
-2415
-20111
-15158
30939
-15075
15211
-31274
-9628
26910
-19363
21843
11496
10665
14900
245
29330
-12578
681
-25913
3555
-6030
-15230
-26351
-21609
30980
-11875
21010
-23930
32016
-22693
29758
31215
26272
32680
7596
7764
-32044
12917
21317
23542
3254
17663
-30619
4866
-15304
-15808
16461
19735
27897
10517
16928
-14200
10962
-10245
18012
-11600
-3477
-30992
27483
8986
-20713
7890
-4856
-542
5015
-6828
-31651
-25683
2518
17822
14979
-30274
-18128
-28049
-6338
423
-13029
2964
-26486
-14213
16812
22688
25978
6990
20899
17824
6186
21662
22618
27721
14904
20803
-2
-16726
-10765
-30483
4061
5721
21068
11073
-11881
23984
32130
10636
7862
-18768
6922
-514
21068
-3295
-14992
31357
-9614
-18982
23180
-4344
12296
-10108
18708
30019
-13582
-5674
-23139
21369
-27742
23134
9122
18732
8655
-30220
25497
-20986
30790
11813
-28824
-3002
-32539
3444
32104
-26702
-32665
-5767
-16239
17796
24611
-26446
-31333
1527
-28117
8190
9857
5180
29877
27670
-907
-29472
8327
15354
5153
5525
11413
-2184
-28799
232
303
7828
-5265
7981
-4461
-5487
-4799
7678
-9754
11024
15828
23403
-19270
-7892
-11175
16731
9769
-13997
-16149
-24226
-1263
13688
-10949
20750
-22921
11960
28316
15382
24715
25149
15433
-22669
-6350
17609
14783
-31267
12892
-11966
-29722
-28528
20752
-1716
-29742
-17064
-7740
11927
14428
17810
-28389
-17626
-15578
-3933
841
7305
-20530
16786
25828
-2898
7267
-20884
22781
-21457
-6285
15440
-7868
13423
-20745
1536
14390
-3299
-22555
-9379
-27287
30638
7532
-17877
2863
-27878
-28199
4622
31211
28648
-2685
4894
-15553
-21765
7432
-21275
-30083
-24204
18906
-32596
-1649
-27456
12138
24012
-30813
21710
-25842
10587
-4636
22101
-31542
-19028
15598
825
-7556
-29448
-15685
21126
13463
9341
25095
24745
-2887
12097
-9259
-18238
-11294
-27347
11712
122
-8396
-15985
-13769
21259
24708
-1204
-673
-31040
27973
27396
20612
-1775
12075
-14370
-7586
-32604
28949
23098
24759
27220
-20355
-11803
-32488
31608
-6072
-25274
21734
-3202
-21629
14333
27181
-14013
2448
15434
-19496
-14090
-9715
-11115
20946
21018
-17556
-2359
7959
-24298
19751
22327
23326
-30491
-23488
17645
28539
30918
29393
-20939
6388
16958
13360
-17991
6857
19259
11657
-26622
25378
-26225
647
14373
-27199
-3124
4209
30111
-26427
28608
-22281
21712
-17986
-25457
22950
15100
-7133
-26950
-29295
24042
-5428
-28229
951
-13216
-8533
22326
-26672
-24472
16225
7744
26168
-3707
-31295
-31750
-20881
15133
26385
921
25105
12213
7822
-26711
18957
-28673
-23320
7999
12639
6488
-20447
-28254
-31196
-30810
-29523
13128
14042
-19350
-23271
13733
10855
7149
18802
31803
-13169
4848
-25245
-25550
-26615
-27333
31544
-7352
-27817
6749
-30553
29095
25492
-26645
-8813
-2290
6858
21610
-12417
-2721
-8026
-9899
-27791
-24929
-4331
-13304
-28243
16013
22378
26401
30466
-26495
19495
-13396
28121
19991
-4454
1130
-16136
-20170
23555
-31031
27594
-6631
28868
7970
17498
-19826
-6253
32475
-32061
-20954
31684
15523
-1939
18940
2050
20005
11488
-22880
-16749
-6583
-27092
-17463
-2194
-21244
-11697
25043
-19741
-24582
-32748
14887
9245
-9494
-28213
-11601
-16104
2057
1534
5680
-13565
-26615
16523
31310
31361
8950
-23773
-1159
-4193
25424
13556
-15130
7113
20295
2243
-4599
-9184
7169
12123
15538
-29541
12204
3517
-21658
-28038
18133
-11155
-1823
-16259
-16433
6500
-3127
19859
5024
-31850
-7468
-11259
27112
-29613
20030
-4933
9170
-332
13012
-28025
19694
-4147
2716
21815
12661
-18577
24867
7199
20432
-4520
-28455
23626
-7952
19863
-17656
-29487
-30317
5158
-8780
-16723
32020
16240
22229
23232
22204
-4525
-2632
20225
-29768
-23254
-14371
-19798
-16213
-9275
-27702
2845
17941
-2854
-25641
-27913
-1434
-5728
-25334
-30494
-16017
14378
12395
-9635
-26568
-31298
30653
-8209
12532
9312
25314
13153
24764
-31413
-29786
-31087
-22665
-8675
-29430
21456
29764
10630
16858
2309
-1948
30858
17538
-2969
-11513
10038
-32370
9078
-8892
-25557
-24473
6426
-17818
-9277
-22811
32446
-22955
-13007
12386
5674
27179
-29865
9322
4465
21501
32111
-31132
-20301
12619
21079
-28084
25392
-9244
-8419
25729
24207
-27176
-22717
3983
3151
13100
9757
11041
-24815
24835
-18405
-15502
-22926
-6126
395
-24605
-19248
5981
-12305
-1622
21820
-4328
28784
1748
7608
-11738
25518
-19654
-12548
-27754
22831
21853
32529
8991
689
-1148
10424
5973
6341
-27051
-15789
-12086
-5674
-12842
-24452
8822
-27579
22873
18800
-19662
-1386
17093
32671
-24508
-31458
-4645
-31085
30959
6327
-19452
17557
3383
17501
13195
-27602
-31127
7435
-25790
-28038
-4406
-29219
17836
25148
19429
7202
29400
-19727
-28431
1214
16847
15303
-24143
-14276
-2061
-623
32619
-18666
22511
20400
-16335
23366
-994
-32343
-8710
32461
-9300
-11480
3357
-22897
1247
16140
11561
13327
26246
24867
5001
-6838
-8158
-16513
10622
-13852
22358
-11585
18925
9415
237
-13086
21485
31720
27657
8770
8490
-26484
-26137
21902
-11859
-7446
3745
3779
-3023
-16143
-18239
-26272
915
29514
-27955
21316
15799
16796
-15736
5796
-2541
194
-6624
9519
-16397
10163
-10308
-22040
27803
20442
7516
-2607
-19957
17896
-29541
-29057
-12877
-28347
-17074
-854
-28516
25328
-27105
-32628
25679
2932
-13880
2882
17710
-8584
-4429
-12507
20256
50
-21696
941
8669
-29121
-19043
4257
-22962
18745
-27742
3482
-14265
27520
-29709
3286
23256
-14185
-30273
16060
-9675
19722
-14322
13968
-6476
12407
442
-7966
26932
-12158
11391
9820
23873
-26648
-21927
-9084
-18437
-12508
-10055
4939
-15797
18855
17969
-21534
14393
-32178
-10667
16620
1094
15907
-24086
-6041
28795
26277
-6258
-3820
18517
-31590
-28154
-18278
-26005
-18646
-17702
-15470
-13298
-10600
-19990
-17270
-25115
-8461
28680
30362
1513
11640
-8496
-3009
-13343
-18836
-22163
-8676
31589
-922
20969
-26363
5827
-28892
16533
-21616
32056
-30063
15615
29050
6836
-2820
13828
22472
29619
26698
-24109
-27123
30417
17587
-20654
11669
-23927
-15709
-29884
11327
14798
3393
-11602
24593
-26109
20443
26887
4245
-25569
-11025
25516
-23030
17143
26137
-21153
-30949
-20422
-23761
19352
9533
22512
19881
-26525
11547
-5321
19748
17711
-1299
21787
-7856
-16849
-17453
1462
27198
11752
-14475
11665
4627
-24507
9170
17075
-29876
1753
10
-12595
-13248
-7546
-29250
-24022
-12101
9170
1034
-17143
17678
-24695
-2453
-29485
31365
13482
23930
-25859
-825
20657
-30560
19374
-6223
19107
-22443
20126
-23704
-27263
2050
-24708
-20859
-22570
-18761
19416
-16804
-15617
21140
-6088
-9176
-29074
13762
20221
17600
30223
-12675
10195
-11692
12029
13436
5231
-32252
9055
27827
-22223
-22738
26255
29997
29575
-20775
7558
-27217
2665
-14496
30487
8699
-31525
-24005
17408
-27161
-26906
-9630
-21364
-18945
-20655
-12430
-15440
26158
-3346
-29895
11016
-8387
30237
25903
-6122
18426
-8188
14876
-32037
26429
14643
-17693
-12459
32437
44
-8636
8351
-13623
-24164
-3483
31098
24450
30097
-7700
-20676
18156
6545
25828
19608
5338
-28136
29116
-15417
32348
16051
-26119
17885
32762
-1873
-8239
30911
15485
19280
-13859
18617
-7854
8582
25700
4945
22872
28427
11654
7306
6756
29087
31546
-4087
-12462
18187
4898
2712
-6417
21027
-24481
20863
-24773
20293
23309
-2409
-16432
24697
-2754
-9947
5834
-22588
4235
-29189
25558
27312
12574
25218
16018
-24346
-755
-20863
14050
-13237
-22356
-5240
-1143
-18349
14520
-30966
-4210
-8048
17898
12842
11578
-25199
3250
-8985
18012
22860
31820
15581
1130
11290
-2837
-20414
20795
5045
24898
-17241
22930
-15857
-19409
14622
26320
-9545
19302
7004
8872
-26126
-30749
6203
-4978
25114
24348
8505
-2686
26984
-1833
-25144
-9780
25943
1860
13086
28270
15660
4020
-29698
-14599
1786
11735
28130
-32024
-27836
30550
-18626
-513
10395
-7520
-26618
23496
23419
-30650
-9604
13876
7683
4751
10398
-5348
17792
-12030
3776
28061
22867
-30396
-4019
-1534
-13755
3553
-21272
28427
31595
24681
26785
6429
-11081
10726
18214
28692
17206
10329
27742
8232
-28294
26256
19053
5553
32405
28922
21702
-26016
-9209
-9230
-14015
2718
-7282
4065
-26132
16568
2007
-25431
-20097
-7248
-19140
-18333
7117
8351
18554
-24742
24914
-27666
-14641
31752
-15483
12698
-19250
-10322
19551
18506
18651
-11572
30976
-11125
16511
-27489
-2215
-5039
-13003
-3111
-21721
-10472
24196
-18604
2613
19261
-3276
203
-18851
-25646
-20530
-26751
8117
32508
-23464
13542
20886
-20577
-20281
-2962
-9567
-8390
-12984
-11937
28271
-22573
28491
28323
15664
3404
12984
32249
16303
8382
-8256
15216
-29238
8334
-10915
-31783
-28107
31014
-15456
10017
16936
-9541
-12802
-11389
-32119
18604
10219
16504
29078
26157
-31356
-4413
-25899
-29253
19198
-25780
-32008
14512
-4107
-20332
15214
1828
25467
-8551
11283
-8038
-20767
-3161
29139
23693
13181
-5764
26626
-3693
18328
-11542
-21208
10816
26427
-3150
23295
-19887
-18052
31751
18493
-7988
31045
23842
214
-21961
19135
6571
-20320
-27199
3188
-18664
-14294
-19317
31090
5743
-20954
18227
2986
-10464
-17762
31321
13339
14178
-25421
-7253
16657
-3153
-16433
-23624
-22495
10636
23116
-18610
24106
5400
-4935
-5476
-16958
29080
-19061
23571
-11113
-28337
25709
16181
13643
-29039
29594
23536
22960
-30593
-5811
-18592
1970
-26113
-22747
-31968
20925
25589
-31943
4031
15218
13319
15974
14380
24329
-30509
30226
28554
-357
-13400
-5045
-3249
-22555
19121
-29508
-21122
11397
-26044
10292
26585
-29622
-19381
10564
30610
14974
-22051
24136
28879
-664
-15008
25847
15163
-17784
27460
-17605
27650
5844
-6111
8994
-25163
27351
22610
8814
-31138
-31641
-8039
-20172
12797
-23763
18027
12019
-4775
4577
-5772
25713
-8844
-32073
-16298
-31060
10548
-14528
-9082
27137
27206
-17853
13434
9686
-3802
-19576
-21177
-14634
11645
-19016
-29805
-26189
-31677
344
23489
-20947
-31428
-29569
23995
27639
-189
32275
-19073
13634
16883
21261
4105
-2635
-14452
-6162
-24004
31923
12231
3789
-9189
10428
3777
-17762
-16769
-2369
13748
17346
18091
-6588
-29774
-29353
-14143
3647
5295
10118
14441
-11769
-30494
-15971
-22596
-10873
20247
6119
31839
-30328
32263
31557
13531
-16775
22825
-1622
9253
13516
-422
-30424
-5106
-25377
8002
-11512
-12614
7276
17620
12320
27132
-23599
-25256
-23562
12820
1797
13213
27020
-15808
28345
-28248
328
-10289
10044
30142
149
20679
14677
8212
15683
3292
-14803
594
-26763
26296
-7710
-21399
32103
10320
27729
-4796
9005
-5247
19090
5423
-21796
21945
30859
22829
-22813
-30908
-15200
5615
-5384
-1441
5973
25963
-18977
19982
23889
-31801
-19754
-17308
-3593
-14671
-26869
-23010
9471
-2384
-30192
-18081
19114
-2349
-3518
-29603
8713
-19156
-19687
17416
-7021
-21203
1283
-5190
-17925
8021
25642
25019
-22270
-10170
-14365
6196
7092
-19060
-14647
-12063
11142
22676
29501
24396
27330
-4301
-16509
-26434
24503
-27844
5836
10256
9324
-903
-15731
-1056
-29655
-13822
-31622
-2247
15481
25360
11313
17899
-18151
-25438
-6719
-10366
28171
-22638
5476
-10628
4390
14086
6737
-19800
-21388
18225
-22335
-5654
112
13361
-16686
15950
-11782
-3062
15717
5852
-23717
-31685
-29724
31735
28537
-2331
14065
4101
29524
2924
406
31157
15142
-6661
2137
-11956
15023
18
20636
15399
-30215
31751
10479
-29032
-7746
27449
-12725
-26753
-16587
-27462
-9894
30262
17743
-24481
29746
-23612
-18861
-30866
18259
-989
12698
-22974
-24585
-24416
-5965
7038
7015
12325
-12965
9033
-16571
27506
10978
-7823
25258
-28694
10778
-12162
-13634
4283
-19212
-7166
4273
267
24808
-10293
-15937
-20856
-29197
-32616
5779
-25108
-7672
-20445
-3040
-3261
-10714
22751
-18467
13383
10620
12617
-25392
6198
-25779
32685
-9731
4045
31164
12683
28062
-1207
-17747
-5372
15671
4136
27437
26283
14648
-4084
-2999
12827
-23276
22427
-19708
15632
6992
5742
1229
10863
6888
3465
8514
-15931
-22469
20298
-21193
-17385
18875
-3786
-4313
-15502
-10282
-2204
29619
-4869
-25597
30072
8985
30642
5296
21497
-13976
-15612
-29
-19689
-9106
-17847
-5859
-15748
12347
22481
-15082
12806
25152
3558
-30462
-24848
-1817
2010
6270
16832
-5452
11994
-15925
-10351
9189
9684
-4505
-14014
-497
-16745
-9004
-4389
27123
-14930
-4905
-20121
-5632
-1855
20271
4520
1784
-9387
-26735
28933
31813
-3873
32211
8958
15965
-14051
-21207
-14352
-22663
-10742
13300
21916
-24991
-31760
9089
-9542
-13306
6439
11071
24274
7308
29900
-29602
-22827
-719
12019
-8528
14818
21321
17090
-22938
14177
-28670
-12312
2675
7273
-26379
19531
26082
10493
26446
1981
-7303
-4298
-25343
24699
30933
15089
-123
-26771
15146
18203
-22873
17040
-13335
-18498
-5969
10616
-11769
-8757
-8930
21413
24663
-6729
-20556
-10005
-26835
8974
18927
-29948
-11154
15664
-29672
13464
-10535
-25663
1807
-30183
-12160
-31053
-17085
27630
-15957
-21782
-755
-15154
-12471
14350
3707
14608
11408
20587
-14525
-25016
-17007
-18676
-26925
-29156
4820
24064
-8667
-11237
11127
-3004
-3629
-29734
21388
17310
31621
26748
-30304
-10389
30455
2406
-10640
-20751
30494
28741
32494
29764
-11132
27433
-23337
23204
4655
-19218
-4156
28756
31918
21335
-9110
-12609
-696
12156
23322
-15587
-20492
32299
-5076
7720
1218
-22688
-32178
6054
-17157
26931
-21092
-3894
-9
-18138
21481
-22072
-9572
-18459
14014
23185
14209
-32093
-4520
-10483
-30594
-6621
26096
-14359
29018
24957
-11565
20479
-11266
9008
14965
-18544
16407
-30223
-19545
30084
28536
-17338
3214
20277
-11281
4652
30669
19129
-6033
9523
-27973
-31934
-8146
8521
32201
16992
23007
3127
5772
-12214
16091
-9960
-10576
29026
7707
765
-29342
19545
7580
4448
28206
-21769
-24868
11664
20262
19923
6368
-25911
6592
4275
-1466
-265
27618
12830
14905
8969
-7953
-25001
-31273
-17998
29592
13086
11780
6616
20261
-12948
-64
14840
27401
-19813
-29703
-12081
32583
-11463
-18731
-24354
-22818
-26532
-3043
1179
2022
12667
-28050
-22764
16185
-29861
1307
17262
26287
-15522
12931
-8823
12953
16089
4133
2975
-4415
21245
-989
18460
841
-16772
16583
28069
-16869
-27780
27302
4969
-21658
-31945
26126
-8628
-28908
-3093
24658
24025
21192
-3050
-28539
-26978
-11477
19389
-4399
21125
-16152
2296
29815
-4663
-24059
-9481
-15955
-1462
-17218
32490
2087
-15817
10990
-27099
17311
9116
-4409
9224
-14165
-10234
-4683
-29355
-4359
-6098
-9631
12202
-25410
30742
-17362
10344
-5146
761
-20409
29586
16758
3344
-2870
-17219
-20432
-21906
-16921
-18123
20691
14808
4758
31269
18989
17742
-1008
4206
18560
-31390
19654
-21695
-32614
-30416
-11026
-11300
-2089
9181
8226
-11462
-18521
23532
11987
28693
2294
-19196
-18208
1253
-28417
6748
-6413
-5078
-15154
10335
-3449
-18547
9449
21947
31857
-23643
-6078
24007
7687
-4445
-26256
16595
20106
-8624
27330
-29314
-3908
-10424
25571
-12479
2430
-23550
-15707
-19522
1997
13221
-32086
-28499
-23836
-18465
-5859
-29877
-8723
19913
19908
10234
25271
-5688
-32463
13015
30096
4545
-13750
15963
-1138
11383
17298
-24489
-18229
-10315
7463
-26865
15558
5413
-16318
-9612
-32193
5882
-23000
19620
28948
23253
-7673
20012
10656
13909
-32335
360
-14557
4378
25773
-17921
-17317
-4556
-7030
-10040
26266
12447
-7270
16009
11649
887
31286
-30321
-16366
-6751
-32575
20775
-27336
31213
20220
11925
-20020
26972
-11848
12110
22053
31011
-29936
4782
27339
7898
7126
15962
-23455
6483
14562
26264
-15516
-8606
14610
-30050
-10059
-26180
-15931
13404
-30669
-11849
-16535
31230
-18757
22707
-18192
-31424
-14185
-30749
30085
18922
6345
18367
-24819
31652
25569
-19783
24245
-13257
-6357
4443
-4318
21470
-27731
-29155
8738
29274
-3360
-20615
1702
-21752
-8036
5918
-14097
4899
-26289
-9878
-26133
-19911
26348
24253
29089
1803
32235
-19346
26842
-3718
-25165
-4709
7789
15591
25324
14163
-16493
4761
-5517
23429
6214
28106
-2355
12638
-25489
19198
29299
4205
17792
32712
-8767
24726
22215
-20246
-29767
-18200
-31343
-27416
7815
-24464
30835
8426
23804
-914
21928
8686
-22801
23432
21992
-8725
-20510
3351
10390
-17000
-22547
21514
31098
3338
22779
-23101
20160
21312
1259
19038
3278
17090
-17486
32665
-9307
-14625
5021
4831
25317
-1485
-21069
26114
-20342
24607
-22113
-9064
-13057
26610
-9134
25114
-11209
2673
-7252
18720
-4942
27571
25100
16597
19468
26608
5338
-1484
-22225
-16223
11057
25779
-26384
-7099
6976
-14686
-3156
-22327
-31995
18715
18854
9580
-12689
-2122
23477
13888
20362
9278
24087
-11163
-579
7337
15306
-30119
18084
10120
9797
30265
-21601
10729
-18034
4781
24932
26213
8837
24366
23225
26181
-29996
-14672
-10752
15136
-10409
6309
-15631
8443
9461
20824
11634
27709
23618
16335
-10218
20639
29721
29512
14669
-2766
-30554
5675
-23163
4423
-2312
14368
-15866
31118
22784
-10648
-10540
-5001
-1017
28055
-606
12515
7372
-319
9585
-5035
-15249
28634
-5370
-24590
22665
-933
25338
-32160
28296
31322
-11189
-11578
-13976
20168
8594
-25489
16646
-31317
1038
32714
-26589
-28731
22488
-9420
28251
18681
-29151
8456
7625
29541
-24800
-8398
-11703
32217
10142
-3860
18927
-4520
-8003
10702
-610
17445
18322
-5468
-13012
-3088
23531
28692
-27473
20925
10576
9339
16883
-14735
-29037
-22081
-18277
6647
-7874
-15967
-20636
8983
31857
-23633
3773
29426
-31366
9723
17053
2106
2411
-8029
12134
-9375
-26633
5035
3436
-5505
10744
-4265
-10066
-15342
11224
13588
-31589
-16879
-32497
-1554
-27687
-25324
-20384
-16108
-286
4604
-18944
6464
-17462
-23194
-26983
-296
12155
-20712
-27239
-22238
-7964
-4418
-3658
-20628
17797
-5969
7481
-24357
11502
-27109
-17948
