11163
-26268
23086
17882
21990
11990
5183
31155
-32346
1546
-27030
8791
5729
28040
-3647
5653
27788
214
5150
13633
26033
-2530
12909
11009
29714
-22167
28594
-12581
-18120
-4345
-24816
24781
26592
19494
-29746
-13114
-32233
21443
26315
-24166
-10587
9592
-22425
-9792
4797
-28986
-12624
-31944
845
-3321
-15762
-7768
227
23328
-29700
2608
26012
12964
-32409
27857
-2193
-32362
-32546
14367
-25997
-12286
-10574
-10953
-27057
-28267
17728
-27638
23742
-8
-10862
19650
-32030
26525
10341
17608
9503
9428
-3560
-25821
-11886
-16272
17241
15968
20142
-3065
-23634
-11038
32097
-17475
18035
-3080
13175
3712
4465
11696
-24805
-21878
-1621
28347
17217
-31530
27667
-23867
15353
3340
-15820
21662
4416
7310
18320
27304
6446
-5689
16520
-24173
-19923
20833
27651
9748
18113
3445
-76
-19329
