28122
-4506
1878
21193
-184
7119
15407
237
-13614
-14354
16339
-727
-25740
-31363
-31819
-18274
-29999
-1037
9707
11451
3353
12642
21887
17689
-17632
-3417
19397
20818
-17858
-22195
11343
361
-23305
-8682
-16118
-6019
29680
-10810
-28468
23916
-13738
-6440
-7472
13434
-17942
208
2430
-2695
-16234
-26302
337
-27818
23307
32468
13951
-22259
21152
-9181
-3526
-3496
18192
-19009
333
25708
27549
10976
-2872
-11307
17771
-9411
11711
28859
-24326
-18479
28748
-30548
9285
30446
-27646
8467
-12991
-6172
21048
-5438
13642
26045
-1264
6615
1065
26409
24755
-18158
-17420
24865
-15326
-23547
-29468
27519
6396
-18970
-18097
8602
-29213
15048
22469
-26501
-25705
-17790
9394
30558
-23458
-23879
-32226
-22546
15583
-22725
17302
-4896
-25966
12989
-15770
9437
2512
-23883
-6278
11360
-2838
30767
2821
32675
-29905
30421
-18825
-32000
-30651
-2742
-14842
-13095
-10672
-6246
-20517
22279
18318
3211
-12322
17183
6817
-22933
10254
24414
27746
15739
-12588
-13307
-19651
-11397
4440
-19645
-20957
25567
-10853
-29302
-10813
25119
10044
-25590
-21255
31371
-4507
-10177
-18361
-8854
6815
23802
24270
-18907
-15805
-19914
-20738
-32017
-20639
15822
3627
24376
-11423
30470
-26039
12952
16387
16759
23304
-24760
-15437
-27836
8187
31414
-3003
-22255
6944
2793
12841
-5361
3235
7708
-4775
25454
32282
21658
-26504
4416
-16542
530
-13840
-6308
-26128
-7817
13648
21142
17255
31401
-23654
-31337
-26792
-29767
5431
-5502
10864
5055
30489
25972
-32758
-9776
12864
16199
27939
23536
-22045
-28654
-20302
12935
27565
-28593
9207
-24156
28701
11023
7852
26729
21633
-7781
-15406
8894
-5208
30598
-6574
30316
29840
30225
11156
-7308
20720
20623
-3221
18049
23742
-19805
-3243
-20992
30209
19549
31683
-20579
-3171
22754
-21481
-23874
23099
-1531
-30467
27147
-27104
-22126
-3623
-18724
22696
25860
19019
8371
-26019
60
31376
14582
-3892
-21355
-13134
-20310
-7625
-8989
-10910
18771
29398
-11999
-24382
-19173
3972
-22557
-10926
-12581
-15863
8228
-13960
-25131
-27277
-28616
-24593
-7964
32656
-16062
-1650
12826
-3147
5060
-8031
5779
-16694
-28052
-20244
17097
-21242
15878
22116
11485
-2521
-6655
-30238
-15932
-17577
31064
-4950
-19868
-23096
31288
-2453
4082
11116
14421
5722
-2655
11861
-18206
28646
17067
1721
22746
12662
-7869
8775
-31860
-32145
3968
-26048
-27578
16652
-25012
26623
11695
8873
-23650
-5269
-21961
32196
-24580
-10317
3263
-32689
21086
-23459
32462
18677
4382
7038
10151
-14853
2146
-22303
2982
-27407
-32275
6015
-1135
-15722
-16836
-23061
16480
-21371
22099
-22249
-28382
16922
-13268
-13697
-22453
-17647
4876
-11370
-24516
27727
-16685
-1723
20637
-10739
27401
-29116
18019
5391
25048
991
-24506
14778
-30447
25417
-11662
5809
23170
-25138
24728
10568
-32150
-28288
25042
1426
-8425
32472
-293
-26139
4584
-16435
32172
7148
29847
-22235
536
-18728
-24264
14710
-13196
2737
-23002
-1373
19185
-18303
-31938
12997
19867
7182
28320
-6228
-28733
-13887
-30053
-15116
19650
14025
-16312
-16575
-7645
14795
-8225
7232
-67
12924
-3927
20702
-18983
175
-3846
18332
-6986
13973
20489
13385
19397
-23806
-1979
-11476
3128
20743
-26303
24312
-7652
-11557
7063
-27933
31620
19577
-12705
-19199
29963
-18858
-4297
22552
-12677
6136
16045
-29565
-11229
9410
23230
-28246
20273
17801
22842
-31064
1126
14186
29844
13209
31310
-8544
-19425
29768
-7287
29621
-27800
-23666
-8788
-18218
16276
-13694
28270
5923
5726
7334
-2278
8467
17628
20553
-474
12408
17763
6528
25139
32593
-12889
8414
-23258
-17780
-6189
4543
27818
3680
15856
32091
-4495
-21741
-18835
-17114
-14665
10540
11773
-8606
32631
10486
-29904
-1521
-20059
-10809
-30775
-30387
30117
8969
31132
-11150
8548
24931
20143
-17708
-19956
-18207
2896
-17742
19529
-23868
-8576
-11058
12423
5494
-7931
2962
-13459
21045
19640
7389
26097
-31099
15116
-31301
-29358
-5522
-23222
17933
-7934
2791
28457
-32637
-8332
8889
8854
22212
-26164
-22549
4474
6349
20303
6604
-15148
-5723
-30356
-3526
7494
-7966
-24985
-26635
13599
-21807
-7470
-10874
6389
32475
-9268
29101
7667
-28555
10691
7794
26745
-23083
-28295
-17675
-31043
-28413
1575
5420
-16150
32040
-22024
-615
-13291
14677
-5944
-17682
28317
19230
22449
-12648
-521
8376
2073
29680
23118
-27077
-20562
-24890
13243
32530
-22345
-16408
-7125
26387
-17563
-21619
8444
4715
27720
6909
-4119
-11389
11537
-11769
15568
1713
-8392
14850
-26931
21456
3070
5749
-1221
-22428
815
4090
3456
-3656
-32197
24408
26930
-31251
-24795
-2314
11279
-29474
-29808
-28010
3735
14551
-2999
32093
10038
-12062
-22828
-26381
-10117
15877
7061
20086
-13472
-28658
25765
10786
26540
15841
-21273
-4065
-11846
-31643
-2580
12287
-23990
6321
-30697
-1742
22358
26339
-12285
-6958
-27342
-23244
1564
-18173
-9418
-30771
-3540
-936
-11611
28096
-19389
-15649
4328
-15097
6798
-25932
-22473
12359
10822
15073
-23127
-12771
-26077
2810
21846
4463
19604
-24244
9848
-30312
9718
-552
13037
20283
10855
1349
891
22222
10177
-5482
8343
-11119
30874
-471
747
-25615
-13111
-28842
27970
-3432
-31904
-5686
31463
16002
21484
25422
23648
4887
31561
-9771
-6746
20200
-25749
-11382
-18317
-13825
30232
12353
-14628
21713
-3215
-24829
-15598
7844
3680
5342
-16251
24919
26513
-23119
24771
-24687
-19080
-20760
2997
6037
26919
-7621
-27175
-16301
26278
-18182
-10724
-32613
-30694
11493
-22549
-29663
-3671
-22154
594
1529
20098
-237
-14513
-24520
17747
14338
20311
-32578
-22596
-3709
-23586
-31158
11201
30100
14754
-6372
-3039
-4136
-20083
1677
-21968
-17558
-10080
-3332
-21827
-31030
-31205
25495
-16930
-21095
-19173
-19205
-12727
822
28527
-14301
-27962
275
-1120
-15102
24146
15364
-9043
13768
-22702
19723
-6929
-238
-26955
8366
-12060
-4900
-14114
-22825
-24788
-19925
23084
23572
580
22859
-2164
-1148
-32190
-1582
-6363
9568
12399
20599
29397
21533
-7171
-21897
7573
3255
521
-12566
11923
28256
26932
-27554
29816
17801
4179
-24289
-26826
-29342
32070
-30427
4020
-4286
29528
-12540
-3338
22888
31762
5396
-7901
15660
-22398
-22297
30147
7235
3716
-6651
-15014
-14259
-26484
27083
21423
-25308
21540
684
-10828
2230
-17138
-27648
-25751
-7736
-18181
18450
-20837
4999
-16697
-20634
25177
15932
-13374
22511
4469
-15544
290
-31121
-10066
16677
12401
-10113
11415
-2336
28269
-8683
10528
24382
-9098
-1165
10015
-12007
15565
10824
441
14704
16306
-1748
-10058
11686
28102
16454
-12958
26841
-13226
-26017
20302
17181
9706
24185
14995
-28810
-32173
16586
-26103
-17485
25574
4340
28926
-19490
7007
16084
12031
333
-19774
-5421
6127
-32366
-6147
-16076
-3432
-25628
13217
26674
-16149
17908
-16957
25080
-8548
-12069
-14247
-22156
5930
-1652
25017
-23208
13787
-25262
-29409
12541
-5893
-13051
13229
5526
7369
12842
-18416
-5378
16237
-30957
10375
29859
-5385
17026
-4763
-17893
-21382
8984
-12905
-28498
5085
29844
-18754
28459
333
-30673
-21231
-12599
-1493
-10632
-17630
-26212
-7695
-22459
-10097
-21214
19348
-18628
-17585
21199
-13569
-25648
12252
8110
854
4720
-19457
27335
-31522
14036
-30469
-18188
18195
2329
31965
12435
-14449
-20470
-23300
23345
12135
-15011
-12913
14390
-2299
-30880
-5271
22634
9977
16283
-16237
-7095
31130
-18922
14359
-5757
-12189
-32362
-27639
23043
-2797
27045
-26679
3092
-251
1232
23749
3897
-31553
-1634
-29373
32518
26705
19617
24966
-15277
16380
2383
13940
26830
-16478
22642
683
17780
-17564
-19252
-6036
9198
-27441
685
13663
-16250
-9506
20150
-11195
18569
-20814
-23138
8828
-12996
-16610
-3970
24840
25988
16918
12655
2079
-11641
-2984
-30534
459
-31629
3021
9369
-25981
-6161
18337
211
-25023
-16791
-25829
16801
6022
-3468
3341
-31623
16873
21703
-22405
-10319
-25230
19692
-27476
-17554
25027
-11384
1446
11984
-24242
19427
-15238
-23888
2078
18885
10452
-30642
-32354
-31876
15988
-11515
419
16430
-5800
23853
-15559
1906
-21190
-19740
8173
31565
-4981
-7778
30519
-29644
8899
-20576
25647
-17897
31231
-16733
11144
5464
-14684
-19946
15250
6629
-17283
18185
1384
25378
-22608
17823
24722
13048
-7574
-29400
-17984
4806
1885
29582
-22108
-25200
-21735
22869
-7441
-7239
2668
25186
9431
-19191
-1360
-2617
-12948
7293
30645
-32448
21568
872
4356
-9123
8156
25073
-26166
-20762
-29833
-6164
-6591
25147
-17049
17122
-12191
-25417
-31788
-9197
9338
31217
-25855
20953
-7640
3573
20067
-31379
5581
-26363
-196
-8478
-3980
24842
-30797
16943
25742
12628
29138
8811
-4211
-15415
-20787
31665
-21752
-28275
-14038
5755
-19699
-23607
9053
-1500
31172
30931
-28658
14555
24081
-23520
8629
-5962
21624
5171
24240
8323
-5629
2256
-11308
23057
19181
-26031
25727
11954
3770
764
25637
8904
-5175
-19415
-9105
3720
-15794
3842
-29005
25031
-2716
3642
23946
22645
-1590
-27612
13612
134
22599
1526
24635
22767
-2651
10890
-1915
-21438
-26819
21806
17852
-18456
6892
10254
-13268
7959
21227
-21367
-8042
-445
5318
25460
-8830
25668
23048
8805
-20237
29996
-6796
23101
21688
13099
23405
-9456
26400
29948
-18183
11825
-12195
23884
-32654
28862
10719
-13089
22831
-10477
15710
-18099
-16098
-605
26667
14395
1642
-10308
16621
15423
-22194
26976
-4137
5627
19530
-10067
8289
-27997
-10837
-802
16245
24503
-30747
15940
-5635
-13644
29602
16307
-23131
30575
31500
26604
22241
4040
-22702
-31247
3457
9149
13783
-5132
24486
-2659
27385
-11784
-22077
3776
-12498
-19109
21255
14912
-27615
16252
16185
-11411
-18130
26266
5031
-17417
13030
32738
-1982
-13550
-19660
-32601
5523
6184
27711
16841
-22609
6704
25322
-3733
26741
19862
-8028
7415
1348
-13322
-3435
-8310
28130
5006
-19759
-9169
6101
14590
8249
-17729
-8978
-10552
-8127
17642
8998
7782
-29103
-26009
19702
-2460
-27048
10044
-4787
-20329
-15962
24017
-18358
27287
-5864
-18717
-13419
-29185
-6994
5659
23933
-29982
-8972
-9259
20398
-24134
-4962
-19093
-27759
1991
-19568
-11956
-15693
31084
-32056
5900
23510
12098
-13139
21193
-3708
-21697
17373
16063
9251
29806
10117
23947
-32062
25640
3377
-32
-7069
31046
-14545
32497
4125
-10794
8406
-25776
21902
10552
27701
20781
19069
21571
18840
17468
32520
-30315
-22361
-15005
1894
-5068
13159
3061
-5997
-6946
-6927
8150
-249
-9775
-15723
26578
-8479
-8054
-29125
-24457
-28971
23363
-16316
21875
-28778
23802
2711
18474
-31534
-16097
19809
-19758
-16644
-11806
29541
6772
-20995
16738
-12348
-31376
14608
28124
-20053
14273
-4962
2388
10793
-10439
32437
-27052
30722
12767
4248
24038
-20012
1227
-17573
-2544
-23376
8935
-18781
-5318
-9174
-21383
9952
9187
28547
5798
17286
11403
26325
20536
8829
-25734
-6426
2480
-29512
-28631
-29357
-23640
-23212
-4709
27405
32394
21972
-8605
-21959
21744
-812
-22613
21647
21138
14288
-32285
581
25294
-20590
19345
-32092
-13443
26481
21725
-4755
351
-15565
-3638
7324
-32009
-7718
-5734
-20919
-25311
-27612
-22456
-30360
-12559
16845
26147
-30399
5134
-15937
24048
23491
22763
22635
-27384
12262
8390
-6459
-5599
8775
-12569
-8549
20356
4481
-20663
23382
-21038
-30679
-32657
3590
-21665
-23822
-15405
12187
8756
2860
-31979
21268
1617
-8035
3435
23008
10378
29198
-31860
3338
-24956
-20019
3855
-5809
324
15656
18236
5387
-26339
9382
-17903
9275
9314
23045
-14987
-24305
22595
23531
30417
21741
-3470
-22965
-22910
-606
-27579
4390
25846
-15978
6048
12441
-7074
16827
14603
-17137
15904
-2950
21200
6923
27029
-28830
-32748
-12748
-4846
-11877
6076
-2037
-4284
-11611
-17942
20705
-21320
9106
29651
3703
-25567
-20135
12991
-17976
11420
3263
26215
30120
-24954
19931
23350
5343
3938
17691
15786
-20171
-172
-32225
-13165
24548
-4092
-6582
3472
14438
-5221
17718
19143
12103
-20320
-17925
-25452
-17190
26554
27128
7452
-25181
-5665
-2625
23170
2394
-4267
-27504
23609
833
17576
-31152
-1148
-25199
-23827
-2243
25180
-22291
-16306
-11911
-2350
23862
28779
-14989
6350
-12110
-27266
10458
17428
5818
13196
5771
16785
-4413
-16423
23913
20903
-20219
32625
-26099
9511
19610
17408
-23065
25293
-12340
-4645
5608
5641
-5537
-24684
2915
27870
-30837
-27500
11724
-8437
24187
-6295
31293
-18472
21299
-13826
23396
-28631
5322
-2936
31096
13019
6063
26598
22013
-9153
13708
-15331
-29149
9512
4794
14576
26775
19420
-18000
29011
6588
534
-2962
20447
27214
-20130
8595
-22567
-13382
20758
-15646
27416
13099
25009
26419
25201
10052
-20384
-28429
926
13352
4576
23068
18505
-28293
-12664
22249
26761
-9175
13022
-15531
-26851
23946
29956
-28259
28045
-27583
15340
5903
463
15345
-29140
12751
20865
24710
30789
-6670
15684
19053
25502
30568
-11144
4574
-16873
-29008
-23642
-20893
-14748
-1649
4474
-27016
-12955
-26788
1963
12157
13587
-16572
31058
14903
26572
-27294
-29148
-25977
-3633
-28293
18392
3793
27902
-4775
-12903
4798
3929
-17184
14344
-6345
-21694
13958
-15490
-32303
29639
10924
-7096
-25666
22205
8770
-2042
16355
-29289
-17366
-21904
-2038
-16117
7691
-22430
17782
20281
-20323
3352
-13299
-28713
-5690
24964
6653
-17655
-16650
-21048
-11915
-3314
-24311
13319
2025
22074
-22245
-28041
-28468
-28004
-1699
32697
344
7785
10778
-28412
25051
-26088
23642
26589
16246
25238
-6556
-22875
16447
-1918
25008
-9669
27
20143
31742
31724
-27259
22707
-19652
29753
26358
14667
-18407
11703
18323
2902
-32169
19698
12985
-9478
13199
2014
1680
-12522
-1714
-25421
15320
10907
5934
-19364
9321
-13478
-21148
8430
2672
-28152
-13882
30415
5433
-25321
-5233
-2158
-32725
28099
-11129
15034
-12061
-20571
31726
-7334
16257
18314
-12602
16556
-1463
4312
-24648
-12482
-20930
7979
-32269
-10031
14434
6698
-30575
-20082
6131
-9289
14093
21687
-7109
-23365
-17495
-29351
-4668
-22826
-11902
-13458
-25729
26928
-11921
-29532
-15113
-16332
9030
3674
-31869
28971
16037
12043
-4889
24613
-16994
30745
-10781
-29634
22193
-10793
-10843
1821
-10293
26865
-27056
-3187
32221
-14166
-18772
12250
-29639
-8590
-8504
-29282
1149
-40
6233
17331
-7015
10898
2026
-7987
-24100
-28002
-7205
32221
529
24518
-7579
28078
-21495
23462
-5401
-6303
31712
21091
4537
-12135
19912
-21855
-13684
3681
12125
-14997
17939
20588
15349
13758
31230
-6385
-1423
-30039
9398
-30819
24339
26133
-26073
30491
25916
-1842
2260
20386
-335
-11134
-5224
28834
13394
17136
27096
-9540
-15727
-28815
-28187
-27816
20415
15153
-20517
-13373
-20928
-20951
21932
27117
23640
18527
17696
24076
1839
-3642
-25805
23219
13597
-22856
4034
-4352
14978
18322
-10988
-19507
31772
19158
19590
13903
24958
21531
2889
-3730
-27300
-1427
4117
-32740
13986
-16626
12621
-32136
-27353
32727
20937
4270
-18846
3353
-21323
-27544
4729
-13635
-8584
-24011
-23962
-24872
25223
24841
-2687
-16680
-7762
-14453
-21372
27326
10789
21983
30114
30840
32048
15542
23304
-4964
26520
24826
13167
1272
-15706
-20703
30382
-8448
26020
-16997
8917
31084
19578
-17309
5470
-23796
12676
21511
6944
-11152
-13746
15094
-17102
32369
-2907
7673
-26924
23880
9648
10429
-30046
-1590
21060
5966
-17972
6057
-8025
-26209
-5392
-5640
-15523
16641
-4822
9695
-30529
6636
7118
10857
-23788
-20963
-20639
17983
-2593
13351
-6705
-20975
22154
-31498
15334
32045
12551
-28710
4805
-6893
-31275
9585
21977
22723
8679
-24001
3242
26865
27236
-22184
24035
-30131
-16862
-30720
-20333
4024
27485
3958
11578
-23209
1417
-6964
-355
15992
9772
20033
18959
-29118
-2978
12033
1577
-27002
23415
21753
-27380
23924
-8033
24714
240
29473
4160
-31261
29956
-10837
-11270
16330
14033
12141
-3769
4601
26123
14192
-30094
30978
18389
-15263
-24640
-3348
-28551
4992
-12807
-16593
28189
2696
19381
-13266
27534
-30510
17076
-14990
25085
4619
-14512
16012
5993
-20838
1019
453
13731
-10767
-25183
-26401
10869
4814
-27032
-27707
20287
-13819
15522
11354
1341
-20080
-11294
9547
17846
-11411
8931
25
21391
18230
-16155
-27033
-23488
21177
-6215
-21044
14683
-19595
28597
-25241
-609
-20017
-10092
-10658
-24980
17438
32302
-839
26373
-16090
28259
-5128
22288
-11970
-19322
-9590
-32062
-26836
3889
-23902
4853
-26422
-13657
-32060
-65
-13336
-4109
31306
2914
-4100
29930
25972
-762
-15927
18306
17053
31437
29321
25290
7584
-21667
6185
24225
-18761
4288
-25073
-20872
28424
25273
29038
-2654
-8301
-12267
-1160
-11274
30194
21415
7211
-17475
-30501
-3171
9443
28827
14431
19716
28736
-25944
-13204
-3231
28794
-28470
-2170
32455
-11293
3229
-2186
15147
16586
982
14077
-13529
-12277
32141
-30831
-17780
-4102
-6653
-22553
-19803
22999
-13022
-25603
-9924
-29930
28286
17044
-5566
2795
21628
-11913
19068
-11146
2863
32032
27091
-6718
-32419
19856
-18375
19324
12553
3324
11609
2366
-9856
19912
8838
18898
-18162
-30734
30495
27463
-28063
-17625
-961
-1557
26363
25618
-29742
24635
-23825
8116
-25634
-26054
-131
-9019
32601
-18941
-28852
-5800
-7608
21940
23649
-21511
-29808
-9839
-14108
26031
24573
6282
-3309
-18420
17380
-11764
5575
27889
22231
-30993
-13409
-8374
-23444
13079
-24612
-21676
-21685
6024
15506
22970
-21361
8940
30667
21419
-30532
28372
-7526
6421
-6495
19727
28602
-13962
-2212
-16256
-4200
28904
-31311
-25832
25854
-6963
-28410
8548
20143
18638
21612
1448
-25387
-18492
2245
-24437
-11272
-23639
20907
65
-26352
10761
-1780
-15128
25767
23835
-4895
28198
16399
-12769
8987
-14194
-13254
-12803
23483
-7104
-6197
-14974
17529
15483
10505
25191
15007
-11177
-3065
-11566
-323
27396
19181
-2397
-21429
-2378
-12208
-16698
-31206
-14715
-26122
28160
-14875
10394
-31276
18805
8490
-7361
-3043
25627
27000
-2302
-19890
28966
489
-21957
-7787
29306
-7389
-6488
5711
-2992
12620
20699
5184
-11093
2316
-30225
-1417
32323
-29859
30469
2682
10245
19013
6145
-25931
-20477
17965
-4178
-22065
2464
-18501
5065
-4091
-1718
-17193
21183
-11593
1218
-27517
-10309
12612
-32529
2718
-7325
3045
23463
6067
-19768
-23313
25788
26418
11827
28576
24767
-26995
24495
7017
-21594
15002
-21772
3847
-29619
21199
-9086
-3607
5566
-25611
-19953
32209
-612
18829
7766
-19847
-17847
15880
-15154
22685
-18284
31608
-25893
30721
-31573
29895
12699
-31606
28514
13109
-25982
31767
-23080
25979
22781
-12541
-20347
4677
2607
-13052
-13080
-10159
-21749
367
-27346
5672
21
9495
-31337
-26302
-14656
19007
31121
25285
10999
23958
-12205
21118
-30345
15051
-14517
-26593
20786
20962
569
8184
30415
17962
-13935
16293
30855
-10140
4062
7428
32597
-11868
21072
13810
2178
32348
159
2868
32480
5446
-31963
23024
-6346
-27441
11137
-20795
20489
-25634
21348
3091
-11381
-18400
15386
6039
-9530
-1019
23215
4336
-29744
-24421
25357
-17824
-30279
16891
15476
-2108
-26466
-13790
-378
10665
-29420
12606
-9986
27746
23864
4824
-1647
19715
-25944
-29572
-25049
10040
10459
24778
-944
25713
-22792
24912
-20209
-11215
-8340
25808
-17931
-7645
-1713
30844
-26011
-14472
-22110
-9362
-5206
31806
-28618
-25293
-22440
13442
-26845
-31427
1475
-14219
-4482
10211
6192
-11750
11831
-20960
-2426
-26479
6347
27998
-2168
-391
22709
-10370
28273
-11619
16158
-3158
8337
-10097
29001
-20818
-5256
-21552
-16769
-16152
27588
-3069
30936
-14790
-23396
65
26659
-16832
-26266
16162
13569
17842
25462
13210
-26278
10282
24334
-19794
-17048
-3062
16506
-25645
-9667
1649
14139
17522
12771
-1392
13662
13544
2533
-2467
31701
-20851
-28439
3347
7365
24140
-30705
-17971
-19336
-1954
-3507
14542
8289
-17403
-21646
13200
-25050
29065
30031
25375
-5866
4251
-4148
4094
-14716
-26203
28454
17561
-21611
31192
23627
-19687
5773
12550
-32477
-11770
17210
-31247
15752
27941
-30051
-788
3202
23062
-22970
14927
-21037
3859
-14482
11322
-19405
600
17787
-17797
-9518
12914
-27299
-1243
-3687
18116
-3332
4812
25359
-31754
30458
-26018
27883
-13288
-22339
-3984
15059
22988
6445
30702
5965
22739
-12527
19611
-29251
14577
-16170
-27955
-13836
22159
28861
2304
18634
-17889
22601
8028
-28879
17110
10143
20736
11512
-13589
-25740
32124
26368
-20781
-18311
14028
30929
18377
-16621
27342
-27618
-7076
4526
-30025
30497
-2483
-1010
29395
-31093
30425
-844
-26275
-22250
2578
1889
14560
-12596
-22778
-32008
-18761
13373
17206
13949
7507
-16713
14790
18588
9652
25099
15995
-11751
22748
27066
-6695
-20618
8251
26966
-32304
30644
-29936
30618
-21745
-25786
-25357
-32447
5118
3119
-3088
-9967
4868
30860
-22526
-1835
6978
-30896
-32188
-32120
7375
15836
-7281
2348
8632
25145
-7641
-3722
-3409
19701
4478
-25566
-10150
-21805
29387
22412
3933
-733
24098
-15549
-28660
31076
-18400
188
4570
29530
15857
-23823
-5081
-12248
-14101
26656
-4996
-27072
-1774
8702
28847
-10105
-29434
-3354
2202
29224
-19558
-24539
-22774
10743
23270
32479
20579
-5533
-6148
-5605
31036
-24752
-21833
9599
18287
2137
-30370
-28904
7031
-4950
-25709
30847
28376
25414
19482
-29842
-12282
29035
-21446
-16501
10026
-17730
-18706
-17825
-4768
1898
-1605
-18051
-4084
-6201
9113
-4476
6784
2661
-18625
-17365
-1331
18134
-26698
-16804
3714
23405
-3440
-7566
7421
-23136
-8711
-4695
20213
987
-5995
31942
-788
20938
10697
-579
-21601
-24226
-12401
23513
-27467
-26495
-15742
-29372
-27992
-5048
-4217
-23552
-554
-26486
3042
29432
21060
21153
9854
13532
4352
9028
-1413
-11199
-19495
-6833
28263
-9945
7010
8961
31006
-1517
9387
-20790
-22773
-2226
-27191
-22937
-31833
-10751
-6772
1299
-1860
2056
18260
8427
22903
6209
-14264
13496
-10277
30167
-6512
3094
3475
23321
-15429
9135
6664
-22085
-24234
13591
-2520
-29660
-4526
29022
20662
-4590
3317
-8490
6010
30033
9042
-22196
27080
-11248
14820
6553
-6605
5551
-538
915
1098
6194
-24631
416
27626
17788
18882
14478
3514
262
5706
-2771
28417
13514
-8927
17358
-12821
2411
5767
32585
7762
-300
-5833
4327
-18203
-18821
7607
-30910
-11803
-31181
-23837
-45
28696
13721
-24985
8581
-9899
-27191
-6558
-22542
31734
11678
21039
-3793
17250
1496
13269
14309
-10503
22619
1206
14918
-24288
3611
28767
-16454
-15
3826
19622
-12343
6337
16896
22134
17834
30813
-32174
-1077
-16896
21202
-5140
18788
-25661
-26374
-16438
-27079
3541
18296
-9102
-7162
-3936
-14475
-19914
8764
-1329
-31441
27268
21147
-32513
7104
-7368
-2679
29206
2294
1544
23586
-30497
-7101
16939
-2973
-4142
-2325
-20297
17815
-29540
-11279
501
17334
-7957
27308
11582
29904
21978
13516
9724
-22048
20704
2426
31533
-6638
-14213
25945
17318
-6508
440
-900
24865
10902
27287
-18150
-13099
-24151
18107
-1152
-30101
21664
14473
20640
12616
-14335
-28106
-18880
23405
-28451
-10664
9832
-23674
10570
15251
26609
-20989
23860
-5142
30535
-23171
8740
-26755
17628
29079
30990
-19220
-32387
-22928
-1275
-29574
5061
4943
30053
-30048
-14186
8699
-17342
-24506
5437
-25754
21213
1507
-29191
52
2804
-9317
21524
-12449
-8916
26861
24608
1320
-9779
-31978
16354
24569
8302
15602
28586
-5506
-6372
-27521
13719
-8224
-23159
21156
-19500
5780
-13267
-20476
11559
-19916
13508
-10188
17050
10525
25838
-2962
13152
-17415
12551
-20052
18193
-19593
29549
16223
-11433
-30379
2087
14094
8374
27591
9297
22007
23221
-6703
-6734
445
-3867
14076
-29509
10455
3966
23408
-15099
30176
-25501
30745
-24255
28613
10923
-25733
-21568
144
17929
-7155
8640
12372
-22238
20162
22234
-28054
-748
30467
-16722
14942
31097
-31306
788
-8271
31863
18069
-11694
15275
10082
-5657
30359
25723
-17473
-3562
-12434
-1494
-23250
-4347
31764
5834
-7290
1536
-31520
192
28245
-12134
-4286
-7468
28923
13928
29515
5715
-24774
15988
27240
31734
12422
-7442
22109
-4785
24955
20493
-19828
-12475
9983
21343
-18140
-29777
29253
-19486
7648
6835
-13702
-22676
-21972
-194
14578
-20699
1034
15715
18097
19616
14923
11574
18556
-21629
-8685
-30832
-11037
19539
-18996
-22985
-10677
26813
7957
2601
23096
29346
15648
-15183
-5591
-21836
3337
-1715
-16849
-24535
-24642
18252
3194
10461
-5547
110
-6775
-25132
-22318
-11620
-22330
-24631
11753
-30314
-17649
2763
-3564
-10103
22505
-24077
-8493
-31120
17436
-11872
9173
158
-1697
-3669
16136
-30909
16230
15549
-22192
21056
12761
23138
-12095
6676
4535
-24823
26113
-12781
11837
23322
4443
-19750
-12890
-12106
-12091
3200
-2004
-3176
18574
-21424
-12815
-2304
-21904
18552
-15498
-17990
30902
-3710
-12870
-4846
27131
-17976
32495
8273
-18172
-30273
7690
-29093
-28023
-27005
2272
-17548
-10688
-12924
-7348
32138
-21013
-11002
-10079
-15920
29869
-30805
21285
17306
20505
-19280
25048
32502
-11711
-12873
10690
3277
5345
-2241
10253
13736
16602
-27006
-32435
-15152
-7774
25995
-12645
8426
-19767
-14335
-26828
5749
20899
11422
8164
15788
-17533
-19009
17429
-10328
-6601
-9046
-22221
-25308
25728
-22716
-21027
-27997
-248
-27606
25554
-24863
9899
-3480
24885
-29669
-5241
12006
-11710
-2628
-14041
6194
-27435
14017
-3056
21500
-26179
-15991
-12794
3846
-31847
17099
20520
-11990
447
14213
18747
-4918
-16936
25490
25307
2919
-28358
17278
-29386
13759
-8534
8126
22861
-9692
-6207
26722
-25170
17351
30507
-14575
8148
-25445
18626
-10461
7622
-26657
-4464
32739
4178
-21938
623
3371
27909
8
11505
17228
5357
-16306
-6707
-23745
-16857
-7771
-25794
-17194
4713
-22455
10961
2015
17901
1075
-18250
-13439
19791
26003
23682
-9499
-7030
-20537
-11800
12356
29660
20767
147
12956
17525
-12511
-17691
19863
5815
14395
-10620
7275
10710
-24285
-3679
8008
28817
-16872
-10369
-9491
-4430
14894
15787
32389
667
1516
6684
21392
-31812
-15571
17653
-31770
-17907
3631
-29725
4780
11865
-29173
17232
18962
26614
-8242
642
20828
7565
4489
-11962
-29934
-12422
21109
13489
-12116
-13276
-3484
27808
-30091
28580
-26241
-8570
10991
554
12632
-17489
14873
-13310
-30261
-12476
30244
-360
-539
29077
5181
-9610
-9815
18100
14140
28558
10494
-13359
1927
-24297
13520
171
-7078
19570
23594
-27186
24367
-7955
16811
29928
-22101
9195
-2953
10948
-5501
22984
27512
-4133
-29551
9844
-18710
12575
15236
29461
25653
2287
27241
9727
-27406
-29721
24694
14573
-24282
-31646
-11500
-17039
28389
21152
32463
30514
3730
3401
8673
2850
-27563
4003
30298
17164
12828
-18763
-22232
23222
-29613
-12443
27054
14496
-12685
10846
17801
-31646
-7483
-9827
-11067
-31604
-2332
-10445
-23490
19106
19550
-16811
10621
2763
-19572
18500
-10706
-2424
25772
-25238
-23631
-17282
11239
-24500
6402
32107
-7193
-18057
-17764
32553
2349
-30369
-32149
-5503
9300
-13236
29189
-3117
-23421
27306
30239
28142
30360
-12475
25730
14322
31518
-23707
-20043
22084
-21802
-9801
31811
-20415
24235
-490
1366
4771
-31815
-5562
10711
6427
19027
-32134
52
5611
23901
-12192
23594
-5497
-24460
1200
32069
-16751
-3196
26225
18898
9102
-19618
31512
-12500
25689
-11682
-21810
-25400
8927
32186
13728
-15269
28774
23234
-4189
23312
-28221
-29223
-15105
-30736
-10850
-8560
-23116
20894
14292
25466
30460
-31135
30935
-18426
-6726
4580
21512
3655
1859
-23651
-15511
-32156
-20782
-16067
13458
27019
20076
-29032
12654
31396
-30502
21857
110
29428
-23405
12695
-10041
-31516
-20242
-28846
-1824
-18827
1723
-15588
-12892
7646
-31804
28276
11946
23684
11541
-31255
-24595
28055
-18046
16812
-32410
-10572
-22037
3283
5782
30693
32022
-4748
25692
10790
-7083
6871
-2828
-13799
27262
30822
2090
3870
-13505
1393
7096
-30702
-15236
16370
16541
30015
-15009
12235
32493
-9623
-6880
-18976
-32459
-4444
20654
-21935
-4986
-28830
-8783
3365
14866
30238
27075
-18215
-20445
-12839
31644
-18876
-16772
-7125
-8471
9098
-29695
20123
-799
27284
4125
-9673
-27668
-22085
-14112
19742
5812
-30663
-23251
31882
22754
-21394
-31719
545
15470
-12296
-28823
3008
18260
-3808
-3418
10349
-30452
13874
29373
-17704
1456
-23124
20588
-20995
-25387
25597
14618
-7053
-12981
27430
-3916
30355
6157
20313
5401
-28283
29722
8819
4977
-16760
-15500
-22244
25388
-9479
-26217
14207
583
-27018
-22631
-18441
-22682
5575
31793
-24628
-14209
24880
-26141
-8474
9476
3202
16876
-7438
12488
4737
-22251
2743
31573
-3387
-18919
-4875
10907
-31786
24093
-24633
13752
20949
23356
26618
-10465
32115
-22517
-31002
-12388
-6988
18112
21778
-13694
6245
-11339
-6086
-11434
22034
1260
-25046
12252
5273
-17738
23368
30974
-8368
-12099
-4642
-6935
-28948
15169
-22267
-29338
-27086
11116
-5042
-8735
12055
-24351
-5268
25532
-17237
-29173
-25307
-660
4114
-29359
-11817
-151
-28474
-16601
-3469
9282
-19341
-28971
18155
3329
4887
-22508
27277
31761
-23795
-1909
-17587
9503
32631
1478
-23085
-14897
-3408
-24370
-28926
-1900
23076
-3143
2081
-4698
-30864
-13033
-20750
14814
-27582
11983
22673
-4852
-15021
-21027
6954
1555
-24493
16232
-23419
31443
-22546
30295
-29770
19566
-4925
6428
5494
8824
-21123
31315
18991
2015
-28697
-29528
20950
17793
-9833
-11757
-28358
9392
18219
-2651
24534
29137
-17312
-26027
2697
32762
-31740
18480
-6961
27115
22693
15485
31782
21009
14826
27526
-879
-8396
-4382
-2341
28429
-13231
8289
26557
-4332
-7984
6809
30323
29738
-12011
-14177
10979
-27990
-17213
28906
-31722
23748
16415
-23810
-31917
21906
29095
1488
-12876
12637
-11909
32743
-4261
7131
25386
-17516
-13848
-1208
-8170
-22751
-22079
-7427
-31138
11570
12981
15522
10455
-28129
-27566
-15265
-19051
-25233
-10550
-13914
-16042
-15645
16381
-3502
-22516
-32129
24641
2061
15130
20263
-12912
1275
-7507
-3274
5280
27952
15785
7941
28756
-26211
5530
-4069
-26697
-26131
-30349
9316
32487
-2697
12781
5954
27158
11169
-1859
13832
-24724
-12393
-3065
-492
-8401
-16541
25768
4639
-13297
21491
26734
-8686
-4240
-30656
16855
22416
6555
-21127
3243
17011
-6892
10355
-21839
10582
-1330
17030
28301
-24288
21830
-21025
-30963
2880
30146
-19111
21293
29878
19804
-30969
31566
32648
25436
-4515
9260
3977
24696
3810
98
-4945
14790
22664
-24166
10382
28109
12827
1174
-10940
-6314
-28799
-22304
-16101
20116
-18315
-22284
30339
31563
-19517
-13766
32421
2014
-27238
-3964
-24184
29773
-27959
-1455
23462
32244
-25281
13331
23349
32510
-24203
-29947
-2179
22315
-15859
-24480
-16746
-5113
-20393
6544
-15047
14944
6669
-31021
-29823
-19180
-19451
-19117
20552
-5603
-15945
12967
-22438
7243
-21637
-3660
17936
26440
18316
21990
-1656
1659
31222
11540
-12476
23229
-3150
5294
5699
11651
28426
-31067
-20699
-22756
32177
-27956
-6549
12243
-720
-27464
-4366
-14985
25871
31617
29731
-8680
29153
-31473
-10341
12252
29234
-23238
-23311
-29212
2850
-4480
1205
22839
-1522
18203
-5381
-26767
1553
4174
30211
-28937
-6033
-7964
-9263
-31367
1798
-30691
-29752
-30426
-13986
-8648
30817
18884
30012
-23345
-14715
-9950
1142
-4209
-2549
-17916
-8533
-9089
30301
13415
-19400
-12298
17909
-30836
27211
31397
-30333
-28640
5207
-1758
8492
-23723
-19924
22521
-24308
10009
32275
-17625
-29254
-21496
-4706
24156
-30723
29089
-26143
-23781
-19204
6595
18463
17569
25259
24245
23389
-11731
16079
-1083
-1936
10160
26082
-27393
24737
-9355
-27929
6002
-13730
31326
26778
-3986
22205
-6839
782
-9690
28220
25679
-24887
-2532
-23044
21049
-20065
-26441
-20854
21088
-20741
-26210
27699
-26917
-1213
16254
-11204
27059
-32379
14662
666
2982
-12748
31034
-674
4661
-6472
21600
-15367
26587
19851
-7303
26593
3370
26221
-15415
5617
-28396
-7737
26232
-23040
20978
-24577
4070
-22965
-8514
-18638
-11474
-8860
-9164
-30394
-29742
29150
-13791
-3615
-2807
4564
-15738
-4491
-31945
-2816
15532
-17639
-16363
-4001
24204
20881
-21888
9057
-11112
-9544
-28497
-22600
-1061
15934
-11519
19628
22664
-20879
-19720
-11134
2008
10304
-18632
-17943
30452
-26670
-24077
-25771
21049
-25093
15876
14108
-18998
16504
29642
2465
24086
29039
-20244
-3534
-5949
19934
-24223
-825
-13585
-25953
18434
-16541
-9014
-21819
27961
9308
22536
11297
-5743
28807
-9977
32135
-19386
6063
10859
-18917
-8673
6654
5008
-2927
5350
29343
1100
17602
-10830
-24597
8270
-14637
19315
25992
26296
-19076
-2178
-21135
-20909
563
25604
-25100
15347
-18763
1539
-20524
-27289
-19213
-24634
-18433
24877
21265
31998
3080
-5778
-9362
27326
13181
-27872
21973
9376
19318
16868
1109
-11012
14075
18918
31271
-2198
13939
19383
-20941
-24028
-17998
15953
-23037
28685
-21944
-27374
-25941
9260
9806
19570
22233
-8136
19811
-24427
-1697
7316
13870
-28246
27889
-16384
24972
-7013
7995
17482
5386
-2001
-25315
-1445
4463
-10453
-29071
13137
26264
-32733
-4782
-7813
-4505
-20357
591
-32002
12030
-10384
-4851
-11090
21978
-8501
3159
-15832
-25872
14484
-5037
16095
20743
13413
-3804
-14907
-9203
-32221
6632
-20501
-29651
-22212
11776
11932
25341
1888
-19843
-845
-15403
-17215
1201
-31555
19033
27444
-11353
-5110
-4517
30749
26840
30590
23931
6731
-5383
-12360
19906
-17579
-15177
-16790
-16029
-27997
25379
-22652
25683
-579
24343
-24001
11787
6903
20461
-28654
32669
23240
-14815
-2952
-24911
29837
580
-8708
-26613
-11822
-2627
22046
29275
1456
-24816
3472
-9716
-13162
-26046
-11140
-13897
18201
-27308
-25923
-5364
11277
-9426
-14567
4731
6942
18522
-12971
-28907
-2224
-6064
7017
30676
-3723
-3981
1175
17916
-23788
9407
8085
-8249
25660
-7505
8730
-4155
-26216
30272
-18314
-25885
-20084
-15560
25097
-10993
1411
27249
5989
14671
22013
11611
6660
14751
11468
26222
22513
26793
29389
3318
-9141
18096
-5811
-25333
-6559
-10416
-1557
-3638
-11059
3447
18829
5202
2826
-13673
29289
3323
-9457
-25729
13684
-29229
-2585
20025
-12853
-9547
2732
-7233
-5247
-32313
20486
24000
-27071
-26651
-15303
10368
20461
-10639
16114
25309
-29822
17965
-12931
-2179
-11927
10844
4633
-13105
-29606
-9371
-3343
21776
31763
-31376
-10325
11913
20484
27070
1923
6116
12176
9212
-12225
12050
-11294
-7568
-606
26442
2816
15159
-31516
-6357
-8683
-6656
16014
7166
28149
-10856
-25198
23443
-8828
29296
14965
-22976
1185
4157
12364
-24146
27843
15109
-2717
18000
16816
17987
-5698
15313
-19107
-27573
11515
-7292
-390
30330
-8005
15934
22975
-23391
-20875
3482
4514
10229
15388
-9232
2212
-31433
-6689
26373
-19183
-14275
12109
6193
-32739
-26844
-30500
9973
-12412
-9968
-32644
-11769
-27010
8020
9409
-19032
-28249
-30660
-17959
-587
27798
24552
5159
-28313
-11724
7484
817
-23816
-26508
4420
-17968
9869
-32742
-26637
9435
2657
30205
2923
26748
18668
24966
19747
-5359
-20172
-4568
-19435
28015
19855
-32023
-30052
-32698
14377
-23970
29250
18147
3488
-23052
31426
-11920
5561
13532
3210
-12668
-23774
10454
12435
-2064
4983
18245
-22716
-6270
6388
-21105
-11346
7769
31265
12907
6453
13164
-12522
-6821
2364
-31280
-1317
32013
-965
16993
21274
27242
-18103
17786
-27211
-2221
-17793
-20787
26860
14678
-28150
31432
-15313
11829
-21027
-30059
16290
31012
1044
-19480
1497
28265
10082
25538
-30184
-1492
-9857
6041
-18747
24427
28591
1757
534
11632
-23677
-6336
-3412
23372
27500
-15587
-16760
-7445
-28496
32042
18501
-19115
-24216
28480
-9713
25967
-19421
32645
-8289
-19371
-23922
8731
-14971
26010
-4991
-28330
13403
9017
7056
18812
-3934
18617
-13453
-23835
22747
1516
28335
-10156
14723
-24383
-25272
7815
26128
-16997
-4598
-16879
-16973
-26344
26148
-30652
10839
-22718
-23295
418
-6263
-31814
-20618
-8854
17082
-10110
18062
-10921
3826
25149
-9245
-5943
9945
-605
1466
22295
-18380
9271
-4386
-9729
-336
-17797
-881
32258
349
4419
-26038
20356
-24577
19613
-30811
-1198
30013
-17303
13849
20513
26434
-2963
-19316
-22356
31189
25247
-568
12152
20844
-22293
-16377
26850
7202
5295
26158
-26050
-22210
21219
14384
-13340
22434
2404
-28672
-28143
-23446
9120
-27658
3103
-19110
-16305
12200
14551
22479
-28848
24506
-3610
26629
-17577
-28029
22100
-16299
-3273
-20429
-10251
7188
-4824
-31026
15296
-31208
811
29446
-8654
-21373
29081
-30905
-1103
28398
12731
-12906
5930
-27019
-464
-31543
11675
-2311
15253
12794
-32017
13248
8978
-12164
7803
3692
9266
1855
-6838
-8813
26835
-24578
4155
-26085
1907
25096
-3206
-1335
-5606
-25291
4353
4610
11223
20081
-7457
-13230
17706
6037
-9037
21761
10827
-16631
-19366
-14374
29410
31521
1467
22559
-23801
26002
28081
7726
14020
28525
12596
8202
26125
-32342
4505
2255
14865
-3778
32571
31489
2178
24772
-9154
24160
26152
4077
6781
-6307
-25808
-5498
11264
11916
28475
20428
7054
-21307
15370
4163
1696
20242
-9323
-16746
-27982
31453
-11788
27900
19164
4125
-29873
-511
15802
-27709
509
6353
10088
-8055
-12827
30199
24985
-4041
2066
-726
20099
-13871
5525
-27294
28139
10116
10650
17338
24671
-30126
-16703
4171
-32123
-30042
4857
20144
23485
7397
25832
-2455
-16812
13987
-10328
9155
10246
5946
-3940
5807
-14485
-19752
2209
-32400
27945
16358
29149
-27190
20383
28314
-28027
-6904
28950
-18168
-4039
7967
-23905
1078
3939
24703
16186
24310
-24123
-284
-5786
-14755
16321
3004
-14034
-3983
-4326
-13862
18507
-9472
-29909
22032
28086
19960
30551
-27290
-6996
-4342
-32749
1711
28680
-5393
23739
4378
-14626
30392
-11769
-9658
22073
15068
18349
-14211
-8333
-18980
32665
-30328
1571
-15831
15886
24183
3912
21126
19071
20389
29450
3922
26568
23291
-32402
28538
24606
-1407
-32685
-1440
-4585
-29256
16724
-41
-30358
24152
-20164
7373
-11771
206
3051
24244
18911
14504
1598
-30677
-22477
21173
-13878
22024
-28556
-3857
24951
-27386
-9843
30305
-11860
-20459
1557
16027
12931
21511
28670
13110
21147
-31384
9379
-24509
24900
12858
9413
12179
-11548
23653
-5368
-4752
-7545
13562
-9356
-767
-29405
-3069
-20319
10969
15319
22851
15663
13
-32646
15324
-3164
15191
-3086
-28778
10727
-26062
-23943
-29626
-21983
1050
-3073
-22175
13052
-26806
-3592
-5845
-18432
-9623
-20786
32164
-29126
5226
-6198
-30917
17987
-29516
-22178
-31203
-15142
31552
12947
-28230
-18163
-22797
-453
-15529
20248
2076
20822
11807
32467
-5188
-16955
5530
3250
17620
-8655
-3567
24884
-11409
32672
18076
-15112
2300
-3657
18532
-4609
5447
-7462
9240
-3146
-7273
-12662
-29312
-24761
14039
-12735
-1017
4547
15343
-9959
-22412
46
-16066
21521
-14429
-28707
15367
-7876
31607
29455
12233
-31531
-18737
29433
26501
-11475
17062
-15562
25772
7440
-23818
-28077
-23047
23184
13901
26122
11888
6340
-19759
5214
13808
-30617
6948
26692
12251
-24590
-5061
1180
-8842
-4088
-21477
-3843
3049
32273
10613
30826
17375
-20694
10155
27561
28999
15385
-21657
30577
7494
-5818
-2218
-25051
13390
27394
2499
-13977
7734
32116
-15719
-4204
-16812
18985
-21898
11248
5931
-24672
27141
2646
-27319
-5601
21409
28189
-10223
23619
12983
-18999
26839
29201
31060
8598
25133
21089
22080
-31841
6392
-30915
-25589
-27980
1062
15073
18996
-7393
-14873
-5150
28293
-27519
21819
-8348
24907
-18348
14405
31355
26287
16469
9746
-18309
29115
23505
1153
-24387
4428
26566
25401
2213
4137
18218
-22698
-7145
31692
-13789
15172
32513
-17374
5913
20668
-12399
12784
4658
15507
-21897
5212
23191
15469
-10451
21784
-905
-5479
-3619
5338
27009
-9831
-6072
17470
-14464
-14002
-1545
-2025
-4530
11629
17705
-3074
21185
-2494
-11321
30217
28087
27604
-32015
-10522
14027
-19531
28205
-6854
4979
-4390
29341
13484
-14532
-20798
-1555
-29257
-6872
-25844
-16010
-13439
-21233
15985
-8678
15840
-5718
-18890
9317
-30337
-10373
24036
-12407
-12404
-27625
28568
28402
-31199
25827
1495
15295
-25636
16685
-22254
-27831
31698
-15110
29745
-24130
-26357
-4585
-21742
1700
-13659
5728
-12039
24254
-27933
-29141
-9833
25401
-21076
-12826
30311
8762
-6599
-28460
3984
-24346
-11778
28088
10111
18432
-17703
26558
-590
-24890
-15083
28121
24621
-1093
15858
-9151
-1220
-5907
-15034
32633
-9264
8002
-15975
12936
6306
16201
22493
13950
-774
-13616
19212
-6683
22065
15512
29524
-27633
-2251
21225
-28505
24918
-20340
32725
-25810
-21412
6672
-16833
3642
-13986
-6568
-25216
-6685
11506
25968
-14592
17860
-14093
-17053
3532
-2800
-15201
32254
263
-20434
-12936
1392
20520
-24529
-5399
29224
2569
30758
-4332
26138
-18241
-3827
-13369
-9506
-13430
18489
-6640
-7118
-26953
-6024
18458
3008
1686
-7366
-14964
-22523
-16553
30202
4093
-9561
16990
-12413
-7076
17819
6213
30072
3040
-12221
-32254
-17323
-8790
15794
-31805
25819
11262
-27440
-7245
20034
-28198
28499
7375
-21822
21039
21657
-15031
16545
23651
20674
19692
-13133
8826
-30374
-24360
-18375
-11717
16865
-5583
-24739
29092
15702
5499
29430
-23073
-2491
13609
-11738
29047
3582
-27580
-12041
-21887
27467
-7128
21453
-27779
16558
-9707
-18646
-8364
-8585
25301
27415
8006
8271
-2085
-31080
-758
29163
9778
-30746
13079
-7340
17316
1992
-9355
-17133
7000
-10096
-20282
-8604
-31173
24120
23295
14987
-27015
-17923
-31611
28088
1754
-24404
-15376
20659
-15790
20108
5506
31654
2788
-8145
-28
1209
14161
27164
30163
-14304
27155
-21566
-31050
27928
17848
-10147
-32564
13531
-30695
28254
-11422
29933
5254
20546
-4258
11146
-14230
-17060
-7931
-26074
-12684
-15487
-12598
14683
-12613
-19077
8346
30048
18755
26042
-25379
10175
8881
-3781
16155
22949
-26754
17854
-7237
30965
9348
-4142
-25260
21904
-13066
-26294
4440
-28471
-10350
-4623
-27883
13094
1089
-3070
-17076
-6036
-25150
-9977
-2528
10816
414
2058
-29315
1139
26469
7520
-25194
-15324
8447
-1655
22820
17402
29704
1592
-23423
20825
27217
-4916
-4247
-3535
4601
-17463
-1749
-15243
-23746
-16214
-9868
10542
-17655
-12171
-30571
16606
10280
-21561
27836
15346
-14150
-17523
10478
28091
-3013
10448
-25308
-18660
24572
9595
25379
-8599
-9289
17968
-10588
6385
-19262
-28853
31157
-28919
280
14265
-21357
-17538
5087
-17284
27642
-28405
-11245
-9535
-16641
-8256
-15396
3155
-26407
-5063
-27277
-13446
-14913
8446
-9676
-15713
24581
-10616
-4594
-26282
19699
18193
24795
-17249
-24358
-8885
6082
-14564
9593
27616
-30699
22429
-11949
-28195
11903
-7751
-23831
29230
-172
-23459
-3487
25996
2491
18885
7102
12982
4552
-23154
14613
5592
-1372
-32247
-5455
-6487
-11069
29575
22694
-15483
632
31480
2089
25467
50
30620
7576
-19759
-29709
-32096
-13481
11542
4381
14142
-1598
22369
-17326
-9329
-906
25417
21689
25145
17062
-32186
-12993
14809
-27429
-26833
-32258
-7997
-29633
-17478
-16969
19186
-12241
29795
4690
-16957
18166
-12256
18276
-13555
-8860
12682
-29487
8219
-14768
-7811
-15763
-6521
7264
22627
-9849
-14943
21749
-22521
25996
-31385
21540
13975
-8943
19147
16393
23458
29561
-5827
-2908
29940
-28535
-18410
13385
21170
28691
16561
-24074
-4893
9429
-14777
-9357
23648
28530
26378
-15706
2505
-13038
-4468
-4398
-25927
22375
-12023
-6322
7126
28375
-9195
-3996
-8678
-27669
-9420
-28936
26128
9064
-12848
24706
11986
-4849
-18727
11371
-4870
-4338
29971
-26295
22960
21519
2040
8788
-32271
28708
12957
29113
13488
-20939
22924
-19652
28971
-30582
20057
-21734
23441
27526
9114
-18968
29249
-5554
12502
-17076
2682
-2600
23995
18212
-4588
20675
21110
4832
4600
-29740
4564
27929
-16884
9825
-24160
32252
-14848
5325
-22583
-15740
-788
23758
27677
19601
-25652
27885
-23579
29460
12640
16641
16192
-11306
-3850
30712
-8305
-9773
-25677
-6758
-24010
6358
-4645
31653
3196
-27328
-30649
-17556
-13318
-3065
-15764
-5525
-2335
9108
32112
-23621
19155
-813
-3729
-9868
-103
-30862
4663
4786
32283
-18264
-22273
-18604
-3266
-20357
7357
9656
-1408
-12654
2905
-29018
27728
27488
-22744
-20438
-16392
-21638
24564
27502
-10375
-14356
-22859
20549
-6055
-26926
-15173
460
18755
21261
-13640
-6528
-17985
-32091
-27042
10383
26148
-12535
-26397
-23020
-3964
23898
27300
-5623
-12873
14619
-23405
-7624
-29242
29456
-4140
-13836
4740
24249
-7838
-2216
-24704
-14261
2248
-19922
-19299
4744
28806
-13264
-15267
29615
-24306
-6430
29278
20990
-11870
11395
-6424
2806
11981
-10976
-2687
-21242
28928
-9783
21110
29495
10541
1026
-16180
31841
-22662
30774
13745
-24193
-10400
-9553
31958
-7154
-4615
-16780
-5864
2165
-11796
25005
-31496
-27752
-23265
-25401
-23275
207
-17690
-8700
-11381
-8724
-6813
12940
-5984
-29369
21329
27639
22860
3990
-11084
-7545
18883
-31184
21837
-7150
648
-32351
1640
19846
-13864
-8817
11582
6302
29004
764
-1372
-4498
2824
10971
27196
24751
-23827
409
-28044
12344
12596
-23619
20513
16795
-9356
9798
10245
29845
14255
27492
-27950
2015
-11079
-24428
-3676
15057
3536
4324
-6341
28573
12220
-32315
-13025
32649
17638
12631
17490
-13764
22125
29875
-32507
-2179
-29933
-10305
4174
20198
-27770
-16944
1254
32495
-23794
11505
8334
31218
3071
-15275
-3048
32092
32743
-10285
32058
21306
-31018
32755
-15955
-1555
-27011
-31075
24745
2682
-20140
3276
-27344
2253
28036
12962
-25598
12725
30188
-32592
-22353
-27423
-24518
-29750
-14982
17616
3753
22004
-11100
26467
14720
5226
19716
-31490
12217
9455
-470
-4282
-687
-1301
-16719
5745
-27775
-27226
25578
-29888
-29353
-23844
-16149
23001
12624
-23683
6862
16897
1865
30597
25982
31813
22745
-16937
25355
-22030
-28797
7312
-3026
28774
275
-19775
-4008
-3589
31792
-13300
-16336
19518
20780
803
185
8550
19341
-28637
-21972
-28891
16452
-20063
632
-19049
30250
28510
27253
-11262
-4842
20194
-23816
19361
31474
-27021
-28898
-7588
6299
-5781
6314
19602
-18025
-12757
6704
-32627
13277
27080
10434
18121
-3145
9634
-14433
11326
-16379
-25621
13584
19039
321
-22362
-28033
-9915
31710
29160
22373
-25926
14812
5353
1639
32306
-6738
28437
-18971
-23475
19632
24305
-12617
-10965
21349
-111
-11852
28035
25898
3713
13660
25841
1352
-20951
-31073
4416
25859
-19977
5566
-14368
-8595
27264
-5871
-18115
22554
14571
-6112
-5222
-16851
-26139
5430
-23466
-15931
-9614
1248
-1347
6559
-3935
-16136
-16965
22853
9370
-31899
2160
-6461
-19008
-9170
22319
71
-8369
-26037
20749
-14789
-21226
10880
30729
12547
11531
13425
25172
11477
22026
16215
868
-29298
-4063
19053
-22998
-25860
-30035
32612
-13942
32135
26241
20273
9663
-13182
968
17723
18540
-13051
-32050
-22897
5280
30417
28995
14734
-23702
-11745
-14723
-31890
-14974
25580
32347
2036
5333
-190
225
-12087
-9760
13959
8279
-3624
30838
-2315
468
-14429
-5877
14467
-3874
-5842
-25079
16012
-31759
-31187
-4104
-14221
-3235
13449
-15707
29459
28900
-24038
-12000
-12971
1173
4430
13733
13630
-3178
15923
-20221
-1393
-9731
-16381
4876
11076
-10270
-24609
25166
-31447
-15152
14856
-19105
31378
-9134
-12302
-23138
19041
-16023
17709
3698
-18102
-3006
23735
-31096
-12174
31588
22359
15107
16748
16545
26203
27641
14154
-26272
10536
-21631
18859
-16403
-19484
13442
-10226
-20749
-10300
-10040
9424
-27703
-7914
20688
1517
30475
13664
18498
18682
-12073
13262
-10467
8555
3173
3161
27406
-7107
-4611
10968
-12420
-26591
-22989
-22880
16439
13450
21389
24489
-27406
-30873
-2133
-27706
25058
14308
14153
3994
-429
-4741
11001
6329
21293
6588
-15699
-20902
27552
-25550
5593
20137
4714
24863
9174
6902
-30690
9493
-28962
-6786
21752
15291
-10633
4151
-8675
633
-30669
839
7101
-6504
3155
156
30377
21438
1359
21828
-18794
-18017
-21622
26471
24085
-26738
5939
25386
-23756
-24575
-877
-28096
12502
-7824
-9260
22748
-9872
-25487
-26876
13433
-13310
17345
27051
-19701
-16693
-27694
22324
-32394
31957
-28608
16621
-7810
11470
11751
-21812
14104
8331
-25102
-21984
-14119
-5201
19352
16071
-9576
-17352
-7967
19503
-19254
18181
14966
-29612
6080
1660
18984
-7098
12143
-28182
-9472
3002
-28949
8179
-17
5778
-8707
28669
11490
-3296
-16059
6356
9824
23772
2087
8753
31674
98
30139
13928
6338
949
23651
29440
5906
-30691
-395
31684
7271
632
-29527
-4087
26768
13485
4491
-18047
11294
-7746
106
-22789
7883
753
7369
3432
-16488
-15408
19315
-303
514
-25090
-25808
-2545
-22094
2176
-2803
-29653
7523
-763
32514
1165
8755
6567
-4597
4359
-12136
27756
-5376
22949
28988
-27949
-26168
-27546
19155
-3894
9813
-2341
-21431
339
18114
-24563
-13925
17564
-3085
2840
17577
30664
-2768
-7094
20636
4324
-27143
23729
4593
2801
15218
20864
2464
10177
16840
23125
-22629
-8875
-23820
-6007
-29226
31407
27218
1105
-9017
-20962
2214
-17049
-27860
11625
-21169
26306
10831
-8726
-6262
-5542
6613
14507
-1159
-5933
28607
11997
1585
-9933
-22894
12264
30151
18937
-6204
-30024
-20771
-11155
-29792
17745
7938
-13407
6164
-4711
6511
3444
-17282
-12289
-19466
-25234
24535
-32562
-5847
-7920
-28920
-10882
21646
-23469
-29311
-549
5865
-4892
14391
8883
29014
-32176
10162
2605
9442
-26662
19535
31809
15827
7762
-27636
11010
-6105
26624
6727
6296
-9815
-1444
-14684
30625
25434
-29876
9708
-23170
22871
22552
-26684
-1133
5073
-20620
-25498
-13461
12249
11458
-15478
17003
10585
31201
-32147
14607
10560
19962
-17447
-10029
29332
-18696
-21936
-2253
11022
30940
-26677
26874
8906
5473
-26606
-20719
6257
-1701
-30345
-17528
-26684
-11506
-11683
-18189
7653
-8582
-13037
4129
23397
10249
-14537
-27632
21576
7795
19450
-20137
21916
-3834
-5803
23303
-10062
27299
8946
32531
-2442
-5133
3599
-7111
3381
8801
28556
30789
-4523
-29256
1254
-22978
28213
-32012
569
-8075
7031
-13433
16831
11941
24825
26134
-4618
-26048
-31681
-29609
20180
-3199
1504
-23502
1059
5162
-1720
31206
-10083
1864
5178
20480
1579
-12967
-19770
23707
25791
-8690
-4872
24124
-21470
-2019
53
28593
-10336
1533
-46
4942
23357
6866
-20679
-22494
-2732
23186
27454
14534
-22547
28879
7553
24390
5171
23226
23433
22280
-3963
-28348
2307
25157
-18283
31799
13593
-32156
23149
-22209
-8168
28464
3536
12457
-31659
-32151
14839
15478
-9216
18875
1372
14566
-23171
-7106
-24763
30944
-29525
20069
-12800
-20342
32356
9645
-31025
27333
11566
-20745
133
10008
26322
11141
-3304
-31281
9410
-21364
25897
-17210
-3253
7435
-6161
-25002
30251
-5684
-30122
15815
-32636
-29431
-18575
-18331
-18519
32441
-20297
-17786
-26280
806
3390
31825
27139
-8249
-4103
12689
-32161
21178
-4448
19334
-27937
-26472
-8171
-31359
-14350
-22986
14609
-5880
24956
-31581
-29232
-31862
26419
-18879
-29171
-18167
-31362
-9210
-4528
24600
17013
-31647
-11636
-7883
-22540
30498
-20071
11223
-1051
-29226
-8009
-9011
27418
3537
-8142
-17540
21714
-30475
2252
-13971
3191
31823
3486
23697
29760
-11085
29018
22216
-1069
-15846
27963
15304
5688
21401
27871
-13050
-23382
705
28680
8668
-28363
22305
14688
30715
-17905
14478
28041
5037
-9158
12406
9612
-25892
20899
-15403
-14128
4412
18932
-8983
31334
29528
17171
11878
13526
-2427
-2127
-1813
25228
30339
26534
16952
20652
19517
11913
-29471
26115
-27522
-27395
4607
25703
21206
-32132
20857
-24920
-28415
11697
-18951
-12171
30790
11071
-24200
-26256
10396
-13256
-7619
7571
24593
-29705
22766
3029
24602
8495
9916
19896
11151
-31414
29845
-6109
-12802
15297
-13916
-23808
9203
-4282
23443
13727
-24385
4464
-7975
-21643
-4248
31663
24557
-19535
-2724
10427
-14136
-25511
-14487
31273
-24040
28843
-24720
-144
-9678
16398
31091
-2963
-27448
-30838
-20923
-13414
-27394
19146
-7392
-17399
12951
-9073
16890
9453
27176
-22264
20620
-6144
-10328
10611
-22906
29679
26701
32710
3463
-27222
-4067
-12814
-3368
-17056
-29319
-31103
6554
22914
3324
-2418
28257
-29051
23721
15848
-511
4897
-1794
12987
8719
28360
19473
-2657
-22725
16090
1564
-6482
-27605
5599
21454
17623
-10844
22072
-10544
14856
26821
5328
30084
12657
26375
-28325
25508
-20198
-31998
10350
-29011
-1751
18804
9346
16927
3743
-16318
-14063
28340
-29185
-30280
14541
-1054
12171
55
-17833
20252
-5786
-22036
151
31332
22567
-25874
14892
1541
9749
26079
-24702
-14403
-6146
-14753
28892
-18777
-12478
719
17300
2654
31183
-25448
-21397
17490
17091
-31992
29528
-31042
-19289
-29293
31431
20658
10407
-3856
-23639
7100
-29071
-30839
3428
-14481
-26225
7044
-26496
-4399
-758
-752
-2293
20657
-15746
-31614
2431
-30964
-18754
3336
4729
-13011
-8241
-19399
15037
-25632
7439
7736
-16518
12236
-70
-18194
-27983
681
14371
11205
-12601
-15562
-17725
-6154
20292
-29583
-14632
22685
-27590
11197
-10537
-16178
-17352
-1380
991
13322
3469
21979
11623
19816
-17393
-26830
-27794
27965
30165
-25708
19917
3273
-9507
-3697
26615
24745
1939
852
5873
2416
4634
-11301
-6472
11730
-27189
10284
-18244
21142
6265
-21880
349
-23960
28795
-18308
23170
31501
-2055
-30259
9310
25130
-21616
-7700
-26283
-16154
17754
18679
-2277
-17464
-4915
-8748
-31204
21959
26326
-22998
13038
19725
10968
13569
8677
-31540
15970
9335
303
-18325
-16616
-26016
-18819
15470
-25526
-22959
23794
-22999
19247
-4131
15215
-30803
32688
-5157
760
-28642
-9124
28262
-7458
922
23227
20754
-20917
23047
3545
-878
-17782
-8209
-32027
23537
31738
31206
-11796
22196
13142
-26709
14431
-22656
-17435
-10830
-29472
10985
8678
-20609
-32005
-26182
-17824
31215
-20306
25928
18625
-17433
-4782
4214
14122
-26060
9791
23313
32670
22981
-26070
20799
31679
17206
14377
23744
6269
-4460
-29056
958
-5232
-2849
11918
-10595
20428
23790
-6008
22618
30139
10518
76
-31925
-3991
1026
30247
1455
28062
-13663
-31648
-5893
8698
2136
31583
-15702
31315
-17713
29083
-7700
-7515
-1213
16676
-18572
17072
-26339
-21241
-10464
8518
5661
-18235
-19280
-20370
-25414
-17314
-22750
8035
8247
30639
-30407
-8555
-17349
-15504
12902
26871
24555
-16377
30174
18189
17672
20874
31159
19689
17527
-12618
8633
-23571
-9447
-8585
-22858
7157
-3981
22092
3070
-11146
3396
-30734
-7396
-15342
-15429
