-19369
7313
3255
-14519
-12931
13738
4843
16454
31499
22626
24600
28177
1360
3496
15630
-30805
10286
20691
-491
-30358
-20369
-23042
26037
25643
27364
-26258
2358
-22097
8097
-5271
-19380
2811
-15369
-24656
-23677
-31958
20433
10429
-10386
28767
1335
23555
32234
22822
31541
-2911
-13811
-13076
-26990
-7546
24599
24373
25662
-9213
30633
-18375
9156
-9164
16032
-25051
-12071
-27156
-24898
14153
-9101
17752
-13572
31214
-8297
18429
16291
-19458
32113
-22347
-20388
27703
2079
16556
-6696
21508
-23042
-2910
-1707
-21882
-24535
3860
15394
-7007
6659
-27813
7972
2749
2208
-26701
-32240
22968
-21433
-4628
-26977
-11861
-12819
-15737
-20019
14431
-28005
15013
-3434
-2318
-19787
26362
29760
13347
-18604
-18444
-19244
-15499
-4972
-8045
-13659
14483
-29448
26554
-9395
-27638
-20056
-22854
-29625
3950
