-31596
441
3935
-3587
12151
-15889
-3586
-21420
5088
7901
-32142
3019
-17197
-2545
12473
10820
12204
-25061
13527
30844
-18744
27540
-4751
25104
27687
7594
-7708
-23476
11486
4793
20366
28134
-13578
-26426
8613
-11567
-9111
19154
-10315
-3676
-6346
27863
5687
28978
4037
-31399
7811
20026
-29697
-25230
8524
-2107
7244
-25221
2369
31916
-1221
7009
-14058
-17984
-32333
30051
15151
24741
12675
-30454
-32279
25110
-24314
20686
8444
-17739
-11009
19572
2566
-31844
17683
25441
-21947
3428
-28702
-27858
1352
-22362
7655
30022
6168
19565
24341
-18939
-8379
-23097
10180
18219
-3315
15
20687
-8464
-14054
-32444
-26385
-16607
21543
-18468
13599
31787
-5425
-32101
925
4651
21383
3367
-15043
-977
-14259
17503
-1728
1270
7127
-9666
7036
17249
-11036
14697
32700
32242
14211
-9544
10214
-32514
-9311
-19591
-7827
-21709
-5898
8197
27611
-27551
-9778
-12990
15818
24991
24300
-26001
9383
4748
573
-14642
-30003
-16186
-15656
-13956
-22044
-18093
25453
26268
22934
29397
4415
21643
-5137
17367
-19053
-13687
-1265
2122
-792
-12490
14595
-18710
1618
-9067
26270
18287
-19566
29294
31828
-17253
-2298
18627
-9898
-30492
15977
26248
-28511
-26006
24039
-9163
-32408
1726
31498
22822
5810
-21003
-13449
14185
-20078
-25951
-16386
-24682
870
11293
4667
24355
-28075
-20132
-8196
32654
-23295
-29049
-5922
-25719
-17327
21864
-32243
17639
-30321
-16119
-18221
-25672
-43
6356
-32080
192
26997
11713
-22449
15225
2816
-18581
26914
-6784
26742
-1680
19576
-2656
13975
27165
-23808
-12326
-11678
30454
-31019
18952
15432
10907
-25285
9578
-14492
-23488
20395
9450
16384
-4506
-17479
17437
-21351
30055
3670
-8478
-6422
-7265
17177
14480
4911
9910
25943
-11557
20316
4693
14092
32268
-2204
-31785
16522
23314
11544
13104
6611
25208
-29261
18010
-30607
-8850
-6542
-16642
-28312
8202
9663
21299
7014
-26577
-18738
15164
-4742
-10046
-14746
20482
-4909
15943
-8040
27489
-442
21655
-13617
-11256
27728
20270
-23318
-6528
7475
-21333
-24509
1819
-4557
-31136
-20744
-22197
12728
-1909
15113
19994
14310
-7580
2050
28139
-1424
23538
-5181
117
23093
13709
-25922
-2823
26381
22827
-4579
-28479
2713
10864
1333
2620
-29723
-32267
31680
28478
-26373
4441
-27231
28981
-7077
8632
-26512
-9977
-7583
-25183
11327
14797
26254
13867
-14980
8587
16769
-2587
-31995
2683
30974
-26374
4019
17780
-23561
31119
20105
-22107
20158
-18599
-15715
-973
-7493
9754
-31847
596
18498
4923
-13256
-2767
-5666
3881
-23946
32312
20335
-12315
-1775
-25335
2471
-4530
32184
-18779
9265
-2880
-3306
-16666
-28166
1083
7412
27887
-21588
23297
-21296
29972
19090
-7640
21244
17998
-26913
-68
11470
786
-21786
-10240
1552
-14712
-7859
-22086
-14087
-18905
-12172
-19321
26125
-4024
11455
-20619
19333
-23509
10565
-14113
-14676
13019
-13395
-5676
-6127
8495
-7249
-29592
-24106
-29091
20249
19901
27906
13801
17901
-28719
-29115
-24612
-30284
19820
21582
24879
-3493
7477
3613
17205
29750
6109
-28566
-18297
-159
778
-10429
15302
4406
-23640
3638
-20841
23932
-21313
16056
24814
18765
-23638
12061
-967
11685
2004
17154
-29553
10173
-5274
-6064
14659
-7085
-27165
-24606
-29761
-29928
21488
-11386
1031
14394
1724
-32364
-13418
12426
9861
12093
-19343
-9522
5853
27442
32476
585
-13683
-29842
4190
-21657
-23839
-8433
-31823
9793
-1814
-7586
-13766
-9905
22647
-30122
-25424
24069
-28445
28404
6171
17914
-31849
10650
21125
26336
4179
-18431
14420
14206
2342
21936
-3683
-7901
21514
-5424
-27767
-20630
26978
-25002
-32557
32344
24357
-10805
-2740
22983
2676
-2615
-19196
-20684
25573
-4152
28142
-18969
28637
26770
10075
11250
19962
20023
-15728
-24958
-29721
17743
-1546
6632
-7024
13998
-27414
-466
30690
17873
-30111
-11441
-23724
14544
-12315
-15397
14993
-14995
28817
-9478
29678
-3835
4749
-25332
26987
8542
-20625
-15249
19362
18996
24796
-17462
-4398
12582
-19608
-27921
24770
20849
-6535
14093
-14626
17751
-5574
29709
-14375
-9732
22265
-6975
-3856
15648
11066
11804
-8054
-17140
-14832
27843
14320
-10419
-9969
22484
21171
-25625
1702
26926
-21616
417
-7825
27493
-27631
-22279
-10135
9379
26909
-25716
15667
25594
28517
-6088
2080
-24590
-2702
13013
24829
-8914
-17112
31970
22188
-7340
32676
-28382
-18960
29442
-20408
1958
21776
28550
21652
-14848
-12171
16265
6652
-9194
-14341
28972
5750
2778
5227
-362
1062
1520
32711
2386
11630
30560
10944
9680
-22427
-18608
5495
14777
-15580
-20691
-9775
-10289
30382
26448
22735
19397
29752
24723
15016
10818
-22304
29919
2128
-30395
-8114
-23554
-17749
31988
-6668
25057
-25535
25749
-16390
-4649
21228
20550
13479
17321
10530
-19590
-16253
-22986
-31202
22831
19304
-15008
-1944
31865
21901
31788
12165
17408
-5147
19547
2601
16272
-8832
17686
-1096
15179
12555
30888
21798
-4442
-25904
2016
3471
7049
13369
31563
-13225
-865
4631
13721
24550
-12295
-4823
-2038
11903
-29994
15225
-23682
-14185
5451
24040
14718
-27421
11780
6133
-12426
1277
7969
14965
-28188
22342
21608
20462
-11302
832
25713
1554
-2986
22241
-26535
-24854
5770
27899
-9694
-29998
20034
-27806
-6510
2726
-988
22894
-7305
-11046
-31711
-19175
-19116
25948
-26171
-21992
-28743
4513
7694
23972
16216
-16685
-23649
-5622
-7296
21004
-2557
-4299
-3915
16862
21806
-18793
24236
-20476
9678
-26062
-29578
709
-27149
-21085
-20319
27695
-11800
-6642
20125
-242
31180
-29643
-19877
28088
-4088
-30999
-5855
20172
26247
21230
-20889
-26572
11251
-31441
29196
-2991
31250
-20416
31768
-23391
-26871
-11978
25
8872
-31022
-22953
-2237
-12478
-18022
-13954
-3902
22389
-13292
-23013
-20905
13956
18838
-10835
7098
23903
17522
-6569
-18055
17322
4819
25440
-20238
-1597
25504
-19555
-27639
-16364
-3563
-12770
11380
-5816
-27733
-27940
-22646
-10043
30549
18150
2404
31658
-25860
15751
3501
27325
20340
8004
-28388
22326
20019
-9648
19762
19469
-21776
29962
-23803
30698
16204
-12950
-7045
-21284
30323
27016
-10066
-27647
18404
15250
-23191
18196
-28376
-21259
-2867
2009
-20975
-8385
-6252
8469
-8047
-10799
-11278
9466
-1310
5257
-7780
-6021
-253
-10964
14842
27053
17240
16627
7719
17879
8858
-4962
-1111
27396
-31227
2565
8608
14911
-29498
-13843
878
6902
31105
27529
9762
-31520
-29494
23154
-12055
-10077
31260
-8661
20580
32489
-11587
-1350
-28092
-27363
30147
-25462
-2117
25091
11263
14366
-26364
26843
25209
-16961
-16972
-32088
-14801
-2265
3201
25874
24478
-3180
16676
-3686
4950
8633
19631
-32088
19223
-3500
-6012
30968
-28684
4411
28824
1370
12269
26458
-4035
11413
-23044
-16381
12360
-7659
-5864
835
12310
9361
6578
8558
-31813
10427
-12592
-8836
-19947
-389
-20007
-25144
-32484
-17961
13724
25708
-7335
26077
6188
14183
25559
32639
31671
21713
-13942
19911
-868
24906
-9207
22030
-27302
-5469
-13065
20849
-1446
12789
-8358
-8933
1376
-31473
12239
-5618
-248
8681
30733
-19250
14961
26448
573
7956
6927
-20613
-10053
-11998
-31059
-26002
-31203
-30463
-13117
2810
-23580
-32012
11644
-2110
6746
28437
8140
-24520
28319
-12443
17961
2089
-734
-3535
-30465
-3761
-15768
24079
22624
-17477
-14467
-11190
-22316
-30258
19304
-24942
31513
-4036
-25839
-14263
-17016
-29265
-8436
17875
5856
6139
5687
21926
23283
22276
30063
32432
19976
-10839
-22042
527
-12184
-21442
32733
9787
30211
-19422
26536
10278
-29011
-18357
-16439
13078
-9095
-7851
6830
-3115
29755
5819
-9067
30077
-6846
-23108
-5163
6
9992
12817
17286
32567
27405
-14684
-8049
-21386
13045
24152
26837
-12726
-31551
22385
19618
-22728
30300
13577
-11740
2376
31402
11020
-15251
-16050
-1202
9796
16249
-19226
-11710
24017
6784
7396
19083
-27947
-17250
10743
-10670
-1481
-24916
-24474
-5685
-1941
-12856
-394
13074
-27511
31301
8464
-31246
19770
5372
2139
-14731
-10168
-2325
-18188
-15940
16202
-30186
-13470
-31693
-5949
20828
-32249
30175
334
24852
9158
15289
-29916
19713
-20262
11149
-29332
7991
-7587
30759
-652
-26666
-3296
-5056
-5260
24713
19997
-14801
-32725
-7639
-1153
25896
-77
-5295
13240
-3095
-6412
-17379
-12648
23786
-19033
-22601
-18036
-20906
-30803
11038
298
13340
-32122
-32616
30495
3445
20393
-25565
13146
-16344
14271
-9434
-19240
-3754
26306
10743
19160
-10898
-8743
4199
-26394
15708
31028
-14387
-10277
-13283
-26848
-6168
11925
29794
5169
6067
17979
-499
26866
-14025
-17180
19093
22372
26355
-9201
-2824
-29021
-30433
4932
22748
9683
-17478
-8722
-12887
-21100
-13004
32684
16389
22113
-12035
23690
-20685
25339
-24500
26857
-18501
4776
-6477
-11594
24250
11943
-10848
31692
10783
26205
27397
-1837
-19744
17254
-19693
6377
-516
10794
16024
16405
20984
-7555
25369
18174
-10576
24302
-7505
-9932
-10934
29199
-31762
-10209
-11903
16880
14666
20488
23745
18565
22771
7056
16147
-9008
16888
-11432
-5828
14676
3114
-6455
-29828
28708
11723
-22887
-14293
-20035
9705
-18886
-17236
14372
6278
-21595
13107
23280
-17957
28787
-28573
-23491
-5739
25722
-9806
-183
-24464
-16641
-673
-18077
30407
14490
26001
26723
24815
7322
28138
-13130
-14939
-9076
-1975
-9932
-15149
-12875
-6739
-20058
27318
4402
-12083
15967
21695
2172
-6554
-4782
18899
10635
-27465
29026
-757
-4240
-31961
28445
26336
-8230
-9925
23714
-12795
22601
31678
11613
-21711
-32271
-4897
-30265
4071
-22121
4719
-19225
-11630
-14716
-22254
-878
14169
16233
-24522
-21605
-13774
-12989
12186
24429
-18078
-8866
-9652
6957
8920
-1321
29585
13268
28802
-22394
-24006
29430
-26918
13274
1160
11069
-8648
-10009
-15265
9756
-8079
-32472
-24043
25878
9910
32622
2546
-28150
8324
-9787
21987
-30106
18061
26569
16880
5731
-2944
10919
-16883
13500
30287
-13311
-11866
12124
24504
-14794
13770
-30415
2314
10847
-25570
7731
-8725
14091
-28951
-15710
-7154
32306
1873
-7608
3693
13987
-29344
-10911
-5043
-2214
938
-23712
28283
-31722
26073
-22841
-31865
9566
-1582
1879
28565
-2683
7465
-27222
-10854
11351
28401
-12112
31669
-18049
15322
-21300
29430
-30314
-28395
-18136
-10897
2673
16850
-20474
11059
3063
-15202
-13738
30497
-15457
5166
-20499
15395
-23324
30922
5425
-9761
-2475
-19627
-7688
-31886
19239
-7859
5708
24320
18989
2483
9563
-28985
21817
31617
25317
5128
-30252
-1762
10930
26071
-22752
-3351
4318
-10820
-8469
-10906
-31923
17981
4104
10804
12099
-31190
28594
20458
373
-27755
3719
-7183
-1495
-13093
-1502
18003
25507
17382
-23903
31044
16714
-32573
8256
-29395
14184
-1130
-3697
31330
25267
135
29957
31887
-3810
31542
-6630
-9639
8364
16300
-4852
16612
-23858
-24577
9551
-28629
-22717
16086
25156
24854
-554
-27648
-11009
-15178
2759
16991
-19631
-21385
-30604
-5567
5963
29650
2778
-26947
15063
-2223
24375
-25565
21745
-21786
3757
736
7530
29488
14675
-14280
-24500
-30475
-12086
7037
21423
16697
-6216
-19206
8725
3288
-23196
18955
-2402
8276
13355
3583
11323
-21223
-7195
16600
-21332
2889
7044
-17591
-4267
14289
23231
-341
27464
12001
23951
-13237
24126
-10973
-23161
11715
-15725
4808
28186
30370
16820
-26683
16522
-2516
5530
17235
-11822
16689
9164
23982
24103
3758
-14844
426
-8885
470
11057
-21230
-10234
-5470
4021
25367
3723
-24694
7799
-6274
22008
18229
-18962
23245
-24764
-28747
-5840
30714
-12482
-17017
-10157
11374
-22427
-12816
-16357
29620
-863
26413
30026
-12743
23084
29494
-9185
8435
-6369
-13394
-20723
10662
-30233
-25774
15920
-27267
11691
4983
11704
-18784
-26948
-20761
15102
-14593
10872
18809
-32010
26771
19648
5404
20575
-19693
9838
32358
-9435
27737
20664
17515
-15013
-26868
-2399
-3356
1100
29455
-7274
-15675
27314
-26489
10741
-588
-2373
-21714
-15567
27947
16094
1285
-1039
-27195
31288
13755
-20032
26865
-21539
-7395
-25110
-8154
31139
9238
5727
17938
-29069
5352
-6851
23848
-7766
-24794
4445
-26230
27866
7716
1489
171
-6411
15519
26293
23493
-5156
20471
11983
-18673
28434
29745
32336
31616
22791
27554
-817
-29160
-2077
2524
-30953
2591
-22870
-2980
11117
-29966
-13971
-30936
-3100
-1764
26295
-23623
13081
-3473
-17027
-31955
12868
21062
-32105
27402
11974
30018
-18245
10661
-27008
5688
-535
-31429
-1645
-32533
-7436
9488
-7314
-26103
29982
-19852
-12159
-32301
-20111
13480
-11092
-23364
-5928
-9843
-28562
-14612
-27120
-9200
1373
-5843
20766
25787
-29259
-31191
5487
2646
-9625
16119
23072
-26962
9852
-18330
30053
-26664
8906
1421
29111
-9954
-15642
1036
-11903
-25702
30874
-19436
8153
-366
-13514
21219
-15047
-25528
21279
15762
415
25809
16749
20884
-8205
7919
-16146
4802
27675
10115
-11193
-20063
-7849
-19747
-22006
-26888
-29701
-9187
-15506
5609
10183
-21426
2412
-13541
-1272
17954
-9679
-8224
9486
22209
-10690
28609
-29337
24714
11626
-10494
1151
-21005
-8833
-18543
3860
15620
-25466
18728
-20222
-22218
-27669
22138
8027
14999
-960
-30026
7522
-5002
23704
-27181
9011
21226
22845
-14453
-3844
19195
-7682
22033
-32704
-25949
-13742
-1727
220
888
3146
18616
-10008
14475
-23601
-18013
1896
-27572
-1388
-22890
-745
-17172
-23861
-14946
29236
8727
-7688
15662
-12143
-6888
21881
17000
31343
-30609
4518
-22300
-27880
-22242
-15254
11135
-18178
-20001
-5884
25944
2513
-28920
581
-17683
-18390
-13545
-11503
-32016
2488
-14812
-30774
-6635
-29623
14145
25155
16867
28880
992
23530
11847
-30101
21901
31541
5403
-28583
-14142
23441
-12169
5528
-14192
-31444
-25375
-32260
-4318
7569
-24531
8460
18209
-14367
-29046
15819
16219
-7276
-7280
18035
6720
20188
-6171
15738
6177
32767
8630
12659
4799
-8951
5225
-2328
-23894
1549
-9977
9206
-18145
30881
-3525
18224
7816
9655
-20824
26622
24043
-19986
18639
-27534
27286
-31658
6483
472
-24418
-20949
31270
-9671
22291
11162
-28895
-18480
1844
-20773
-15926
-24689
31487
21868
12202
1435
27910
3186
17375
-32537
13120
-20398
5888
-17151
13596
-7351
-18847
-6162
-8146
30720
6198
31647
22318
-14146
30318
10148
-25356
-24434
-26575
26735
24982
29789
13331
-6345
-2365
3583
-14696
15268
-31387
-25348
7776
-23878
4665
20279
-25575
-12459
30594
8060
18533
30908
-16767
1774
-23503
2037
13263
11884
-24411
30354
21490
10549
26710
-19834
22193
-31802
-24381
-28777
-8541
31853
12172
7929
24694
8341
10708
-8580
-12205
29964
24196
16727
-16589
-15931
-490
7942
-23929
-28468
-17980
-10785
-13841
-24537
-7778
30700
26121
-27632
18375
27851
3378
16084
21562
-1963
-511
14945
-19089
19979
28954
-7335
10334
25240
16731
12169
19147
-3484
3951
-3289
12116
25148
31009
25996
25892
20029
-31737
-20762
-1556
-30438
-8622
-15300
-17132
-28154
5378
-2561
30400
-11511
-11014
19810
-1960
6251
-4766
14370
24357
21659
-3671
-30226
1598
30376
-5308
4247
-1983
-30785
-13342
23351
-24842
-5128
19938
-23749
-16665
-4956
21103
8759
9578
-25954
952
-20517
16623
7783
-16114
4022
-31893
-17545
-15776
-32547
-22408
-4945
-3540
32027
-26229
-11396
8516
-6658
20301
11782
12239
8237
16224
-15272
10134
23906
-1046
30679
-1696
19391
11555
11964
-8415
26108
28382
12653
19290
-20900
32042
-10699
-10340
-5992
27648
10509
17404
-3774
2841
-17569
12511
14878
-24563
10743
-4018
-15279
-10205
5205
18212
2642
29395
-30807
-12832
1957
-2398
-23012
-24939
14429
624
2644
-28666
23313
12656
-26082
21479
-31784
-1763
-2111
-25141
8922
-7072
27926
-29294
-15463
5162
-17162
-30348
-22719
15780
-6577
-15556
19283
-30556
-16691
-18101
4496
-22509
8370
30537
19587
-29796
16649
-10075
-9212
-13115
-31429
-8290
-31059
-14493
27798
-23312
-30493
-31940
497
14751
-19428
23888
-21220
-27173
4496
-13022
-30693
-12985
30407
4809
10747
26773
-5066
-1277
7421
585
2885
-7952
-23345
11961
-17985
31801
-2516
3928
29464
8608
6612
-18544
31660
755
-20517
21068
25461
-25602
-15521
27236
26197
15276
29001
17697
31579
19776
20524
-31525
158
-2946
-12705
-30889
22149
-16969
18922
31295
-18093
32268
-15164
-14996
-22292
-5284
24121
26360
-27239
31921
-29274
30038
29394
21948
-20073
-4739
25282
-9341
32459
-11928
-26635
-2245
-24268
-10580
-24924
9336
-9603
-29275
3415
22881
-21574
-3101
28550
-10071
7227
-28590
7566
-28832
24986
14887
-21792
413
-27761
-14328
-24195
30407
-3848
11855
-30945
16997
8061
-17116
13949
25656
-22256
-17621
-23822
30299
-29722
-7741
13627
-15467
-17164
1976
10967
-14112
-4450
-5393
8837
3498
15444
-22479
-15082
-14577
-31370
-17182
27484
21328
-28737
4839
21711
-14382
5927
15924
18198
-18338
-28982
22895
28554
4581
47
27528
-12288
22815
-28804
-13155
-25282
5487
31176
31516
23598
-32290
29797
17623
-20152
-29175
-30804
24611
19769
-10199
19545
7323
18253
-2156
-19071
24258
-12761
12581
32212
1007
-24187
17283
26076
24816
-25103
17556
28175
-2894
-31135
4627
268
24702
-24688
-19995
11368
30983
-2074
16418
10835
24281
-24776
-1719
3592
29935
8155
11558
-6061
26075
19470
14977
27796
-12459
30183
32549
-16674
12637
-18101
20156
-32658
32176
-765
15938
-7938
31341
8203
-463
-264
4144
26776
7695
1496
2286
-28356
-21801
-21297
4519
-27139
2688
-12219
-2956
-26631
-23215
-16060
-13273
-4884
-23948
-29231
6536
-4645
-30067
4703
-29786
-13315
-3095
30331
14886
-28814
-6163
11485
27814
3903
-29536
-31789
30763
-624
-2397
-24028
-29867
6138
4038
-26742
-15371
-26581
-28854
21352
-22907
-4230
-8467
26364
28038
23852
-28899
16756
-2244
5739
8291
3094
22733
20643
9283
-10754
-15584
-80
2568
30005
-4551
7798
-2902
-129
23952
1796
10364
-18632
7603
-9375
-5867
24971
-11048
17341
17078
-16743
-8799
25177
3235
-8487
-6423
-630
7168
-15237
-12672
-11470
-23610
-561
-24908
9638
6947
-17352
-24352
16661
28919
-9588
-16119
-8187
-26058
-8858
-2030
-28627
-8700
27324
-3700
17206
6770
11996
-6589
-19075
7432
1866
17619
-32369
-9709
25481
-4890
24044
-31359
-22458
-29788
-676
30930
20301
-2835
12353
-26128
20557
29558
7235
-2993
22504
10980
-10597
-14173
-15819
3543
17662
30118
5610
-32718
31046
-18057
-17953
-16245
-29560
-14114
12067
1271
8355
17483
-2129
-5650
28301
28009
-31474
3660
21426
18813
-22407
31828
23319
7571
25779
981
-24763
-3236
-31322
9662
-29286
-6003
-29842
-27979
22662
11954
7899
-9188
-30164
-28671
20209
8013
-4749
24205
2206
-26519
11335
21051
-25141
12657
10127
343
16250
-6663
16664
-31468
-32591
27676
29604
-9292
28651
14424
17850
10854
-25241
-28864
-12037
28341
27382
-32673
13392
-12741
26658
9236
15214
-1539
-28197
29732
577
874
17171
-3858
-19058
-19218
22691
-19253
-24911
-4825
18487
25596
-29915
-24763
-22784
13634
10003
1632
-10687
16443
14246
4959
11415
27371
-26839
-13622
-12086
-9713
-24445
-14683
6673
-17438
-25217
23651
-5230
-4148
357
28870
-11568
16420
28185
10394
17973
20592
-28623
-13707
-31914
29030
14679
16302
-20550
28973
4119
8389
7091
14347
18006
29234
2919
18227
-13014
16265
-4152
-4442
-1043
19403
-14341
-21894
-7627
26529
-6848
16201
-27488
9568
15884
1528
-3291
17128
-28584
-1308
-4767
-19470
-26202
-3436
26770
-583
-31012
-14373
1675
21881
15884
45
-25294
20109
-24802
32710
6158
-28315
-9542
-23038
-24452
-13539
7512
-18173
3192
26250
19577
-6842
-136
-23091
-3719
-2904
5247
-16988
15203
-30416
-6331
10443
-5628
29469
5483
19209
-25637
-26467
22506
-1585
-7989
-27956
30940
-19416
23879
24845
-30342
23772
14266
22302
-21898
-1081
-31919
31613
29570
-29920
-18185
17055
-9145
-12693
-18157
26722
1567
-485
-16089
29330
1836
-4819
27145
-1418
23005
10300
-26037
11503
-19502
13888
4351
6086
-28478
-13316
15772
-29522
-1203
-25817
15196
-32466
-15744
-13934
-23871
-1736
-7997
-1304
16407
-13582
-1214
-12669
2404
21575
24215
-26923
333
-1778
3731
-19867
-15270
-16201
-1001
-3322
-7451
-24745
13337
-5562
-16823
-24722
-9583
6810
23327
-22840
-3939
-3884
-13712
-13223
-29853
-19942
-3564
9108
-9386
27649
-10812
687
23740
7468
18591
21354
31656
12794
-16403
-27906
-512
-1468
-13417
-27945
7065
31676
-9038
-17180
11323
26589
18434
4028
-24939
-31587
-19236
-24396
24206
15509
7893
9449
10960
16143
22994
28152
3473
20139
28293
25856
-11360
22908
-27747
28008
-1865
883
-16605
14321
-20347
5400
20067
-7696
-26749
-15263
32449
6296
-28490
14145
-12696
-20909
-32356
1818
-7641
-1145
-18082
11121
11101
19115
28989
3538
-22723
-1847
-8221
-12790
2459
20691
-14426
-32061
-23061
21321
-17534
-2771
-6665
20326
20508
17598
-25812
-5363
-909
3763
-6780
-327
-21816
-23596
-9518
-21461
4663
27993
31452
-8323
14619
2684
25770
23337
8454
-25256
3507
25626
22196
13515
-19405
29010
25168
-11937
6411
27984
-24014
-1404
-7000
-26352
-24986
-29231
-1764
13434
21296
-30107
-3237
8167
19258
20479
12505
-5266
-22548
-14850
-25827
21272
12758
-6152
-17734
-14570
21931
9470
-15358
-9885
-444
27136
-26662
-15596
-29100
-14695
8183
21917
13604
-6759
2257
-15782
3899
14652
3945
-13673
2121
24601
21449
13764
32276
-28580
-16543
-7708
-1525
28
-20208
-20938
17738
14112
31449
-31172
30055
19159
6621
27545
6970
-28667
-22299
11437
23466
27854
-17730
31525
16386
-17596
2788
-9356
23798
18167
-15396
-2938
-28662
12126
11855
566
-3345
-11163
19883
-29126
18060
343
18658
10834
-31356
29393
-5993
-6342
-15192
-6165
22515
304
-21217
-10950
6404
20939
-6139
16068
-4816
377
19075
-15797
665
17413
23227
15685
19657
-9366
4811
-774
-16711
15740
16831
29347
-27266
-2582
21631
10030
26050
-14493
-13076
-8546
-29088
25536
1800
-12602
15174
-10164
-9331
-12473
-13155
-1529
-14345
-29625
15221
10096
-27675
13856
-15757
-10680
-22953
-7967
13511
27717
28517
-8886
30149
-6296
20986
-13462
7950
27699
20171
14562
-1566
548
13889
12250
31494
28891
-32586
25784
-31791
-18026
-30859
19001
-9156
24386
-12343
-26923
-6137
32117
-27231
11220
-19410
12462
29164
-19271
4891
-30184
-30562
-5349
-28827
2042
11149
8413
5549
-12294
31410
-8961
30084
3719
-12705
-15717
-18945
-6441
-3626
-14524
4818
9576
15959
-16737
16206
25894
-3476
-26352
-4075
7283
-24563
-15592
-18263
-62
-20004
-28091
30955
6194
15474
2383
-28293
10170
-17905
4225
-24124
30525
-9466
29930
20634
13981
9488
7421
4314
26238
28768
-26693
-27892
16180
-23489
-2204
-30910
1524
-723
-15434
240
-7244
28272
-4241
-22304
5672
-26207
-19322
4470
21630
32257
20295
-30930
23589
-16807
10419
-13243
29294
18479
-2257
416
-19565
-31708
-14576
18612
-20544
-15416
-17702
24810
6054
-14188
-8454
-234
32403
10652
14505
21561
-27166
-7066
25992
-19243
30103
-28372
8205
10240
-4516
13073
28928
29718
-1992
10262
-17798
-8602
9331
4097
24184
-30878
-1838
24309
-3699
-4392
12827
-16128
9873
-15170
12898
-32689
5169
19793
-21962
20534
-15952
-5802
21687
7835
-3933
4777
25568
1308
26144
25294
26273
-17908
14507
-6781
22092
-12327
6648
-12275
-1130
-1914
28377
5405
-8917
14093
-22412
-3905
-14748
28751
-28549
-2078
8714
18338
-11312
-21069
-25914
-7313
4965
31977
26685
9440
-24421
-4526
9868
-23335
-1841
-24447
-1287
-942
-23386
30152
-6674
32162
15130
50
634
-4884
15196
26950
26565
10089
-24118
-23627
-11300
10570
32286
-21010
6328
11487
135
-4875
-8816
-62
-26881
2089
664
1913
5402
31827
-32042
32347
23054
3614
4175
-13257
18279
-667
5767
115
25485
-28739
-7164
3507
-10710
-22035
-22431
3062
-19282
-14554
-2888
-19690
-28189
-29907
374
-32077
-15350
31841
-2220
23760
29458
-26006
-27660
-10918
-7140
-30705
-17278
-7676
-13955
12919
6418
4003
-18956
-8128
15886
22952
-18848
-5189
8353
-26375
-14007
20260
24561
-12498
5524
19885
21446
-11111
4245
21600
-13792
-10566
-7609
-31493
-27473
-28314
-23717
13753
-1408
-21254
18136
-15992
-3940
-19986
3283
3524
-17260
-20218
14339
501
-4154
11939
29098
-17901
4482
19013
32199
12786
-14171
-4114
-3576
7815
-26200
-17228
-17089
-9429
11639
-24035
-10655
-11204
-10033
-4445
28553
-18374
6846
25026
30841
11864
-27396
-32124
-14742
19322
-4470
19013
30281
4725
-26222
-6912
18871
-8058
31289
32286
2866
21182
5150
29845
-31117
-4866
-8680
-7367
17251
-10877
17700
13064
-8337
12235
-14001
18662
20805
-9535
-19121
31752
-23604
-791
-25364
2382
48
-10951
10713
-23575
-21840
-24889
30882
31496
-18920
7468
3263
-10760
-16746
16863
13707
29507
-11000
12628
-9586
-24763
-27362
9475
-8690
-26854
6679
-30370
-18317
-12544
9173
-24573
16869
-32746
-31294
-14301
27600
15480
21154
-12209
-15297
-24571
13428
-29327
16534
-20290
6089
-3385
-12822
11774
9506
5516
26378
13071
21760
-17853
-14295
-30802
-17500
22726
11150
-28455
-29394
-31564
-20250
-14494
11664
1153
24263
-6245
-11626
28621
17610
32465
29454
22803
22727
1821
-22044
-21094
778
-21845
-18620
-29809
-25379
24038
-24568
17561
-5354
14999
31893
-2034
1583
29733
-14577
21294
27576
25456
-23044
-16721
27465
9184
23120
-8709
-22415
-22027
-1634
17071
-8172
26672
7923
-4260
-11318
1283
13241
27829
11856
28991
20385
-10709
-31845
-14107
-23126
-30852
-15123
-4029
-13352
21609
31264
3990
13961
-21630
17346
10315
-18968
26489
13785
783
-22304
14447
3980
-15460
-26040
20790
-23275
17707
9047
4956
-18316
-11823
-32076
-4969
-6824
-14034
-28430
-3987
6805
-15254
13458
3494
14656
-8071
102
-8394
-4201
9581
12330
-3371
27297
-24644
-17418
30794
14897
9744
-27314
-28238
21288
-12603
23711
27773
150
16644
-21246
25328
12342
-21619
-4004
-26928
-12390
-26586
17684
-26466
-16120
-23682
-16578
803
27288
-20806
-27946
-13128
11109
6608
749
-9285
24500
30559
-10894
-26844
-11802
20275
10062
6860
-14025
-13002
9139
9261
-31434
3044
30463
-20249
23018
10872
-18674
13481
-15187
-14179
-25904
-25631
-20459
3969
29570
-13047
29022
-18684
1781
25040
-17327
26722
3741
26410
2468
-10767
26107
-21752
20319
-13676
-32144
24725
24182
-22384
-24158
7418
-31217
-738
-3193
-7126
-6921
9616
29278
6050
4185
18594
3771
1272
-2916
-16959
26626
-8566
11467
21097
-10935
-195
-20524
-27133
-14593
-11745
52
5739
-18791
-3697
23727
-26697
16601
17835
-17923
30034
-13624
-1627
-10669
11534
2857
22476
8919
18826
26626
29064
-6033
-3262
2425
-8296
28600
13558
15139
-19989
-21502
-16456
13830
5179
22760
2343
11810
3546
-22586
12817
-28785
-14604
18748
-14963
-26132
-17643
-2554
27316
22718
23822
-2412
20347
-16843
-8130
-20458
-3063
-20432
-31690
7527
26167
9388
28961
-28959
-6410
-16693
10018
31702
-21622
-2413
-22726
16461
-1001
32715
17773
2731
12235
-23117
-851
21933
19384
9163
7791
-26344
-3652
-24829
-3754
-228
-32568
16513
-26270
-12509
9124
-26954
26156
8400
-15819
19703
-29650
-31130
12463
-32742
3442
742
11525
32591
7385
22296
-14962
-27086
-1019
-15959
22893
32481
12217
9415
-5698
-27480
15513
18088
11003
-30261
21211
-27507
2451
15713
8644
-22502
1276
-5046
-19599
4666
-16940
13742
29278
11971
31480
28321
9606
2063
-11733
-15062
19848
-10933
13411
9877
-23913
7036
-2142
23062
1307
21039
-9319
11542
-3791
-32063
-23982
27109
29847
-4355
-31677
27882
-25634
28631
-18676
31640
-11472
13498
29297
-27268
4240
-8420
-4068
20038
14858
-13326
8843
-1445
-32627
26598
-1124
10106
1402
17185
1358
-18232
-19963
-19879
27249
26280
-12840
-15187
16986
-20808
-16122
27551
-24193
23048
31959
23856
-26880
-31920
-25136
-24542
-29050
-5216
-29352
3525
-23288
10171
-6019
7576
-18376
-3891
15185
-12211
-16237
28596
26868
19779
-23164
-1726
-722
11982
-28684
-15099
-567
7207
23675
-1164
18826
2216
9959
-4456
-8165
-909
-3861
-27486
-11932
28465
-20878
-30752
-9617
464
2662
-2775
-7546
-30787
-16265
8654
-24269
7234
-8135
-841
-17373
27247
6908
-5986
3496
-32302
-5484
12057
-30987
-32680
-2321
-3905
16245
-31833
30932
-27931
-12251
-22430
25671
4484
-4109
23193
7266
18024
14404
-15373
1559
14441
-2486
-13049
24093
-22330
19186
-23389
-27787
-14966
27210
-13184
-3492
6484
-16336
3080
32751
-22295
12828
-20469
-4973
32709
-7405
2755
-28282
-15962
-17005
-14634
-4917
-12139
12053
-1990
3841
-11078
32471
-14344
30431
6107
-17653
16644
-22931
12555
-28680
29273
28144
-19571
16936
-14101
2357
15064
-31434
22485
-23276
11404
10540
14193
7651
-21771
24394
-28313
-8335
-26412
-8683
-2184
2393
-22320
-23135
-6885
-16650
-18047
11314
-23135
18200
2338
15225
23210
-16554
21855
-23758
4843
-13484
-795
-16333
-29841
9425
26532
29481
16033
-19999
-28650
-10692
-5033
4027
21798
3958
-31311
-1108
30524
-15056
-10414
13756
-9362
13630
-26085
29074
-8056
12441
2172
-27651
19598
-17812
8871
-16730
15963
10756
-13035
-30952
28829
-9664
10308
-23983
-22069
-23991
-30546
30537
24997
10619
16927
7072
7691
-28690
17918
-1906
-8777
-308
-28709
17597
25581
28774
4413
29547
-30118
-6043
29960
26939
-13876
-5122
20867
-11777
-11625
-14850
28173
-12016
-29937
-12127
20513
-2261
-12699
14337
-6694
-8440
6003
-19816
19374
25819
24081
-9772
-26464
-29710
23967
-27812
16353
13981
9673
16613
-30732
-17211
-6713
21404
-22794
26736
-11611
-9103
-14852
25259
-25622
8687
1225
32687
-32602
-9560
662
8223
-26224
-19699
31411
-32257
-17566
-19027
-5135
21703
21178
-13003
19537
-26715
-8568
29180
9303
-9395
2299
15537
3865
-19393
-23763
9162
-27687
21445
-7626
18594
-6540
30950
-31789
27388
-30656
3337
24273
-22621
-693
8966
23192
21953
-4320
-4902
-20947
31862
-19390
7488
-7553
-20247
-18823
-17430
21590
10505
-7394
-30312
-8486
-157
-31462
-17700
2456
12907
-25981
25230
23947
-21635
27301
-6689
-20465
-5608
8857
-17013
9931
-10010
2166
-17123
4682
1106
-5340
13099
11396
-15051
32690
11619
-15072
11816
19635
-15386
-5584
-19845
22066
-15591
-1275
7895
7082
-8894
11125
-18824
30155
-27091
6211
2175
23918
26406
-6470
15484
-8586
2260
-22419
-21238
10313
26727
-10347
-16872
-5813
-17887
-7600
19849
-12810
-5520
20252
-22513
-8789
27423
-16471
24807
19840
-9981
12625
28478
-28557
17172
-28035
27885
-13182
-25727
16925
-4824
-1830
2702
-24013
-2763
-20190
9024
7944
6712
15614
14837
-7539
-14223
28593
11001
29751
27165
24158
11862
-6038
16568
-7260
32604
-24058
-18882
17384
-10093
-2919
-21258
-19391
-7137
-24777
-8634
29931
-10878
8965
31313
31827
-14634
12989
1753
-16856
-25256
-776
18724
-18936
5298
22611
-2882
27545
-14878
6358
-15186
21099
-1101
-26250
20530
-27166
15117
-19382
-25225
10743
2835
-20899
14583
19647
26567
-580
-7626
16079
16048
17834
-28573
8119
24924
-20997
-4941
5484
14118
15710
21627
5137
-30147
11428
-30915
-15888
31317
-12689
30652
-31565
-27873
29213
12794
-11677
-14802
10836
-2944
-4695
20839
-1419
-1356
-30790
9611
25065
-21730
-5223
-17524
-15754
27529
23757
-7940
337
-8312
7497
-15170
18918
-25071
20508
-19872
-21206
-4261
-15762
-20044
13995
-9200
27383
-9051
14723
-27289
17082
-3856
-12757
17804
24989
17993
17641
-32020
-5448
-1190
-29972
-28222
-7355
-27087
-24924
22253
-28964
30129
28018
24180
-13024
-23574
-30731
-24873
9546
-18974
-6133
-29728
-27474
29205
-6544
16373
30859
6072
-2160
19534
3232
-8452
31198
4196
7471
1077
27964
12511
22770
-10885
-14734
7694
-13008
6806
-20628
9948
27150
2343
-31114
14488
31528
15879
-5586
-21093
-21655
-32180
27715
-21789
12971
-13550
8836
-27183
-15575
-6783
15757
-7291
29823
-27654
584
9601
30766
-20085
148
-8331
-28880
17795
30380
2201
3871
-9260
-10679
-29632
-857
-1381
10792
27082
-6317
16114
-21555
-30005
-2984
18175
-21191
19285
-2197
101
-18732
-16271
19551
22077
-6532
-31907
-16393
-14127
-15171
23655
-22328
-22238
-31799
-2226
415
8814
-15563
-16491
13153
26164
-26912
14997
-20682
16602
14563
26674
-3504
-13998
7979
-20163
-4042
-29574
32449
19830
-29427
-29448
-109
-31250
16482
-22929
23389
-17428
2475
-22370
31175
15233
28318
13984
22013
20793
-13585
-3615
6411
21687
8407
5746
2935
23305
-21802
-28589
-25631
-8414
-32464
31270
1138
-31459
-7828
-4410
-5606
-10498
-15233
-22748
4790
-14417
31757
30665
-17637
13220
29418
-14287
-7242
-24699
-26331
5757
-5374
14582
-24568
-19733
12755
24787
22201
19084
-30756
-17164
-7683
17936
30062
-784
29039
-13665
-27910
-15933
20604
-23887
30290
11502
-5862
1183
-21674
29477
4434
-17453
9461
5238
19246
28268
-13445
-1689
-14073
-23992
-539
-3219
16066
32610
-28612
5672
9873
19454
-20780
19064
-6592
-30188
8535
-27342
22243
-11275
-8402
9935
-17062
-25942
-31518
11843
20054
-18765
17876
-5499
25760
30594
-29672
-29635
9347
-10544
-15423
-23325
23709
2856
26454
-15590
-26700
-23307
-2864
3223
10673
-17626
-20325
-4114
-3566
15269
-12371
-6609
2585
32254
19733
4548
15923
27014
24693
3964
4275
-421
-5807
-28087
-22308
13565
-8537
28184
-14814
3607
22682
31760
-32349
18453
23147
-7533
16253
14517
-31738
10959
12231
-10603
30589
-8338
-13870
5786
-9159
20207
1318
-592
-14276
-32719
149
-12013
17529
-14559
10867
-12165
-3812
24779
1469
-19404
11799
19962
25853
-14702
28568
-26757
14072
-22522
-22432
-12995
-22780
2669
15135
-21928
-94
18139
-14761
31612
23905
-31675
-444
25002
-31975
-20970
-16167
-31421
-13413
-3351
-26301
26606
20604
-6482
17177
-25092
-19461
22217
-12532
13736
-27280
-29422
-22634
30270
31210
29337
-32129
-18096
-16211
-14685
-16333
-31967
-27254
-26898
19774
-29028
7711
10548
-9044
-14936
13296
-32570
-20991
-23950
-29704
4494
-7304
-19332
2915
-2675
-12821
-17359
29953
617
30716
13230
8979
11638
-13266
-11590
-147
-29851
-29841
-15791
31689
-4037
-30578
23129
-1130
10194
-9733
8165
-11818
8792
9603
12868
18813
-4276
22859
-9863
23238
6518
-30472
-19847
20734
10006
-19594
-31835
-13254
-29109
-2118
32588
-23956
-17441
15734
-26442
-12222
16506
17158
-21476
-18812
-11588
-17821
-23759
31164
21196
-10073
4377
26000
10044
16833
-4985
-21308
-12287
6334
-26291
22623
-12731
-31693
-5403
28914
-31061
32298
-6684
-19599
26621
-25932
-8649
-13309
26884
3025
-14957
6636
27208
-3291
-13867
15815
30027
4796
-5156
-20749
-27947
18014
5589
-718
21752
-15364
27702
4690
-18881
-13882
18585
31969
4564
-16558
26696
-32045
15798
-20325
25029
26537
31614
31249
6885
-19963
-654
-15210
11109
-21838
-28818
-13181
-30406
3645
-12056
7850
-28937
-18630
9289
-8557
-11024
22685
-22365
-15491
31275
20856
25367
-14614
20215
21836
-11268
4593
25805
25987
22967
23692
27584
22152
26
-15049
-30234
-8759
16324
23981
-26920
4000
-7709
-28710
9318
-8829
7601
-8755
-19539
24749
24695
-14718
4509
-9253
24076
-629
-26013
-6928
31966
11938
-20036
-2517
-10352
13548
2284
4442
11268
-29694
-9923
-12607
2028
-8397
-12019
28202
16635
23999
-17219
3112
-16118
17629
-6213
25352
-30989
1552
-8702
-27234
-13184
-29959
-4633
25246
-30089
-8998
28370
904
-18668
-32722
-532
-26343
-24284
9938
13439
6724
-22639
13747
-3374
-15454
-3320
18850
-28892
24131
29888
-5048
-28189
26312
-23175
-16397
6425
-8222
29956
15412
6041
-13096
12029
-26992
-19230
28327
-2185
30079
-24753
-23508
23064
27843
-2421
21321
8453
21186
-17992
-4232
5454
-21738
-3081
8576
-11275
15258
-13973
-7491
27204
30531
-3505
8761
-30125
10299
-24025
31807
11455
24654
-4986
-17557
21969
-9342
-17055
10194
18056
-11898
-16795
-24264
2836
5575
5301
2400
-5868
-31199
11574
31350
-14420
-3785
-17410
-14845
-7975
-13965
22215
-24853
5643
2906
22849
15313
-18853
-22326
-2135
-7356
23636
-11603
-8278
1048
16544
-10203
9353
14404
254
15318
-1567
-30757
19407
-12848
31517
-19896
2494
-22373
10237
-27629
-30803
-26118
-16673
27674
11820
26105
-31247
19152
-11347
3913
31507
24093
-11134
-27083
-9423
-22618
25705
-11535
4119
26225
22797
14507
17230
29958
14402
3784
22004
28109
30004
-22867
-12323
-6705
-28635
12878
-5730
1422
-3202
-6018
21282
-2930
23011
-7774
31017
16167
-14542
-17593
-12837
22989
2372
-31820
29481
-16078
3950
17904
-5577
-31526
2226
-7317
24569
25991
-24779
-27998
7445
-18130
-10926
10208
-24395
10839
16655
-9017
-30579
11026
10825
-26203
32527
22580
-9582
29411
30473
-28434
27636
-21355
-32116
-21801
-352
-24037
30141
13592
-7606
-19223
13924
25827
-9931
-26646
22659
-27798
26445
8634
30499
31832
-19802
-6127
-12716
-4251
27240
23419
-27823
21568
-25374
2510
-14821
499
-28249
-5640
2741
27892
-17932
6010
-3522
-4173
25892
-7211
15346
-26009
7152
11741
-10775
-9204
-10624
16111
-3418
10414
-26436
18273
-14232
29298
-7949
15427
13980
-4700
-7346
-10262
-27967
-248
-20083
5913
19695
5284
-31127
-30755
10965
21858
22629
-14062
23735
21533
-18735
-30423
9363
11259
16875
4118
-23285
11062
7028
9017
26831
-19682
-12264
27327
-18842
-16828
-4983
-31101
14670
21288
-17785
25874
30637
19906
23801
-12922
-1202
-30670
-5733
16552
-32188
-25607
1948
-14742
-24491
-15705
26881
-8256
-27956
-10074
-4854
21745
15597
14659
14740
-12504
30524
-31346
-4372
24509
26477
14074
-9283
-17043
-2555
-22164
-22341
-31988
32191
15317
1089
8668
26473
1376
22904
-23188
2021
27126
-19880
4218
7090
-29908
-23003
5486
-24174
26376
-8764
7739
-21600
4867
-17761
-3919
-12091
12354
-8487
25710
-3386
-3479
8107
-15569
-8389
-26119
10965
20619
-19822
22897
-5755
17893
-22722
-9236
-30083
-30700
-4953
-22441
-23615
8425
12814
19207
12529
15153
-32260
15716
13575
11834
-15767
11252
-17786
30845
-5899
20909
25407
9074
-15790
-18623
-4666
-2515
-1989
-7407
-16910
-15114
31495
6517
-9094
27386
-16437
3901
15274
9940
17336
25229
-16967
-29062
-12283
20290
-2274
9190
-12736
-10646
-30232
15892
17190
15224
19878
-13439
31194
20091
-27556
14104
27162
25790
-31401
11735
-22028
8483
-19936
4614
23486
14124
-2843
-16818
8011
-20177
11042
-31347
4326
27856
11441
-13435
19252
1095
-30006
-31816
-21010
6415
9394
-28246
27916
27883
32713
2224
-19017
9277
-9299
9749
237
4175
4998
18952
-18182
-12610
17247
15664
18888
-25990
-2442
-8082
-24522
17807
-771
-32375
-1238
-2090
-29458
1506
6013
19724
4122
-8412
15136
-20612
20500
-13641
18034
-14443
32604
11008
-12891
29362
5135
-23885
-13173
20837
24435
-24569
47
-6033
-320
12547
-1112
32309
-29880
31778
26001
1339
1117
-29367
-17099
29861
4080
-19742
-28105
-22495
2567
-2592
-3347
-31748
-32515
13022
27851
-11835
1924
-20184
-11108
26921
-13972
-16980
-24186
20866
345
7148
21166
-4254
6275
-30063
-31500
-1958
-18590
370
-1878
-29266
-23862
-2380
-17383
32513
-21701
5177
13844
6535
802
-18083
-18289
-14387
-23420
8818
6602
-7265
4338
14549
-12596
-24332
-8742
-17342
24482
-1388
20689
31020
20014
7334
29941
-23978
-339
-9364
5977
4018
23600
27846
-28523
895
18118
7941
21787
13964
23686
6616
8537
-4163
24912
18648
12394
23142
-15432
10013
11244
-18503
16728
-4884
22887
18943
-26004
-25767
-5479
13599
-32013
31713
20510
-11132
-27507
30582
-25560
-15005
-2065
1179
30099
6265
-19692
15101
25234
-21824
-7812
16751
5475
4516
-10218
-18477
-22442
-10014
-29943
-29562
11644
-2989
12815
24590
20917
-772
20289
-7364
12344
-1440
-8645
1090
-18485
26681
16886
25485
16546
8223
-12155
-14042
22392
22627
-20203
-13472
21535
-24273
29372
-20985
20288
5216
18231
2395
-560
7977
-29992
-4098
22677
-9443
-3461
22485
12397
-6388
15100
-2083
10622
27204
-17716
-24727
9471
13987
9569
-25671
4556
5384
-6129
17237
-2466
-11026
14589
26632
7616
20834
24311
8162
6327
-6074
4265
-3782
-23873
278
-15133
17471
28958
-9667
28243
-18671
28151
-3823
366
7013
5774
16878
-19623
12851
-15812
10116
-26000
24146
24594
-23978
26356
27547
-9497
-16824
13844
-27560
6753
17852
-4803
-92
-3962
7167
29734
-29528
19504
3202
15571
7268
-19452
-25486
-3685
13736
-23581
27355
25160
-32171
-3206
26235
10160
24016
-719
11521
-28557
20494
13951
-26582
28234
31524
30794
28195
20964
-14365
-20376
-10163
-21542
-23062
20160
4378
-9700
995
8617
29053
13802
-31743
836
25909
-12048
13736
-18140
-31040
27836
27677
24369
4771
8132
-15550
-25662
-2027
-12664
-29919
1444
1784
-5550
30327
2474
4592
-6669
20050
-27079
-713
9448
-22694
23241
10088
11187
8329
28220
21947
-18658
4124
13057
-3152
-5477
29713
-23895
-4288
9567
12731
6034
19575
-28681
-25753
24607
31663
17861
27667
-13732
17698
1213
-18744
-32595
26947
18745
-28602
-21160
-9973
31960
32233
-20721
-7844
27137
-21976
-24694
-8781
18983
14190
25142
8753
-12319
-7910
-1751
-16342
8216
-31716
-9543
-17968
26866
-23204
-27226
10469
18568
531
-26645
-10777
16151
15509
31480
-25942
-28214
10473
-15464
-32283
-29356
-6132
21717
7812
8282
14722
12716
-1974
1368
5682
15188
-16543
-5963
-20705
6749
29216
15648
25899
9591
-17030
7385
8129
-27446
-13111
14089
10188
-30279
9450
23826
22758
7918
10619
24628
26308
16543
-10079
-10628
726
-4060
-1397
-2117
11306
-23636
29479
-9390
18408
8197
20976
-14312
29359
3878
-29843
-3933
7106
1433
20006
-26613
10112
11313
26996
-7351
26244
-5148
-26526
-5230
11573
5758
9020
1051
-3963
15916
25037
4490
-5549
-10433
30067
28176
9283
6861
14972
17029
-22140
27029
7637
-606
30625
-17355
-5420
29134
-11405
10599
-29849
25170
27490
6052
8154
-31632
-24280
24632
12400
-23083
19559
31745
-4220
17065
-5887
-5038
-30814
-7899
-21245
-23285
16342
-32612
-28935
-31589
29939
7143
-9658
-22364
13104
-31387
19912
17202
4634
16409
17872
24775
3050
-4115
13852
-1694
-13074
4450
15455
6708
-29065
-16488
-10797
7749
-15781
-8612
-11233
23772
20377
-10763
-9384
6278
17608
-22876
-5266
-15485
-29367
18932
-276
26099
-8053
14165
31649
9639
27371
23038
-4193
-18112
-15151
26136
8094
20783
11889
-4445
-2260
24935
383
20070
-2038
31691
14934
-2250
-13289
11980
1631
16585
-31719
-28436
-23874
-19262
13868
32341
-21277
25231
27178
-14539
-12838
28069
-3224
10163
10947
-6717
4087
-21052
-13451
2166
-24080
19104
5276
-31244
31455
7421
-25156
-1407
9889
6926
-23513
-5926
-31290
-3730
550
2749
29715
3480
-808
22297
-18087
-10937
-1781
-31636
-2246
-10854
15484
2754
-27721
-6894
-30235
-10492
2249
6098
-11258
10594
-6481
-10309
5272
-10313
-18634
-16899
19119
-446
22114
28532
28669
21631
31906
22555
25248
29807
-17692
29039
11312
15580
24025
-29434
1817
-25204
14455
29677
-11450
21933
-2726
-24742
12449
6312
-30200
8837
13459
5164
-23984
-19686
-10770
-8708
-26813
-32601
21345
-31987
-7418
-1949
3081
-24313
25641
-29570
-4704
-2076
11761
-23349
18265
-22154
-27568
9327
15933
-12993
16669
25415
20330
21774
31688
-30569
-29995
919
-3531
26178
934
-22358
16057
-22024
30226
-31537
-29624
13752
-1981
4693
25621
31259
-30267
29132
-22214
28981
29038
4110
26982
17597
21566
-16703
14797
-31015
2055
14368
31875
-32042
-10161
-14048
13930
32139
-25619
15883
30143
-26511
29916
4799
-19412
8374
28711
9015
7925
-15162
12809
27196
30717
6666
-26954
-100
-8265
8771
6266
-2160
642
-11991
-12399
-27112
-3985
32764
-15417
9845
-8405
2377
-15361
-15308
-11501
-13039
-32370
-16067
-11883
4281
28154
1042
12171
-20075
24835
11090
-8168
12079
3329
-15461
-22225
-8664
14058
-8581
13681
-3630
-6659
2978
24560
-8086
-6792
-21873
-17362
25827
16972
-12585
26522
-22413
-30867
-8657
11551
28074
-15373
22636
-10956
2920
23461
10639
-21433
231
27408
30241
9264
-23200
-4250
-26755
4357
-5381
15341
10284
54
-5083
12843
-18084
13333
20699
21670
-26671
-28972
-32359
-3527
11585
13170
4940
24391
-20930
18261
19979
2441
-2856
-5402
-4150
-26152
-12953
-18521
6840
-18152
23450
30872
-21814
-14983
7355
-5274
-4595
16690
9300
-23466
28256
-2107
-17416
26372
-3617
4693
-14611
24728
-1358
-31908
-13050
-27050
9128
9704
25167
29124
-18513
701
-27395
2997
-4737
1652
22946
245
-20987
-9305
31936
19622
-16437
-22501
32672
6452
26819
29503
-3013
27184
-13838
13035
-21994
-708
14011
2288
16979
-10147
-18105
25466
-17340
-147
-23529
25190
11557
22653
-16569
29223
-29300
-22653
18199
-6853
9829
-19723
17180
-29432
9878
10454
-23607
-5955
13705
12793
-30662
-14616
19489
17387
-3162
-27129
4735
-19510
25060
-16138
-30335
16245
-32725
-30354
27913
25967
32253
-17066
-20178
-27868
-28472
-15221
-20465
1817
18654
28912
-310
-29789
24450
-10408
-10663
-25566
-30774
7164
-14594
11130
-974
-14654
2370
-31065
-19638
-25005
-3505
29468
8577
-27951
32486
5284
-25772
-26498
-198
8749
9416
15558
7908
2428
-7142
-2253
16201
-28391
-15820
29610
-31741
25037
2019
-18712
-28316
-8116
11915
8822
-12942
-15666
-12704
-22550
-14501
-20946
-165
16296
-10014
-23522
12730
-19004
1992
1476
-24709
-20118
-2973
-23870
30518
-2085
-8166
-19699
7096
32064
32127
-5028
-17250
1150
30562
-23464
-15835
-20099
-17320
-4705
25097
-10737
-12493
-23573
-23873
-23224
-158
10876
-3820
10353
-20915
-31526
8484
-2952
-3687
16705
-26418
19835
28145
5340
-18736
32359
1595
-22551
31532
15298
-11396
16361
-9220
-7247
30094
26192
12860
-8136
-14689
23914
-21239
22785
-32519
10565
-11778
-29140
31497
8687
-5357
20950
1970
-24785
-25334
-12599
30635
-19296
-12540
-31819
27559
15795
-25487
6268
15490
19384
-4019
-21015
5280
-23606
-31240
-10232
-6027
23141
25922
22046
19289
-20656
20298
-2046
-10021
-841
13956
28002
-29193
-2189
3361
-30726
-2111
10179
13096
-23032
-8544
5588
2234
-14250
13667
-24454
-16352
27462
-21563
-18446
-13998
-1082
-23031
25496
19037
15457
29988
-30710
-26378
-26874
-25807
-19982
32383
22041
-28445
24317
-14420
-31255
-31147
31072
-954
-5745
22334
7903
17342
-1227
5722
31345
-124
-13055
-6593
27977
29163
11350
-2747
19658
23559
19651
-10940
-32381
25936
-3463
2366
-5324
-6310
27969
-30060
16147
-32000
-12980
-20893
-4310
23945
32393
-20065
-17171
-27925
-9839
-4260
-26149
-12816
-2247
13608
-2629
-21695
29082
11017
-16308
3200
-14343
32235
21472
-8115
-7092
-14668
26581
26663
17492
-17526
-26184
13108
-9912
-17044
-1820
8127
-28405
28635
9199
-25079
12266
3647
21759
-790
-12640
6964
25924
24998
24942
5469
39
-28585
-12139
-24359
23383
-371
21317
-16160
14275
-18319
6762
-27108
19738
-22527
3607
-8079
-15599
-1096
776
14696
10749
7714
31036
22332
-5178
-28717
-5429
-7970
13929
-4842
4401
-28851
32766
13496
6930
3212
5593
20793
12046
-12946
21695
-9025
-21654
-14149
-9425
-6241
-10342
-25354
12275
20566
-31420
-26944
29878
27487
-28862
12722
31674
-15759
11329
-27033
19624
2495
16311
-5419
25253
-24367
-7026
22150
-16622
11583
23940
-30729
21118
27875
-22807
10272
13039
-32517
-16997
-2757
23545
692
-19505
15282
-20842
-16579
-5704
-27804
5585
14303
-15984
25922
32145
27633
28823
-25914
26293
20460
-10586
-31141
24573
8419
27547
-10165
1167
-8815
18943
30506
15692
-21781
-12180
-2744
-8013
11208
-24636
-17234
-3797
29232
3064
-16188
28624
27329
-25602
-4750
-10258
30742
-19256
6322
25705
22431
-22276
-16076
17797
-29316
-20334
-9328
13856
-20657
-26877
-3314
17612
19792
29166
-12866
13926
23104
-2488
24885
31190
-11078
-22375
-20900
-10862
22072
30229
-11097
-9409
-6623
-27549
9431
21678
2807
-13303
16293
11092
19212
16813
9673
-16750
-20691
-16981
7742
17593
9520
-32075
-2840
15201
-25641
28812
-32491
-2709
13041
32574
-13400
25605
164
-14479
11503
-6744
5748
-5722
-24081
-27518
-13891
-2394
1068
-27002
-13630
-25883
-1553
16327
-4167
18027
20289
-8270
9854
11679
19892
-8373
1916
23102
1533
8224
10415
20373
-7999
5915
-16229
-15217
25906
-21747
-15886
-19910
29997
-30841
14704
20733
15366
-11546
20004
-22137
8171
-12797
12293
-10656
1052
5357
-27558
12791
-27260
-29777
7322
-22554
11178
23707
18700
9209
3338
17520
9157
-23368
17978
-306
8939
30561
26135
-14515
-10149
30451
-27305
-1482
-16843
9182
10082
27212
15689
9327
17255
22765
-2747
-25192
-5607
14959
2377
-18462
-4903
31250
-2899
-12878
-23936
14733
-26907
-12811
-16086
-19940
5941
-26708
-7092
-3413
-20251
29683
2148
25625
-21342
-29229
-4313
-13645
-20054
9014
10532
-1823
-6255
25362
16916
-996
7696
31744
19298
22213
-27615
-26747
2229
-21876
-14067
-32438
920
4601
4672
371
4702
-7067
-2303
-19474
-18775
32023
-22412
25873
-28267
878
-19315
7169
-15648
-27564
24823
-14050
10320
4830
9896
-2304
17273
28228
28714
-12161
12811
13364
-7719
26273
28501
-28206
23916
-26752
-890
-12897
26575
13778
15617
18196
18057
23804
-3001
10672
32099
7802
29398
29574
32010
22880
28958
15449
16513
-27206
24277
32075
14492
15220
-15038
-22179
1122
23367
-12162
2265
32425
-27999
11144
-22464
-16578
-4
17565
-11251
-14530
-224
23563
30836
-6902
25691
-8725
-21788
2210
-2502
-6200
-29572
-8405
-11258
-27562
10203
-14300
-467
7414
-19772
28448
-25700
-11849
20713
6036
-20731
19888
-27332
13686
-18107
-17867
8217
-24574
19727
-23017
-19432
32424
11322
25348
31130
12054
25280
19144
-25388
11209
-9187
16095
4683
11743
29307
-21639
-9220
-7152
30637
31464
-20030
-19761
3383
-17868
-27393
-30924
27509
-30648
26511
-31160
1104
20602
-642
-18508
23179
-8299
32154
-7655
21331
-21531
125
14154
10176
5503
9913
6174
-4647
19742
-7342
-22646
-404
25805
16828
11084
27909
-12273
16669
-2413
-21473
-21491
16392
6503
-16784
-4490
25305
19914
25962
-496
-10097
-20577
-20681
10199
10881
-7221
17300
-22938
-15274
-16163
-24751
-12831
25113
14767
10989
31096
-6759
-29391
-23752
-23818
-28104
11452
-24578
-13037
-13788
-3251
4874
-16328
-25846
15396
10053
26542
-22883
5981
23479
6307
-4429
-27478
-29797
-23807
12961
-2
-189
-6794
-16507
5118
-4743
-6377
30681
23645
32440
-569
24018
31095
8783
3445
1469
-5929
-8767
15025
-1009
7990
10789
-22755
-13697
14148
5402
13042
-5538
-2440
23287
12931
-14358
-17685
22825
18615
-21987
-11922
-26883
-20113
-15142
469
-19943
-1242
23472
-9083
-4519
11440
9707
-4009
-27915
17617
6133
13271
16620
18562
17583
19199
-22832
26650
16129
10707
27983
-21986
29790
-13676
-2036
-20387
6345
4142
30544
7638
19212
20421
29476
-7711
30492
29786
-19496
-20595
-32539
-16359
8801
16352
-10805
-13433
-28451
20508
5653
-15115
32070
15552
12416
-15726
-25559
3219
24697
24795
16141
-19530
-18060
8203
-9369
15560
-28872
-22391
5425
11289
31698
6505
32519
-14636
3554
19131
29278
3316
30936
-31990
-11567
-32548
21265
24978
-29100
31475
696
3361
32237
-10045
-1495
5393
-14652
15559
2909
-31487
31039
-8959
-23242
-29776
3308
28794
5465
-6834
12675
29045
8270
-20495
16748
30693
-4238
13803
1986
-20122
-32080
10588
-15225
321
6258
-27424
-28630
-7356
29748
-20935
-19711
-31446
7159
-18432
4152
7365
-24052
16005
9436
-5651
21509
-27148
25023
19065
17005
-14158
9785
28524
-12089
-27119
25750
32324
6134
-28881
21892
-30025
-25572
-13476
18658
31271
-26705
25487
-32696
-11880
23374
1937
3625
-170
28487
32254
-24045
8892
7071
613
-19239
9342
1634
27627
22337
-23832
-9098
3037
-25520
883
4814
24775
-1500
-27854
-30399
6914
8697
-8949
-6834
30326
24254
1685
-4824
2152
12873
-3910
-31650
30696
16038
-16335
18203
13008
3667
-5569
7389
11644
17047
1422
-39
-32542
8310
1262
13807
-30833
-15193
23787
-16226
31588
-25330
-14473
-12809
19437
-19824
1521
32365
38
-26592
-8455
-15473
-21848
-26156
-7117
-32389
-17276
24180
-17065
-18513
-2605
28330
6343
-6180
26005
-24743
-12519
-31580
14999
22838
-19434
-277
-19696
6576
-8237
-16555
-8073
-4191
31376
21919
-28407
4313
31763
15445
22848
15058
-27220
-17440
23881
270
-23533
-16895
27358
15747
-16190
-31999
12437
-10986
15872
2307
-761
27631
-24239
2717
-20088
-3235
8287
25888
15384
-8189
-27637
-7091
-19970
3424
16108
-25587
-1060
-3961
-18070
24667
16208
-13737
12313
3334
4249
4210
10320
16883
25508
-5418
-25797
-25953
-4026
5490
12397
-14012
12441
29797
5935
6206
15255
-14730
-22615
-11616
-22971
-18954
-4602
-8383
-13298
-15219
15226
-23015
10999
-30600
22310
-19387
-6965
-13628
20996
-102
12341
7537
15387
3911
29668
-29107
9549
-29550
-30688
-20653
-22593
362
-26711
23892
-9630
26079
-26647
8363
2077
17482
31547
-2534
-22429
5149
-20776
-4331
12899
-14552
-3332
-29277
1907
-5431
16828
-13401
-11683
-21686
15480
-19427
25042
17483
-20653
3150
12235
-31141
-12330
-20588
8052
-16532
6297
30576
22605
1916
21182
32523
-12822
31469
28290
10885
-3021
1046
-26002
-30666
-31072
23041
-15563
-11535
-7362
-21335
11171
13791
-115
24707
18800
-14879
20967
-30090
11368
-22821
-5944
-20355
26999
-2131
4417
8962
-925
-22216
2881
-17024
-28238
3835
-32707
-15845
16494
-20644
29780
17486
13179
-14294
-28572
20643
10227
-13495
25660
-28454
18172
-5257
-24594
17900
19443
-30826
30092
10237
22033
-7
8465
16489
-19839
32610
-478
14623
3404
6721
-29110
28207
13141
-13079
16072
-3791
6241
-3987
-30703
-615
-12567
-5453
6922
20145
17979
31148
1945
-19878
6573
13433
20422
-10963
-5374
-26849
18112
-6358
17223
11441
-23493
-26628
20024
-21414
-26305
-28121
-20663
-116
15608
20461
-8676
29786
22297
-16205
16049
26189
-12159
5806
-19720
20430
19826
-8496
-12005
21059
-29343
-10126
22795
-9433
4449
-10013
8306
-23457
-18152
-8868
-25525
11000
-21442
32070
1581
-2295
-8520
-21152
5578
-9893
31330
-26528
-12310
-3007
-32499
15010
27817
-11762
31775
10809
-7064
2944
-2992
-6423
27433
-16902
31935
12849
-9503
-2371
-26545
-14443
-15322
21661
-32572
-22840
-7107
16159
10094
-17399
3570
-11288
24954
28250
24063
3333
-32497
1700
-30522
8571
-7861
-9565
14058
234
26436
-6514
31659
21767
-18633
14634
6592
2644
18455
5347
31660
-16199
-627
15795
17204
-29613
-27076
22117
-6035
31582
-5375
-24241
-6778
-27034
5780
25205
-5685
10349
-15531
