-28760
-27918
-995
15282
-776
4083
2648
-29311
-10654
14939
21859
-28516
-25632
3042
-19501
-32363
-6482
-18067
-2152
29559
6688
26827
-10454
17555
2352
-19175
14770
17434
-7084
27388
14960
17044
-23815
24474
25761
-13422
-24415
10411
29861
16334
-31043
12953
11817
18454
-24679
17222
25779
6976
-2091
-12417
-28523
24084
10091
22857
30299
13688
-26841
-26263
-21228
7399
-20049
-4098
29809
-4861
6366
-17839
14553
-28228
-31076
12554
-27403
21772
-6020
-2616
-14362
23919
18273
-30239
7076
-10454
7591
-23003
-4863
32603
10516
-8283
-8263
32562
16519
-26199
30262
-25621
-29597
-1877
2464
-24123
-23511
26734
-31565
13932
-24118
20596
3438
20265
12777
-6654
24060
17824
-11
-3483
-156
-18555
16164
26806
-5051
-15899
-31073
-22403
-23793
14459
5410
-28046
-320
-1348
-6115
-20666
1024
-22250
