24128
29722
9418
25383
208
26878
-29911
7761
-3494
30130
27652
18170
-18207
-21459
5665
-30562
-6875
12744
4824
-7663
5200
23670
-8170
-32011
-7854
-28583
25732
24179
-4884
-9731
1317
1917
-28420
-20460
-29026
27559
14093
-4806
23033
1512
11299
25183
7856
22139
-15104
8365
13914
-3802
-18508
3506
24201
-26250
-25623
29471
25348
-19065
18103
-80
-16160
-26920
-4708
-597
16308
12232
14895
3429
-24131
9501
-29742
14841
27162
-28736
-3937
26954
-15652
-19630
-9849
-5674
-6549
-833
-7781
5799
-20423
18082
-4687
-16849
30718
-32168
-8491
-7278
8182
5544
13230
-27995
3916
-22284
-21589
-959
11646
14549
-502
-16166
20497
10992
-10690
-26170
19059
-28339
-12883
5462
18299
-9032
4933
-28014
25909
16290
-25283
18073
22677
-12415
-14734
14886
6919
10810
-26557
-17588
-11001
26891
