-4712
1647
-11327
13422
1004
-26808
7870
1485
-26313
26311
-19072
-30267
26804
17268
-1418
-4659
30715
12684
12801
1697
-12877
25993
9089
-28550
-23473
5877
14033
-27193
-9525
-16058
-10981
-22708
-6149
9567
1641
-5596
-15969
-2920
15870
15983
-13235
-20925
-20643
-11838
5253
3711
-2974
-19630
-24926
14370
-964
23942
21174
7135
31790
-27110
29622
16230
3411
8143
6080
32546
29587
-21883
19109
19735
-9079
22741
12272
1514
31027
-26376
-27014
13445
17763
9783
-24947
7886
16876
-29622
2825
15739
-19910
11021
20933
19637
-21837
-22022
20941
-22115
3239
27867
625
9586
-28817
16670
8832
22393
-13117
-18653
-28243
-12298
842
10571
-20109
-20228
-19034
24126
-28087
25098
-29634
22520
24996
14481
22196
25469
9525
17841
25192
30196
28338
-5465
-32483
21451
14627
-28916
23906
-7975
19700
-25711
15861
27752
-13276
10243
27873
23724
31606
-15255
21709
20854
-31411
-2092
-21445
29478
-2041
12363
-12456
27491
-6138
-26625
-22481
-1317
4451
14494
7411
-15131
24359
-21002
21675
-31585
-32541
30896
8269
19794
-19536
491
20416
3024
27169
-22093
-8088
-18907
-12534
-19905
-27592
-18923
24352
-27900
-19259
-18444
976
2346
-1951
31109
-13614
15176
8445
-24294
15797
16008
2540
24822
17040
-27026
4703
-18546
-10721
31620
18767
25785
19609
-26937
31080
21328
-19925
25480
32318
15998
22161
-30289
-17027
-31413
-22742
25584
31114
-22971
-32503
-17722
29309
11630
-16214
12114
-24988
-19342
-30857
21714
16720
-33
31031
-25227
3217
14887
23641
7207
26811
27419
691
-25137
-20731
19149
2931
-20940
-10855
-3731
8305
-14050
24378
13683
18259
-29379
-11585
-16684
18009
15390
19413
-10676
-25615
14600
13970
-9992
-23800
-8475
-27196
-8063
8392
-14377
-4236
-24938
3809
-31517
-10864
-30166
-6037
5121
23891
2909
3079
7590
-21158
26983
22282
23395
32382
9379
-20185
-30554
-25366
7735
17671
-27776
16112
7381
4677
31992
-27187
19032
-6233
-20797
4108
32532
1951
-12509
19134
-1089
11838
-16827
5566
-4213
29600
25263
209
11773
10246
-32725
7464
11281
-27634
-232
-3451
9421
-23122
16803
-7082
-23702
-27927
8757
14604
29508
-31753
-22099
-19248
21540
-3205
-16365
-23748
-20351
13615
7597
-12375
7690
25568
11465
8117
-8380
-9525
-2413
-7909
-10353
-11363
22438
802
14785
-25104
30252
27296
-9159
-18675
-6454
-11610
-24826
12890
10217
-16581
-20215
-4930
25576
-3015
26511
-13904
-29240
16775
-19407
9350
5150
-13080
-22358
27909
2194
1524
-28139
26862
-16604
-8132
-3260
4137
20911
-28273
20569
-7920
26391
19897
8483
7768
18484
-4651
-19550
-24053
-15309
26542
29327
13453
16786
30667
13414
-31582
22333
15922
-7939
-30212
4419
5437
-10701
-32708
1571
27201
-26542
-14615
-4592
-23726
11298
1986
27643
32635
-681
-12465
-30861
1570
27881
14623
-13034
28614
25477
-25569
-18534
30296
28493
-1114
-18851
13311
26188
-29181
630
6012
24546
15105
17920
16320
-24444
21284
3333
13934
14287
-7875
32519
-26318
20278
23198
17181
-4911
-22394
-24594
-26235
26938
8073
-9035
28269
26749
-26075
-10571
26587
4287
-12582
-22501
1005
-4367
-532
-32730
887
-31789
22752
21237
29618
31684
-175
28662
23274
14515
-12789
5669
-7691
-15074
20333
-663
-1207
29093
-21303
2578
27284
31241
-24242
-22120
15667
15108
-26989
14140
-3568
-2411
-23866
-2048
28383
10116
-3546
5335
-2585
31177
28249
-8171
1510
13544
7906
21131
-4357
17523
23023
27149
-16519
-13957
-3044
-5494
2921
15800
-14948
-28500
-28011
923
21599
-7109
-19744
4263
19657
3300
-3555
14202
5345
505
-20882
32200
28068
-147
27226
-13709
1049
10462
2346
-3834
17646
23813
-30860
18074
-28333
24671
-7420
-14210
2160
-23662
4705
-26416
7620
-1286
722
-30257
24977
29525
-13323
5411
11257
26859
-24397
14184
-30161
-15753
-8396
-10768
22448
8497
-18139
-26269
-3186
10959
8219
-17976
-3283
14477
-18624
-17252
-10731
-13449
-31858
-29264
-31139
15564
-28815
-18099
23993
29401
-25403
-32569
29791
-9020
-14524
17867
-17058
16316
12398
-9371
21511
-2836
12872
25887
-31025
20193
-6728
15807
24161
-25162
-1740
31841
-31769
21958
-6572
6844
-12642
-4116
11041
14305
13004
-27383
-16727
-25689
14464
8118
-17569
-9056
14463
28197
-24453
-21754
-6066
-2902
-29056
-7480
-31868
18264
-13341
10457
1397
22606
4026
-4960
3238
-21856
2865
-32193
-20466
-15767
2390
92
-25472
-11723
-10705
-29459
14687
8701
14969
31521
-14578
16143
-25476
-21220
19527
19182
-20678
-8968
4316
-821
-8923
6342
1526
17159
-10420
-17537
-10464
-26742
14789
21775
-18228
-3987
9103
-32672
2762
19234
-31968
-27513
-21475
29412
22167
11492
-19773
-25151
-20012
-5021
16667
-6164
8823
19335
-4231
-23046
-21644
28415
-5069
12395
-3455
-4494
22421
22599
-6186
-28754
3350
8205
11426
-31536
-29565
-18820
14122
-30782
7743
29800
-29215
23829
12772
14928
3710
8140
-13676
-11626
-8846
-26944
-18411
-32069
-7245
-20827
14032
-17787
5348
21170
15078
-16396
32232
-19934
-19295
-25095
-27814
-12105
5855
20843
15703
-20598
32668
-7510
32303
-27666
22440
14916
-8303
21008
2281
9102
-10740
18996
20127
-27969
-10762
6386
24798
-18577
5688
-9930
-29388
3865
-14241
-20603
-8933
-4613
3869
28383
-28457
-22286
13040
6139
1120
2451
-3288
20968
-16369
-21775
-20744
-1915
-21933
-12554
-119
17588
-28853
-30291
21727
-14575
967
2499
-8560
1145
-22872
-19035
-17954
4206
-20949
4183
10092
-21077
20087
-11155
9796
12050
-31104
29283
-24841
24257
-25650
20513
3723
15368
26168
-17259
31693
-4132
9001
28415
-16552
23283
23368
-10763
-14967
-30802
-13418
29453
-12848
-21492
-16264
-9191
-4263
19070
7004
9685
-1218
21875
-24349
-29620
25127
-24603
25049
17160
-15970
-11899
15286
10773
24901
-13212
-25998
-1031
-28211
7621
31529
16768
-27122
-30828
-3319
20428
-2168
5118
1193
-32327
25742
10222
19491
-20175
3024
16835
21997
22720
13023
3953
23967
4975
-11361
27460
16699
5496
-31797
22203
24827
30848
25221
12102
-9370
-4479
19884
-13256
12228
6170
29763
-28178
618
21473
18506
25861
-25893
585
19894
30372
-13873
24464
-2189
-8912
-3567
16042
-24104
18532
-19363
26952
-30867
-9930
-27465
21637
-9982
27733
-9067
-17072
-20902
-4347
27103
-15695
18791
22443
24927
-19014
31013
3110
24800
-29275
-2943
12204
-9778
19422
-13861
31851
12572
26438
12646
-8682
-18314
18989
8123
14041
-14257
-5391
-3262
23399
2112
9450
-25248
31451
-6884
554
31374
15256
31155
-15947
-15021
593
-5831
27764
-22240
-11522
-23588
-25226
32430
-8719
16133
14859
783
29212
-31700
-1618
23317
-15795
27615
29949
-30475
-20942
-15760
887
17472
16312
-28144
13454
-32584
16383
-7515
-2833
1793
-22692
16681
1720
-4536
-26566
2589
7957
-583
-16027
28534
25130
-18763
-4636
-7630
-7023
13311
-17095
12501
22202
9895
20333
15275
5653
15273
26710
23654
-9486
-27978
29069
-5770
-7555
-27371
1988
-6191
21582
1293
12255
-15413
-464
15687
9430
1503
20589
5122
31481
-20128
9374
25771
-27959
27419
22946
31044
-6786
-13056
-30645
7088
-11234
7815
30518
-21945
27791
6376
-26385
17957
-25726
141
-11906
-24237
17207
-13793
31542
13273
21384
30832
-24526
17682
-31580
3128
-569
30231
7678
-26695
-9202
9032
17744
24771
18464
27948
-23073
-22324
10119
25118
28095
885
-6934
122
13402
-32300
-414
-11178
30761
3347
-16864
28946
-27990
18499
7604
-15318
-16166
-22609
-3010
-32018
-31584
28657
996
-27937
27573
1132
-6620
23106
22563
-31028
21940
-28298
17029
29823
-14204
-25669
13536
24441
-30968
-16148
6174
-2814
-3412
9777
15002
-17328
-12382
-20224
-3604
-21191
8665
-3774
-10923
16
20208
-4667
-4896
10271
27519
11133
13771
25985
1286
6114
32091
11291
2084
2030
17270
-21792
-13051
-32574
27264
-3974
20124
8645
-729
-17243
32622
10997
32143
3162
-27472
21182
24482
-26405
13634
-1123
-10004
-21522
23818
-30016
9633
23691
1294
-18075
-29810
-3833
10741
4277
-25182
13005
-15489
-21538
-22792
25161
481
-3961
-22303
-1400
-25329
22035
26376
-16360
-22580
30228
-25985
11679
9110
32236
24114
24523
32724
25072
24419
16920
-29927
28064
-3422
6611
-7067
1122
-18785
6151
13591
-18538
-13468
15711
-1065
13587
-19136
25917
-20968
-14187
-958
7750
-972
-31056
-14673
-19102
29300
31389
2674
-15932
26064
-8853
29319
27995
-4895
24048
-3449
-18068
-6957
-25493
-21682
-8382
-17533
-2177
3524
-10295
-20847
14420
-14827
-17040
11183
7997
-7262
-15039
10045
-3005
-7506
-17184
30604
-10347
5899
-17017
-14817
-12527
-12312
19599
-28245
22707
2293
21119
15941
-12275
-16621
-10178
5310
10345
-7236
-29882
-13573
-22734
19418
26051
640
3692
-22911
-6664
16420
14894
-14365
29382
23149
-17946
-26864
2783
12033
-15487
-5297
1189
-7760
5188
-12407
-30099
-11130
13785
2944
-20925
-7635
-28601
-24184
4089
-23223
19181
-28122
-20014
31762
-32710
-13964
17692
-31301
21602
27508
12645
3728
11853
13448
-14331
-20018
1512
21132
3606
-2147
17336
-14691
-23081
19635
-20814
26598
-30864
20988
19103
3848
-2275
-18699
17346
10410
30778
-2563
3725
29015
12321
6154
10710
31789
-29565
10806
12675
-24074
-19135
13177
18323
25207
29232
13794
29678
-22149
31919
-14779
-6634
16374
-448
15173
-24558
-17202
5354
16531
-17269
-32584
15150
13452
-7777
-29022
30132
17707
9588
-23814
21552
32030
-17015
20577
-22079
-26939
-15534
-16157
15068
-15504
-26182
5436
32521
-26563
-30248
-20844
9952
-850
2159
-6676
24074
1915
27885
-27323
32467
17816
14183
-12982
5719
-16257
26174
32634
-7979
-23524
-12955
-7384
29930
-8645
26445
24501
21325
27156
9990
13661
-32178
-27215
-3195
8658
-16680
14052
-21548
11215
-25154
-25674
17464
17436
-7059
-22017
-14576
18628
10299
-30632
7241
-9497
-8347
-6942
23615
-715
17572
29377
19661
26283
24348
31610
27131
-25211
-3518
-26285
-12267
20624
1710
31061
-8029
-32091
-23264
-29552
-8570
12116
31755
25785
-19961
-26050
-20023
-30613
-29937
16756
-3406
-7555
-14586
-30315
20824
-12317
-30334
-12642
-31504
-29735
-26491
11528
-7451
-26435
-23751
21564
-29140
9720
-18932
-1328
3191
-31442
7129
-12572
-1033
-31863
-24856
-6997
-14197
22657
23906
-27341
-22177
-22926
28658
-3332
8560
9808
29059
13373
2157
2545
20112
4404
-11906
16134
9109
13509
-18855
-22527
-15626
-22168
8653
28642
-9823
21435
-10871
-24586
-23273
23974
4402
26796
-26765
27821
10256
-23264
-1473
-21172
7113
11461
17891
15323
-20168
11075
14930
23612
8908
24701
3481
-1469
31067
-15500
6084
-32755
-27443
-29171
14254
8525
21426
17320
15630
-31183
15492
-7987
14843
15438
-5839
851
-5798
-16491
-28510
-13748
28400
11437
-7528
20376
3864
-8549
20050
5281
-9848
-31257
-17967
-3090
2529
25743
30931
31539
-12252
19708
6632
-2620
4559
12607
-26072
-7740
-22013
-23551
-22171
10371
23507
15621
-2419
14538
-21802
17597
-14495
-11658
28720
-20854
-5281
-23461
31027
10921
19546
-32738
-10870
-26100
9665
6623
31785
29817
13125
15289
-11170
-31714
13592
-27936
26110
21431
-14714
17075
24586
-1206
-32272
-3623
-24654
29919
-29112
-19781
22067
17798
11062
19494
18275
27611
4644
19275
-14877
-1964
-22068
26555
27971
-14195
11942
-4800
-11199
8728
-30459
17561
-11442
-28707
-28481
31175
-21526
-26175
-10666
26545
20809
1954
27965
-13465
-8788
-7887
8794
-31372
-2554
-3654
-19665
-16494
-20564
-29730
17276
-3255
-24571
-26347
16373
2299
-22584
267
-194
-27109
-4725
-13129
8674
3070
-7082
-17756
21846
-21972
19495
8105
13706
-23692
16770
-4885
3563
-10631
13512
7368
-20767
-32307
-30712
-29079
28728
-30518
-30750
27976
-12869
25942
-21089
31368
3942
7508
29287
-5955
-32693
25659
4995
-6939
22753
-26299
-2050
21311
15127
-28796
21662
-32445
-26250
2800
22196
-31597
-6470
30044
19479
24075
-19172
-8128
11841
11501
-32090
28526
15363
-4280
24174
-15008
-17374
-3203
-19996
11354
21392
13493
-29856
-4992
7089
-32399
-30680
21837
-4878
-1382
-19788
-25231
31986
-12724
9785
17267
-7140
10404
7128
12998
29510
-29328
-3955
-9095
-25508
31752
14450
14846
8194
26486
-5240
-27760
7474
14026
-5908
-6812
1166
21277
-25155
27192
7695
-16064
-28827
22952
-12210
-24137
30628
31170
-9001
-19053
-25462
8931
19079
-16432
-25463
-12547
-19407
31701
27312
-26006
16970
-27291
5886
18805
-20158
-6469
-24095
-25241
-6517
-8943
28408
-31926
742
-7100
27077
30241
29853
14401
27474
27270
-18532
-21340
24695
-14440
28314
21398
19576
-1370
-2143
-30572
6240
-25328
27953
-577
2312
-27316
-27663
14059
6371
-26756
-25796
-16999
23805
-23847
6195
-3476
-10446
17719
13767
-9585
-26871
22420
-14012
20854
8977
29969
15871
23369
-27560
-11505
16222
-8821
12875
-5837
10428
1577
-10730
-31577
2517
9341
-3594
23313
7403
-12268
32308
-12881
8877
-12941
-9882
-29049
-22181
-14878
-17439
26256
-10874
-31766
-23596
4511
-24422
8227
-23753
-7417
-16152
-21275
1098
3465
1309
-29821
27411
-17068
-910
1506
-10068
23849
30384
-22140
2526
-26726
21070
26362
10365
-24915
-16148
23681
1913
-4837
-8164
-18410
27278
14538
20439
-17233
-14547
-24618
-28884
-16002
21697
11226
-3801
4427
21658
-17128
25607
5962
4937
17557
-7566
-2905
-26594
-12586
-12976
18063
-1184
22526
-1502
-1815
-7137
-4384
31610
-18261
-1894
18431
-17209
-12902
21422
-20564
-22090
-13574
-4763
-23060
12812
14845
13209
-31431
-6113
15869
-6961
-10031
-2950
-17428
-10889
-32377
6534
3235
-10439
14415
-25343
-27662
-29989
-20567
-23454
-9221
4778
8016
-9513
11468
9036
10095
-26051
29016
17784
12514
14527
-5501
-17975
-27430
-9704
20492
-14709
-16262
-8899
-3128
-24583
-18284
-5395
13017
16697
3494
8897
10523
-15877
7115
-17838
-19865
8069
-7454
-30153
-25354
-32659
25821
-1694
3953
22504
-24475
23979
8768
-12883
-2643
24308
-9253
28150
-25512
-4160
30343
-18021
14728
-12472
-24480
-30197
-24464
24105
-16133
-7377
-27878
1673
21929
-12645
-27679
17668
18046
23662
8583
-3522
-29520
-12047
4282
21218
5179
8727
-15970
20740
3598
-19179
-5208
-25388
16604
-19424
-242
-397
-19814
14023
-25558
16306
5150
-12272
-13931
-28030
-21552
22565
-31006
-30102
25067
-12621
8579
-14100
22554
-25097
-28178
6229
-4730
-13892
30081
10854
25495
-20220
-2506
-8164
-15462
-13601
4696
31905
14670
-6512
-6354
6197
21696
-29025
3555
3081
-28963
5256
15750
-18991
-24218
-31835
-10566
-17826
19394
2367
30938
-23100
4943
-2124
-13178
19405
1556
-9818
7736
13456
-18598
27092
-3679
7277
7489
32608
12866
-20018
-8305
-20001
23786
-3111
27677
-16843
5455
25537
-23486
-9008
-3416
-7103
14462
6836
29633
878
7866
26850
-1493
27525
21078
-17072
-17602
24439
9389
27708
-20805
-17379
17981
27768
-25354
3888
1562
12174
247
-17842
11853
-8881
-30720
27859
22344
1804
5231
-12723
-27174
-9360
8689
-15749
18516
9824
31642
16687
15097
381
-8312
19328
-20312
-30860
-26951
-25396
18500
-30048
-25635
2236
26536
-28162
-22946
19502
17887
-10438
32160
22027
-22017
-30117
-17363
-13114
25282
-242
22201
-23123
-6386
-10504
19643
-25623
-24689
-1574
-9885
25326
10662
15628
28254
18636
15016
-7604
-26312
22414
27573
27398
-30209
-10580
19661
29437
-7842
18302
31795
-9444
-20638
-6316
18920
5653
32515
5739
30853
1193
25070
4745
-1721
20767
-16313
24540
-23960
-10340
9095
27630
1372
7029
19836
5993
3253
1326
-23348
-30784
2164
4065
7093
9398
-1445
-17950
-11114
-29194
-10017
-2361
6218
5842
-20716
2464
-18050
12206
30011
22105
25010
27246
8669
7469
-24336
18049
-22329
-2173
21293
-30954
-3141
28351
-6313
-4642
31799
7882
17104
-4249
16387
9570
-30987
-5825
-10605
-9575
-12831
-11073
-22021
-24816
-962
25336
-26937
-28600
14588
-31115
15831
913
15641
13340
26866
12955
-18954
9424
-6758
12113
21547
-27217
27388
-30159
-14116
-31844
-19285
-17186
3892
-5986
-30895
17537
-23756
-11049
-20714
20810
22607
-7103
31146
-23480
-12171
-7455
-21369
-13592
4234
2329
6821
14520
30290
-10870
18648
-18174
23054
-30271
-32209
5632
-27735
-26393
-23159
-26301
-4598
10350
-10009
22186
27493
31453
-9199
-13875
-16642
-30552
5522
1081
-3871
16003
23237
2876
-15170
-3180
2274
22318
14994
13105
25235
-19460
19039
3437
22528
7507
-32648
29854
-27235
-5766
97
-581
-21354
-1570
30521
7315
27630
14959
23233
-18316
-16516
13874
26247
-22944
17012
-19293
28352
31505
-31687
-26002
-7588
27226
-17193
3409
1815
14290
30475
32441
12303
-21147
-15319
2191
-12052
-9369
-29457
-5723
-23267
20936
17546
-4932
-19798
-20039
27562
22116
-13070
-2664
16325
19463
12819
-21626
358
20097
27006
-12904
-4073
15856
-11942
529
31698
-30147
-28499
-13150
-12804
-17482
-18203
-16878
-21008
24178
-10863
-11599
17426
-1612
-12914
-3836
-16855
18292
4200
-3778
-10809
26078
-950
-24664
-17960
13470
4586
-25301
-17516
27213
23413
3385
-16092
7867
25254
-12188
11128
-8446
10761
-16911
19904
23436
5854
-6852
28795
6634
-21438
7532
466
32704
-16307
-633
-17943
15136
-21308
3562
31421
6001
-13648
-17887
18231
-7706
6477
-15223
26637
32442
-18301
-6831
-26606
-16920
327
-15682
17768
5568
11314
10265
-260
-9994
-17343
-1751
32317
-19338
22354
-18184
21560
-29401
23304
26594
3110
-20454
-27937
-21827
5468
-4705
-3062
13452
25804
19533
-25926
20194
24143
-12253
-31669
-16375
18430
30841
-29149
-1428
803
31083
11535
-16850
26529
-21782
-27338
17254
3062
12574
-30964
-8954
31786
-29496
-1590
-12174
13972
14203
-19675
-208
11146
12955
-18242
-744
-21318
29963
-29462
911
16822
17451
12632
-15795
22916
-2625
-29254
-16863
-8878
-8060
-13227
-28701
13447
8097
-19672
29913
13372
12544
-19435
-6232
-613
29406
25259
17778
28173
21978
-16488
-9337
-23997
30275
-1744
3363
14478
-26465
7966
10502
-21755
-16249
-17270
12490
18424
15087
-9046
641
13138
-17518
31263
7435
-18645
-15867
2820
-25519
-12585
11913
23487
-6966
29698
10329
2170
5572
27120
29510
-7297
1870
-9966
-15059
-16136
9973
7410
-25256
21646
-5322
-6095
-16061
29032
27400
17256
12279
7491
26648
-12418
-19160
23829
-6636
30822
10000
-7147
22220
-8427
-792
18738
24709
28084
8583
7672
22565
-25283
32044
19787
7797
12435
5153
-20624
-30689
15103
-26293
-6119
-22394
840
-1237
19273
20165
13990
14075
4194
-12807
12173
1024
-3683
-26798
-10539
-5015
-6044
-32469
-25975
7858
-25503
14900
-11398
-27645
20049
8044
15024
-15109
10568
-29110
25085
8661
-31569
-16576
-8179
-18208
6036
-20374
-12475
-1253
-3644
14654
-14825
26015
-31677
451
23641
-16743
22972
-3811
-24188
865
-13943
15142
-3672
5281
-9383
11821
-17710
-15844
13397
14657
24030
-24671
29906
-16388
-9783
-25934
19382
-29500
-31403
-15083
521
-7810
-10848
32282
1205
16951
14914
8253
16637
21370
-15773
15093
-8264
28062
5458
28320
17159
30700
21876
30147
14924
-6115
-13037
14179
15521
27476
30515
160
19006
16341
-19030
-14989
21051
11091
12207
30201
5623
451
32579
10751
-3023
32640
8251
1103
14892
14975
31004
2579
-22080
19537
-15440
7267
17580
30440
-23703
-17421
16541
17626
16771
2615
472
-29444
-10655
9039
19154
-945
-24069
-23131
31043
11748
4955
-17362
21782
-29111
-18480
8981
29326
-32003
26345
8283
11843
25218
14017
-301
-4606
11115
18727
8706
-17661
-907
-11439
-22780
12143
-10939
8833
29775
-4001
12182
17012
-2169
-32744
29274
-3966
7711
-31918
-19952
-7728
-24029
-9607
14025
-15813
-24591
-22872
-27113
16526
-12804
32306
-31900
-23146
-6038
5926
-16561
-32600
-11190
-9799
14805
9600
-27858
9669
-31058
-16326
5391
19499
-13055
-28872
28305
-20497
1135
-961
17420
-19055
27844
-19174
-4442
-17067
-31387
-26726
29823
-27515
-4612
-17882
-9416
-22098
3248
-6684
20210
-31113
2506
7846
23310
-23293
17306
18516
18255
15994
-25619
-30230
-28022
7323
5248
29946
10919
-56
22025
2169
30030
-28533
-8371
10183
30587
-12562
11469
-32211
6411
-24764
-512
-9736
30750
24247
32611
-15470
-7469
802
19656
12388
11469
14773
21992
-1929
7647
-15310
-20398
-25808
23955
9566
1740
-10666
-29250
-31772
-10693
-17351
9891
16558
-3074
-14959
-29706
19339
12162
17598
24114
-2585
607
-6887
-309
16787
2707
-2288
-3180
-3323
-11795
-15652
4062
-13730
14496
-25666
6192
-20902
-28422
-27157
-29194
-29658
32193
14317
-28175
-24733
-3740
2013
-2543
20984
28841
27283
14690
-14766
3890
15035
-3593
-17140
-27483
-12606
-29535
-3906
-8219
-6842
16309
10107
-5725
16540
-7091
27793
25921
-10559
-6582
10050
-5920
28103
-28125
10039
-3360
-1169
-3474
5313
3086
22629
-31273
5490
16712
7334
-418
-27658
19393
18781
493
15732
32575
22543
-10950
-5386
-29031
9991
-11810
24796
-32444
-3173
13319
6498
26901
1293
28131
7052
-702
26295
21590
8630
-22116
2613
22043
-30119
-5044
1217
-18548
-9436
2732
23687
28255
32347
-23696
-11548
-14611
-16389
32603
15020
6128
-4719
-16664
-13556
27738
-829
-24859
12115
-22744
30734
31807
-8311
3931
-3578
30027
-6731
3407
-19499
1022
25250
6784
-27730
25605
-11023
88
-25312
23636
1313
12057
5508
2860
1478
19139
-14998
-14839
-28194
8039
25985
-4433
-1683
26181
-26631
25784
-29002
-21781
-13539
11193
2263
-16818
23855
14479
10128
-29815
-23683
19227
23610
-11458
-13940
-6343
21868
32613
-17395
-29219
-26857
-23907
-13222
6663
23762
-18834
26255
-4973
-6319
-898
-21108
10895
23680
-17615
2211
233
2927
-20201
-30327
28663
19682
11079
18758
-9735
-21838
800
-6041
7173
1836
-27745
7008
28609
-27277
22157
-23446
16850
5414
21599
4739
-5758
19138
-5509
5632
-1849
296
-25494
-19780
1246
4048
9776
10157
23324
-24537
22056
3808
18078
-5104
-26962
-18212
-21728
-20511
10430
-4856
14929
-27159
-11115
10557
-32605
-13111
-28031
-30453
9573
28442
-4694
663
-21091
29435
30576
-11931
4086
-20622
20245
6168
27586
-9153
4671
-24284
-20690
17515
15877
27544
19356
-25086
-14806
-28236
22082
23718
14329
32219
-4286
10197
2837
16704
20990
-24128
-32130
30581
13803
-13107
24147
8128
-28220
-4657
5145
867
-32738
12905
8523
8447
4012
-16194
21996
-19841
-10075
-29939
-13636
3165
-7207
28504
-18613
-1837
-25552
11324
-9896
-32450
-7919
9606
8833
-24161
-3831
31704
-18858
-16
-849
-21962
21617
-5049
6114
2758
822
-6640
-30572
16630
-14229
-7267
5396
8403
18296
-2472
-22866
4948
14748
1140
32062
177
-2033
-18427
28930
-13508
23254
-14078
-23846
-28876
-25482
22879
-27934
31609
-10184
-18470
25854
-21525
-6597
-15405
-4739
16738
28666
-19243
-28378
19551
-13282
-18404
9732
22245
28861
15467
10691
5054
-14462
12448
-8523
16927
-20814
-6395
-12788
32580
-23887
-10075
32764
-4605
-782
-8754
17657
27982
-24958
-17559
-32628
-15625
-23148
30526
-18852
-27700
-3343
24203
-32300
-11372
-16589
29049
-1981
2045
10135
-25845
32460
15026
-27135
-8322
14449
24348
-21733
-3208
-6351
11894
-2474
-6505
-27721
-12991
31878
20752
-27522
-7927
19863
-470
-5943
-15904
23706
16184
31651
-11922
30594
17264
-6966
-10488
9767
31500
18738
4408
-2961
20886
-6060
-20819
30902
-16358
17396
27294
4149
17180
-25429
28556
-15515
-15270
-20572
-27342
-20614
11476
31016
-2315
-778
3217
-17185
-21479
-27947
1404
20146
-32103
15928
-4037
11709
-13385
-4410
-10539
-7557
21289
31306
-20038
-26108
21416
-21167
-16551
-22678
13827
-24716
-24928
12097
1401
14519
3411
-9770
-27538
23612
390
14729
2848
-31019
24904
25974
-17265
-18032
-16749
-13621
6856
-30855
19426
-16715
-27705
3838
-6650
4779
-10514
5274
3868
-30368
-13310
-21956
7870
-27688
-3920
-1779
26326
-31648
6271
-28227
-26836
-30422
-9152
9575
18561
3481
-7177
-22518
-4757
26087
-26599
17241
2313
-25717
-29905
-20931
-32050
16579
26133
15620
-31852
-20670
-25381
-14038
-29678
29967
-3620
23019
8748
21143
28914
30627
-31384
-12514
-3830
-12228
-12343
9602
5320
-29827
913
-16728
9674
-26699
8552
26358
28494
6307
6031
-15050
-11604
-19719
-3588
-26672
-28174
-8899
3199
-24364
29185
-11978
-15547
-3685
1389
-29519
-2156
696
-3177
4927
29204
-20047
-8657
27268
-17046
-15973
-951
-21114
-16358
86
-6811
6525
25366
-15667
14316
-6670
-4677
-29514
31010
-28822
-19727
8844
15401
-28318
3947
13352
18653
-6911
26239
-29339
32710
-4113
-27294
-9070
-6404
6983
-30235
-134
26370
-8840
4829
-1609
-24946
-29383
-28940
-6694
-17471
-12157
24197
14951
-193
5678
15309
-3040
-8553
891
26339
12805
-15579
-4512
-31032
7547
-7818
6280
3259
26867
-15609
17155
-4108
-22554
-11039
-10722
-12665
-25451
5448
32510
-11154
-6735
-13313
-21757
-16203
-11832
13669
12220
-3019
-31902
-14452
-5875
3897
-31010
1481
-18368
12305
18296
-21401
-18872
-12724
-10857
355
-25094
-14682
21426
14816
8264
-23854
7842
1523
-8947
15643
16031
-31394
-12466
-12742
-16737
-22423
-611
21824
-5051
-6904
24495
-26992
20195
-21313
24403
-20262
9988
3251
-8479
-16276
-23911
-8145
-19766
30220
-26057
32472
29468
15129
-15952
-13307
32683
11094
-8339
2904
14668
12428
30758
-6083
-10425
5385
-21975
19860
-31371
-8763
4714
-18452
11998
6408
23100
-20840
21370
-5732
21301
27920
-6844
-29464
-200
28752
-15254
-32097
-7763
31403
27125
12834
-3350
1060
-17801
-28738
-19679
30729
-7331
19900
22519
-19102
-32161
7232
28959
19065
-20927
13482
6025
9952
-4174
-8802
-20913
12239
14730
-13392
-4189
-20924
24097
-22089
-13921
-1259
-27365
25841
30613
-15011
17381
-18820
29822
-6151
-4068
26313
12060
12428
4330
-7384
-9878
-27960
-2007
9576
19221
25830
4294
21896
23500
-14457
-20725
-3607
27193
3490
4508
-12258
30894
-14483
-8285
-23787
30075
-6245
-12454
14255
6609
1583
-28692
-181
12827
17298
15427
3916
10583
4549
19505
-10101
-32040
22846
-28844
-13588
7244
-25635
-11216
24775
13079
294
27882
13337
-3392
-32591
16155
-4867
4368
-17008
25595
-29207
25560
14895
-18121
15648
-11688
-2075
4759
19561
8038
19402
5617
-3807
-11914
-27693
9036
-11177
-22648
4944
28545
-16438
17481
-30903
-22329
-27235
-10876
1242
307
-1553
5579
12993
-9622
-21196
-8776
-8356
14717
3310
7119
-4835
3915
11780
32651
13862
-28788
-6935
-18194
12864
-28428
15730
-23179
18539
14103
-15696
6692
21622
-2754
-27024
21269
-14006
-9500
1707
-29796
27522
-26189
18795
9700
4704
-16635
-31350
-14074
-2344
-23620
-3827
5739
22543
-5494
-24489
23579
6761
-1948
-13106
29999
-20676
-23536
-30316
9528
-17969
21842
-13862
-7842
-32418
30850
10623
-32269
24302
-8359
11429
4040
-11933
1439
30282
-29346
7391
23601
16700
24828
5086
10571
32245
-23300
23352
-26230
22623
30543
-27486
30453
-7319
31890
-11359
31628
-32582
-9142
-29127
28214
-31757
-8402
13737
-27294
3084
17928
-25545
-3037
-22803
-25281
26556
-10406
29795
-19886
-18762
-5327
17789
-11274
-26806
13499
27520
-29870
30368
-7262
9155
21976
32221
17472
17359
-15021
23976
-30676
12573
3726
5354
-5952
14448
-18589
13866
-30336
8430
-3583
-4274
-15488
30570
-13261
460
11308
542
-11369
6455
17791
-15311
-20769
-32634
17643
-3626
-14331
5691
-28964
30390
7219
-13538
-9917
24182
31457
-20311
16133
-24947
-5956
9292
-4937
12101
-30960
9040
30499
-6546
-9378
-32493
-25258
-29569
18188
28782
6539
-18554
-2981
24855
19705
-22610
-6553
-23708
-11329
-16600
1299
-11292
944
6981
8869
-8371
-5027
9347
-29548
10859
8406
32316
-19644
-1140
2236
-18239
17383
10301
-9820
-7332
6969
24206
-29047
4381
25208
21468
18455
-16235
24220
15627
-6271
-2315
11411
-30030
-13941
28430
9331
28354
-18455
22685
-12779
-24719
-10281
-7436
-4441
25020
28752
20970
23503
3792
-7807
-7950
-10732
11529
20251
-10220
-662
12922
-12155
3708
-4953
13838
12182
6879
-7108
-17446
-4060
-27362
13016
-13606
-18355
4207
24367
8019
1120
-23176
8752
23723
9337
-24834
-527
-198
-3270
5110
32613
25377
-23957
-7243
-28133
-19552
8462
29445
2354
-7452
2553
14541
5064
-18560
-23948
-18715
-13823
-13385
-11588
1939
18692
-11768
-2923
-22984
-28670
-404
-31255
12856
8750
-27465
30696
-14325
-3052
6208
-31765
20116
-10975
3682
-6785
17675
6852
-22221
10362
5539
-23031
28346
5775
-2309
32484
-27511
32241
20584
16188
-6924
15845
-2133
-24108
25907
1544
-4184
-20983
18506
22288
-31938
3829
3166
-22401
7635
13982
14191
-32132
26663
31442
25761
-9727
-2149
11704
14694
-15882
-7816
-28590
4914
31683
32669
1896
-18682
26916
18459
5134
-8728
17851
-5031
-4961
-12689
14632
-7880
13776
5037
-26917
-21647
4906
-18056
-24430
8211
-669
31859
-26323
23536
13256
31313
14151
-2647
-26985
-17773
-26695
1851
12433
8534
-18292
14007
-13308
20866
-12537
24225
5184
23645
30208
1213
26867
1112
2835
21068
-53
14636
28672
-7380
16534
21416
-3583
7777
-9302
14081
16339
-25381
-5942
6298
-17391
-28372
-18464
24379
-31987
-5693
20649
-19155
-9416
5389
-20874
-31612
-2377
28808
10178
-21559
9779
9470
-881
21127
30801
20671
-1946
-32429
-23924
26927
4972
-28560
-28292
31079
21604
-3444
-1967
11772
20363
5416
-21414
-30313
-22919
17429
10517
18462
-28293
14033
31549
2531
20184
-29279
14564
-31813
-24294
12751
22288
18516
29660
10339
10244
-21216
1945
4837
31277
21879
30751
4461
-4404
20303
24100
-26115
1683
2053
10182
-9584
-15992
13263
-17583
-21211
-23132
-18235
-16314
-1775
9512
-13639
-9867
-20158
-17978
-20129
-22414
-7325
-7191
-31234
-2661
29299
-7233
4644
22663
-29310
11623
10132
13290
22449
18551
699
31727
-4439
-17133
-8042
15697
-9117
-28934
28511
-10275
23697
22587
24207
-16455
13697
-20219
20795
2365
16208
-14883
-19169
8119
-2575
29603
-25845
-3766
23221
-6461
25718
14025
31489
-31292
25447
-24157
-23341
3528
-7064
16800
12003
2646
23410
-25891
16867
8717
29827
29129
-22709
11606
-31942
31068
-10745
14598
19716
-15849
-24903
27567
22995
-9013
2156
7013
20619
-9886
24209
-20650
19650
11005
-8289
-11247
-2776
18877
17971
-7439
-26130
-12869
-31304
1339
-24857
-28700
16163
11361
4924
-20930
5708
-29826
16836
2981
27866
21051
15093
-2003
16359
-8352
18673
16546
18047
-5302
11178
-28183
6843
26661
-13157
18379
-25414
-20217
8032
-20118
16924
18909
20294
-1870
-24380
4672
25949
-28560
-19946
-6194
7895
28412
-18060
22539
27420
12232
14239
-24240
-3315
14602
-32129
-20678
-11391
9331
-25977
-3319
3774
-22441
9114
13057
4262
22984
13335
-8823
1548
21812
9549
4055
-18756
8831
-8826
-11
20939
18890
-23726
10977
-18581
24542
-19119
27106
8511
23913
28751
11372
-30669
-32183
1228
-1405
8415
-25501
-22323
-18489
16430
-8681
12821
-7131
-23904
-26858
-9748
-26113
19524
-26486
11811
8412
3636
-22406
-30389
30325
18555
-28245
19879
-8219
-14997
-6536
32622
-18474
-28471
21364
29041
32474
-15100
20984
20609
13820
-14463
7254
22905
7538
5844
-14005
-9085
15724
-12490
-25192
-5657
26318
-13341
-7026
20531
-25752
31855
628
9225
-32264
19252
25361
10671
-26851
-12126
12567
-20781
-19633
7253
-14003
21067
28774
-14418
-31107
-14073
30843
3160
31250
-3282
-22218
-31485
4479
5821
-27325
11521
-29439
-30330
13935
1464
13655
30616
-23795
-18086
-591
-20181
-4170
-5708
674
-22952
5326
30139
11512
13878
-9847
-3321
3281
-782
-28770
4701
7983
12649
-19528
13766
20912
-3090
-3963
-9996
13531
-10389
2770
-3959
-26734
-5332
-22070
3473
-26242
-21049
-30467
17544
19186
-30519
22360
-10846
-26104
-23890
-10094
-8620
5947
18751
16014
-24931
29509
14516
25362
-11380
-22982
3680
-3787
-9822
18154
-4309
-19675
-22819
-21148
6693
-17346
18645
13198
-5157
28088
4323
22472
19394
-19558
-21171
-22219
-2830
3499
-3666
26741
23325
-20021
26701
32709
30935
12975
13732
-7532
31295
1672
971
8904
22437
-24130
-1161
-21775
14573
3800
22776
-1019
-32250
18533
11299
-10531
40
11481
27462
-14282
-2848
-10162
-18704
16277
384
3995
17523
-3729
24598
-17040
21653
19845
30118
28051
-3433
-6172
-6747
-15717
7994
20565
19625
-23264
-14657
28536
24253
-4016
9461
-31132
15647
10249
-16939
-115
-1151
-16608
-27018
9998
32407
-18189
28242
15859
6700
-12762
-15737
1519
-27297
11523
-10417
-272
-12622
21978
29519
-12810
-25013
20851
-22872
30499
11783
7092
25382
-10121
-32298
-13863
16616
-6124
12861
-13033
-15337
-16648
965
-32056
28799
-28892
1328
-5024
-28108
24826
19769
-10104
22627
30453
-4817
-29149
-6063
30219
-19591
7248
17206
-32192
5998
-17442
-21427
-7367
16155
27070
11262
19074
22685
-24591
-13775
1037
5461
4220
-15306
-3004
21045
16285
-19099
-14962
6182
16386
-6309
9820
-11211
-8345
-31965
-27132
26604
-959
10287
5241
5625
-10951
-4768
-13286
-2760
23228
3501
30829
-28766
-10897
-7096
24696
-10915
22621
-14715
-13684
-27307
-17461
-11643
9610
2535
-27399
10726
-28513
13361
27923
-18557
11571
7689
27449
-1023
-13091
-24682
10363
-18727
23588
-12338
-15295
-20969
-19689
-16929
-30990
6271
31314
-27369
16711
7162
10354
-27692
-18256
-8263
28217
2715
-27732
16087
22341
-12669
16474
9433
1086
16613
17422
18529
7979
-3051
-19094
1430
7695
-27614
28688
-3020
-21958
13628
-31711
7984
-24466
-27262
25370
28106
-7895
25461
-8838
27463
-32373
-3615
-23070
2965
-14335
-25748
-10604
-15744
-401
-12726
16541
-24702
4773
3472
14678
-22649
-22016
-1616
25218
24639
6726
28644
16499
-3472
22740
-31077
11823
23895
13575
-2580
-15638
24234
22545
-23411
25406
-15180
-8124
-27357
18209
30217
-2360
8046
29703
-27262
7533
-161
-14377
1439
-24624
-16791
-26071
18746
-15451
-26849
-24459
-1736
32650
-18686
14056
14846
-13313
12249
-7021
18835
-12437
-18904
9314
14990
-12705
25702
10124
22305
15718
30043
6203
16483
1652
20641
-13890
-26374
-10765
22117
2407
-8593
15841
13943
-11013
24873
-28147
-10044
-26179
-13963
-5544
-14275
23495
-6033
-8075
-2301
-12717
13815
2360
-17505
28850
26964
13119
29649
9517
29292
6949
-27441
-25538
9796
15921
28905
28404
-10299
29142
-19811
10434
2381
-7681
-6859
-12796
20622
17418
-12921
3224
18339
-5730
32259
-11486
-2365
22034
-9097
7686
-4243
-15313
-10469
4406
4714
28625
28155
16543
-7592
21849
25907
1833
-13791
-15376
6890
29667
-15511
3090
-17861
-15013
25466
11567
21174
-2630
-3403
-17022
26550
-21324
32563
-30936
23346
11612
26013
-12275
-32151
-13672
16056
-5022
-28714
-202
-14650
15066
-4785
-18555
-3437
815
-31538
-19431
385
-7677
-25744
11826
12197
17550
959
-27273
-19563
-30615
25894
9643
-28765
19761
-25180
29973
-31549
-14758
-10442
18431
-31324
-23064
-6928
-28262
17613
12143
-27470
-2246
10087
-3743
-14390
11044
-2850
-21547
11907
-13741
1107
32125
-2901
-11378
51
-25984
5151
32342
18125
-24744
-5520
-7257
-12575
-8010
-32403
-19351
-13328
-29714
16302
-20501
8092
-13355
13821
9877
21873
23762
14322
-9144
-21011
-21545
8083
-12837
-13139
4466
-17887
3529
11137
-12045
-25986
-20768
-26620
-6325
15823
32254
3778
-7572
-22924
5130
-16503
-5982
-6198
12898
21690
19950
-4093
22524
7721
22372
-21235
-4211
-1126
-27689
30864
-27806
24966
16794
27753
3941
262
-21633
-27149
-25742
1962
31309
-3781
-31105
15862
24804
16536
24564
27001
9026
23447
27632
28231
28716
-24240
-4267
32381
22912
-32024
24545
-26737
-7099
7969
-29913
20763
21547
32184
13307
-631
5265
8269
30330
-12708
14833
-21942
-16707
-21620
9139
23685
-27370
7912
23925
-20753
-12335
-24030
-22015
2088
-21722
-18118
-25278
-10221
17836
20411
13999
-26530
11986
-28460
707
-20770
-18041
-24161
-13179
8377
-12906
15306
25664
13966
21408
-25650
-6951
-32359
13462
10920
-2550
29178
-8042
-9896
14312
24071
-31876
-5580
30988
14986
-2528
-5725
9763
-13281
18711
23537
301
-10928
-14632
-16491
-17075
-25762
-6738
25326
-3700
9744
-31415
6777
4062
14191
-24025
-14103
-15934
32511
25047
27740
2379
1477
1130
15385
-17307
24357
9926
-15883
13423
13066
15355
-1504
-28905
-1101
-16500
-21648
23417
-24990
-539
8317
16841
-3848
25784
-11152
-7340
24521
-22543
-23056
16384
3160
-9733
-23672
-18425
-5972
16596
3984
6479
-8268
-15202
-28468
-32759
-24219
-10796
18201
22340
-20954
30052
-3092
-20675
19145
9378
-18515
-26461
-20456
23198
18066
-28452
-23304
8877
12413
-17931
-5613
9978
-16054
-22814
-4099
9853
-16894
11909
-6926
-19129
4156
-1511
-32435
6727
-24021
16667
20911
11543
17041
-26554
21170
17192
-3612
28676
-26359
31475
-7441
19082
-31784
-14675
-25872
-18549
-24953
5447
2405
-24433
-32703
10562
-32356
31964
19762
-5100
-9752
-919
27510
7400
7424
9626
-15691
-29412
-9315
15653
8601
18557
-3691
29681
14526
24821
-19418
-29683
29618
26683
10035
11276
-23308
14095
19839
22628
-7763
-32641
-9690
-13479
-8332
-3901
-9056
-1106
4061
502
-12637
12193
25986
-23697
26409
3452
-1838
32566
-25920
-6485
25039
-4802
-12468
20394
-10184
22379
-12973
29231
19644
22625
31890
-19576
25248
31498
-12401
-18861
-15732
9798
8592
213
-8970
12389
19730
-32038
-8638
7857
-8020
5744
-17856
-26895
3475
-13985
19319
13448
-20743
24203
-3717
5267
18092
-12817
26539
3056
-13805
3952
20234
-18487
-4547
-29556
-12289
22086
-15815
-12087
13322
29289
-12897
21308
31432
-19996
19233
-4947
25576
8051
-29894
32320
29958
19163
27417
17664
17691
-28577
2062
-8431
28279
-10359
-7208
-13414
-14216
-27784
-11982
-22080
-30770
-1397
-7016
11950
-21148
-27074
-29883
-5492
20244
-15460
-30387
-924
30123
-21972
12014
1708
-15890
-17749
16570
-15496
23821
-21767
-7507
2913
9914
11904
-4831
10425
25737
26978
5076
-7292
-12347
8591
3945
20700
32437
23592
18154
-16304
-6324
3592
-10774
13155
13612
4961
26246
28232
24055
-12566
7994
-15209
26801
-13490
-11823
-18913
-29469
17678
31885
-29930
24766
-30955
-22976
-1183
9159
-13886
-17615
5443
-17461
-9862
30568
30434
19177
-7993
26414
-16977
22853
9096
-14015
-21774
2907
11539
8080
23549
-24646
15476
13144
19599
994
-30200
-21499
11033
31046
-20684
-8741
5261
32200
18919
23730
-9785
-4805
-29802
30739
25408
-9559
17761
-31404
-8589
16075
-9598
9137
14847
15689
12239
-684
-24097
-30290
-12545
-19846
-11931
21140
-20585
239
867
30181
23445
-8531
30087
12771
650
-17255
-20214
-18147
8932
-9502
-3127
8437
5669
-21373
535
14358
-10935
-30704
18527
31080
26422
-32731
-18421
21256
9493
16759
17532
846
32190
2173
-12161
31960
-3214
23407
15628
-9569
19446
-19111
-7013
11774
21751
-24806
22025
20286
13006
-6748
-15777
16769
18746
19408
-27986
4256
25914
2149
30846
12691
-31348
-2923
5775
-14092
-14138
-7265
14094
-7988
22485
14095
-30847
5643
8927
-2149
-7689
-4114
21675
-8127
18168
11799
28026
29705
14843
-10707
18646
-21855
-9588
-27990
-1430
24339
-1259
-14002
-25154
-30160
-29435
8227
31462
-9680
25899
25161
-7008
-7078
-2590
-19593
-326
-30736
-32532
-5104
28533
-13205
-19984
-12509
20867
-23199
-21878
-9749
10874
-14672
28402
-9839
26851
8071
13213
27416
-14461
19923
-19923
31149
-16235
3403
11021
14071
-24070
-10373
17799
-4469
-13081
15463
2986
-30489
-16290
27040
25262
21161
20821
339
28537
-6017
-24150
24731
18069
15337
1224
-13544
7691
-25798
26729
13855
-952
8568
22981
-27863
27715
-5110
-1732
-30606
-25985
-9101
5181
28182
16715
-23401
30617
2137
4660
-27174
-6864
19095
21727
14348
-8601
2243
-4252
24914
13334
-31299
-28113
2517
2685
16977
19527
18256
-30233
4012
16999
1795
11373
-22099
10215
21882
-8699
11342
-19744
13928
-5651
-26160
6924
11123
-27240
-26070
-438
32661
-15552
8999
12923
-15661
-29211
11660
3309
-12937
23224
-31901
1988
-7703
-19687
-27997
-23131
-29438
-16461
14169
-2327
18625
2067
-10430
2378
-23618
26433
-9019
23398
5993
-9115
-6823
24000
-18477
-1130
-8449
-18518
23146
-21414
1011
-30070
24170
7723
32104
-28486
27792
-6230
-6818
15747
-24076
-22734
5396
-19607
-7922
-19903
29241
-1152
-29485
3184
-10597
15636
9030
25964
-11992
-8985
-24800
10152
-29072
18227
-13075
7388
-26493
24240
-21960
-25002
-427
24964
-1673
-17941
-26717
16267
-2852
-4799
19759
12051
23651
10470
-19355
27342
2541
-27052
11079
-12135
-25754
-17978
-11100
26346
-11006
31346
18455
-15889
31324
-4833
-30234
-1716
29236
-5257
-675
28906
-111
-1963
-2251
1293
-4514
6879
28746
-25020
25308
10351
-6024
-25642
19052
9507
2455
8242
10928
29983
-16747
13406
-20868
29783
-31993
15125
-6893
-2740
11322
-6497
-12066
-15473
30360
-6421
19859
3623
-21006
-25082
-6670
-17590
-12347
13704
26893
1429
-13649
975
-31028
14057
-7920
-22286
-17507
-31770
30743
-24063
-6393
-18160
-22328
-2577
22927
28943
3076
8772
-15157
2513
7548
-3957
23951
-28835
18925
-18226
23899
15877
-27111
32396
-23292
-11150
3178
-15110
-30241
-26159
-18341
13361
14749
-10395
18094
3261
12742
-25328
6475
3959
-12998
6940
-19985
-8888
25433
-12747
22368
-11276
-5620
-24310
-30137
20350
-32588
17514
-25449
7076
28777
15816
-4279
-21877
-28008
-29362
-4264
24910
-28576
-30729
10663
-13268
-12273
-29304
2154
10030
-26175
13991
15553
23435
24606
21381
-3821
30894
1743
32265
10858
10193
-17298
-26660
-22642
32058
15794
-18383
15616
17856
-3799
23852
-13700
-4259
-13359
-14075
11081
20422
28995
-1988
7561
-20126
-2443
3764
-2000
26982
-10917
-24419
22522
-7748
11343
-2473
-25828
1817
23466
-3896
228
-17616
11733
-27942
28743
19359
12835
-32322
-21510
751
4301
-18008
20427
-23444
-26805
16141
17983
17608
6779
-1650
32450
-17851
16371
-30005
-475
-7573
-15920
-16220
-15243
6389
-9589
-9418
21438
-2773
-23419
7018
107
-29304
20767
-5672
12275
6128
29086
6135
31614
21296
1913
-4276
-96
11569
29899
-23285
24081
-15425
31729
456
12676
3964
-25075
31899
3626
-12691
-25870
-21505
17431
-24347
7784
-16189
-1953
18675
10716
13336
-3261
21327
-2869
-24800
29565
25042
-28152
14891
-9491
-31369
-17293
15952
-29493
-7769
30256
-23503
13002
-8670
10043
31785
-21138
14714
17815
-1574
28766
18388
13784
4871
-2739
-24318
8797
-13751
-23986
-12358
-22200
-15752
12246
-9815
11548
14058
-801
3196
-285
3844
-12992
-4642
9182
6210
30807
-2818
25130
12451
-7020
21913
14110
10263
-19847
15137
-8742
32079
-19861
-1873
-3613
-1906
7265
-24689
30242
-27177
-12537
19345
229
18287
-21821
8000
-464
-19108
4864
-9308
8863
-7477
-9586
-10496
-1678
9587
-27002
-30317
28404
-31913
-23285
11426
5096
19400
-11531
15330
-6353
-18701
-31231
-23913
-15175
-15100
-31278
8243
-21301
-4242
26047
-20492
15316
3705
-1906
-22096
-13167
-8169
29318
-3458
-15741
10893
-11676
-2994
-27576
-12230
-2365
1734
-17478
32139
22688
19602
-6812
-30702
1840
18461
-2937
9696
28095
-23528
-26147
-11619
-12258
27250
3871
9866
-11365
1048
5102
-7486
-27312
-16134
-4965
6205
16146
-30273
-31000
-25548
-5309
13914
30174
27411
-23454
-18017
-1948
-20019
-4306
-30713
20844
10139
22031
18685
24871
-17040
29023
3849
14997
-13785
11345
13551
14146
18837
-8975
12573
-24143
-13326
12338
-26028
226
-20951
-21114
14919
9020
28111
-31429
10708
-26786
-6997
11111
-28628
15243
15373
-3819
-17062
-25658
25726
-15984
8308
-11202
-12705
3897
3660
15172
-1775
11618
852
104
3786
13205
23014
22131
28535
17500
-15677
-8247
-24982
12661
-10125
21046
-13032
-5481
27535
-29260
15460
17144
-32524
20233
23741
-18986
25547
6978
28197
-16102
11061
6342
-15039
-20402
18998
2795
-1315
743
11475
18634
-907
24589
28021
-17081
25576
-22948
22932
22896
-6791
11738
-14487
17101
12571
7495
13060
-1324
90
756
21436
20344
8679
-18742
-28202
21074
19210
-26697
15955
-6296
-10919
13834
-1831
11141
14
10480
-14996
32602
4840
-7120
20354
-17873
24153
23859
15244
924
27919
22259
-3714
-803
23705
-15024
7613
-32022
-5293
20706
-10026
-3658
-1495
1385
-21136
-3258
-17955
29661
5031
15337
14920
-28546
-32243
20584
24758
-23763
23777
-7920
-30564
10569
-18753
-567
10833
628
20500
-21133
-27960
9970
-22433
-15900
-10141
-19835
28289
-15200
-10394
4174
-4012
28339
-271
20443
-22368
32635
-30932
-11759
15237
18980
5957
21412
28530
31591
-19000
-31596
1296
-1056
-8615
11112
20453
9160
-21961
29965
-28924
10444
18024
-30503
715
16065
-17897
-16006
482
-7265
-30405
-31835
31141
16377
30741
27218
23733
30973
-16394
-21814
-5294
-3687
26065
-23101
24942
27942
15579
-17643
22558
-27384
20894
984
-2656
5575
-1711
7273
23624
15804
3109
11355
-21321
9769
7063
28526
-26114
12653
2183
-18912
31961
24384
14054
24059
10586
5685
26147
-29419
12741
-26591
20602
17516
-19457
-16124
-28882
-32133
-8394
17035
30138
-25620
-30970
-25716
15745
-30722
10576
-11596
-14042
17986
-15470
-32310
-14398
25847
6124
-25021
-21528
-1719
15847
6540
-12832
23758
12035
10347
-3549
19802
-19644
17896
10360
13033
5799
-19747
7494
-7194
-23750
-32443
10167
-7503
13409
32749
-20556
-29934
18179
-3900
-12346
22672
-1634
3504
-18569
-4444
29335
-23934
27905
28781
23048
-29813
21136
8309
16923
-5689
25729
10962
18123
-26357
960
26235
5071
23924
-5875
25326
5059
19077
17762
-15369
5376
-2689
15437
18450
-2921
-4676
-26549
-21480
22086
28442
-15403
-5704
-3470
27254
18624
26984
-17053
17850
16509
-22823
24501
-29604
15484
937
-1769
-14592
17021
-11935
32279
12967
-31169
12916
-6411
-19200
16838
-32037
6064
-14186
22955
-29031
7833
10392
-10896
-7752
-30980
1212
9127
-13553
17572
16186
-21880
-19867
28345
7430
-21444
12523
-17680
7311
-27331
24115
21716
32520
-2548
31770
18972
-4284
17576
12115
1269
-16395
-21128
-15566
10705
12536
5849
-21973
-10322
19636
23671
-28855
-20246
8155
17302
-22380
23034
3677
27540
4828
20148
-9326
-15216
490
3311
28563
-13641
10316
-7910
-32131
32147
-24259
8968
-28601
22258
-14634
-12461
-26977
10325
3165
-16769
21007
-32378
12884
-9180
21292
25291
21270
26255
-28003
-12031
-18351
31385
2547
32271
-19462
26365
-15126
21508
-17736
-27837
2028
11433
32324
27011
-24228
6056
-25699
-27363
31467
23003
22939
-7388
28382
-28444
-15640
-249
30668
-8503
-26818
7144
-9089
-31710
30767
17731
22369
2887
17740
13954
-24858
24666
27960
-54
14516
2821
-2058
24183
-11272
-8201
22556
28745
-5949
-4002
-26114
22531
-21871
8917
-31598
17472
32244
20705
27754
-1733
11117
17605
20803
-25674
15194
-28780
20346
21067
-16169
-23014
10824
1146
-5152
11030
-24583
7421
-8299
12460
-24499
-3341
-27673
-23604
-930
-11511
-1319
5865
-6190
-30441
-26196
-30480
-29738
18527
-13623
25582
7301
-17125
-15536
12052
12245
-13339
-10408
-24063
-15920
-2918
-15089
29145
9438
-16411
-8222
-25675
-30051
-10212
-24755
25259
-24594
3531
12676
-14875
-30326
11584
-21497
-23769
22150
-2064
-21076
-11548
-9379
10311
6388
14560
-11756
-31539
-26449
18606
14888
-22031
22207
-27919
3016
-1120
-31322
-17742
21414
-8504
19502
-21824
-31438
-9174
19128
24790
-2849
12621
-31348
24026
-28751
-2583
-786
-9856
20725
31144
-4746
32213
-30237
-15041
1705
7140
22219
19511
10052
8841
-19853
3403
-8001
804
-15858
2434
-2803
-15772
17950
875
31442
-872
-773
-26869
-16450
27512
-7909
21051
-23360
4778
7234
-26329
26059
-30978
13444
-30808
-7069
-10635
24331
-25967
17761
24161
5324
20997
-28178
-25020
31940
-27174
22658
-26973
8549
-5772
16395
-26055
25810
17453
5383
31396
-21102
645
23094
-22250
9251
5574
22080
-6776
-27623
31133
13340
14338
12364
20844
9572
23445
28455
12306
14120
-21163
-32198
17664
-444
21771
-6529
-24733
-15738
25358
-13808
-19422
-18988
27303
31593
22243
16004
20838
22374
-28917
5551
-13970
-25112
32252
24634
-8629
15058
16292
-22080
-20925
21170
-1209
-6053
-32277
-26621
-9928
-25742
-27471
-26271
10365
-18899
8856
-28160
-21136
-29538
17212
9912
-26223
-13371
-10143
-7641
14544
-29412
-2693
17566
-6135
21979
-12741
-3873
-8152
11338
3716
24214
15291
-22964
9644
23716
28671
-14765
-25748
-6970
-8582
-24680
-31438
-26608
11458
5746
11320
-20617
-21662
-2188
21254
-6390
-17851
11332
12932
3320
1888
18309
22058
23415
-13857
-1677
-4704
-21861
13973
13205
31111
31521
20197
-28575
-15242
-29756
-20846
-5297
-17082
3621
7769
29223
27781
-21711
-18680
-19048
-3308
-14624
-8399
21925
6617
-5024
-2897
-31673
-17450
1680
10086
-19361
1697
-25989
-24842
24068
-3052
-19794
963
-6440
-27187
-6214
13518
-6051
-4123
-10760
6715
19300
-3666
26036
14481
-12049
-19157
-25764
8420
28990
6581
-11750
9838
-29948
-20056
-4402
19682
-13942
21612
-2544
-17414
-13113
19341
-13306
27512
13479
-7495
-21793
3773
4365
-30229
25114
-32212
-26325
20968
6695
-3382
-11189
11035
-16082
26161
-7104
29501
-5458
6007
8963
22943
-9164
24472
9976
1976
-13309
7296
-31187
8462
1475
-27530
29555
-2241
-9248
-20041
-21187
2958
-5344
24631
-31323
-19365
-10474
24590
-30956
28179
6713
-14267
-9348
1446
-12086
-25794
-29408
-3353
-14670
23993
15484
17844
10654
-2993
8213
-17289
-15142
-4046
-14590
5596
-24290
19863
17163
-10171
14694
-3332
30921
16155
-21835
-19630
-26514
4013
-8045
-16283
6940
17445
-17865
-8483
26063
8674
16321
-11959
16205
-32049
-31344
24551
18988
-16773
6786
9364
-6213
-23047
-28934
-749
32268
-30009
15203
-28024
-4680
23736
8325
-28490
-15811
9050
24142
-24399
-1533
11788
7644
21654
-30137
9713
5638
10890
-19281
31749
-20254
-20387
-21874
21526
23808
-20794
6928
16110
-26851
-19648
6881
24641
-12227
-27551
-9051
17752
-17326
31156
-32325
17403
10707
-25884
23193
23696
7472
28860
-3598
4647
27849
5446
-30926
-25878
-2329
19768
3335
23323
9279
29802
-2666
4637
22597
29752
23479
-25771
-15934
2845
-6230
2857
-20200
3538
-10389
23836
-10915
-30339
28637
-8596
25365
31850
85
-9436
7710
2378
3510
27035
9403
2043
6913
30334
-15119
-19273
8334
2628
26581
-843
-10337
-26116
23770
14126
25563
-26067
22134
29282
-27241
-3362
-3912
-29411
10529
-13743
605
-23201
24936
16941
-17923
21686
-11381
-30391
27844
10190
24604
-21204
1715
-28292
-15425
-1356
-1856
30342
414
-23818
-31399
11116
20579
12578
23004
20931
28374
13920
30977
-26177
-17133
-31621
-18906
-25296
32332
-17747
17636
-22439
-17085
26357
-29730
20976
-2100
-26668
-17314
-1925
15070
11496
4640
-16570
12907
-26811
28283
-4179
-6071
16952
-12226
25223
12947
-2506
-30357
-12899
-29718
-18461
-18291
7538
-26015
16277
-19681
-10166
-10939
-1703
-21495
-14737
-11560
-31340
18086
-18309
-16525
-11861
-13608
31204
22250
-15412
-21017
26243
-9578
31047
-27353
5207
10118
-13684
-30114
-19528
-13894
-13543
11153
-24123
-16912
32692
26916
24663
24644
-18316
21348
13978
7593
-24305
18778
30705
12033
11032
-30604
-13983
-25799
2581
8034
26266
-5775
25232
-6965
6131
-28820
2925
-2402
21523
1311
-12732
16765
-25609
11894
-18117
-16330
-24064
-4702
17391
-24538
21453
24334
24094
-31261
30778
-28649
11300
-16268
-25391
9927
5800
-11485
23312
-3946
5895
-14673
-24121
-9757
1373
2327
12812
25509
1057
13439
-19850
15379
-26800
-6724
-14305
2527
-24734
-28748
-26638
19880
25106
-2664
-31739
30932
31637
21833
16083
-6647
7866
10934
9129
10019
31458
-23594
-9422
-11429
-13437
17569
-3524
-8947
-15416
15721
20049
-15607
14855
-9194
-7275
17253
-32252
-30176
-18671
17913
7336
-17681
25704
17006
16077
8765
-28161
-24105
15455
-8933
31191
9511
-4413
5880
-29832
6669
15081
-7920
8009
26977
-247
4053
21326
10091
27865
31198
-21683
-30703
22244
9531
-31461
-1411
28135
20607
2822
16382
-14808
9756
-18996
-9634
-20125
7080
-9136
-11602
28959
-25908
8025
-18672
-15737
-7541
-11669
-20926
16642
12077
-7614
-13466
4864
28459
4590
16215
-12087
-10525
-22549
28465
-19495
-18931
15426
417
16230
19147
9826
4674
30706
23227
26252
30418
13891
6801
8696
20806
873
29548
-29524
11694
-16693
6480
-21551
-27244
29796
-25692
-7975
16629
5487
-1614
30408
19392
-12970
304
-18161
15682
-22633
-4257
7322
-10933
-21044
17152
1432
1873
-18039
10400
18587
13784
-6812
16197
8718
-11286
-12287
8479
-27998
-14906
-21540
-29905
-27607
-18934
30377
14323
24334
7716
-21419
-18461
25782
12828
-15809
-29857
-21976
16216
11929
-26550
-18197
-9571
-23410
-9644
-23351
11906
-17645
29730
-25570
8446
23494
25623
-26184
31949
17927
8618
-4081
8950
-2610
-10128
-13822
-31669
15713
26609
8795
29509
-2337
30072
4038
-5677
-9960
-27073
26896
-3153
14871
-9859
-6041
-20611
21319
11575
30071
23706
13146
13075
20268
-28369
8165
-1329
12350
5614
1403
4940
22985
-3686
-22642
1610
7905
32600
7252
-29492
-11067
-10412
26698
302
-21018
13862
22932
-32450
4422
15227
-25524
17103
-8792
10142
17340
-7403
24356
-31911
26322
6276
21478
-15145
-14050
-25683
-18004
21842
4267
-21744
13590
21005
19104
21882
12621
-29667
20299
-6222
-19919
-4750
-11647
-25207
-31599
1815
27923
-8975
-14659
-45
7784
-23457
23412
-28567
15619
-24954
-5953
22504
5730
861
10182
-19213
22088
10906
-19083
-31906
26027
24084
-31252
12398
25444
-23696
-1844
21303
-5263
-30422
24718
-6399
17850
16607
7113
26143
-31697
26292
21948
-21998
-2285
14397
-27045
27785
-26457
27906
10059
-23648
-24981
26648
-18282
-18509
21389
-2178
848
25372
-21295
-14819
-21231
-1363
15588
8936
9085
28281
17697
3294
4836
-1679
26357
-23234
7411
2415
-14881
14991
-31562
10760
11388
20898
24917
5767
1542
31212
-12015
25278
-1498
5912
28707
-23779
29276
26423
-9326
19107
-28398
12962
17847
-7936
9504
-21744
9481
-18256
-30014
23259
9156
29133
4292
-10376
-6853
13312
17186
-31761
-23517
115
18896
-12726
-6990
-16115
-20869
-13968
-1004
-20093
-16540
-26798
-3475
3329
12291
-24534
-31068
-1538
3217
20216
29882
-30109
10148
15600
576
20054
24865
-29577
13209
-14241
12193
-5640
-4436
23204
-20314
24516
20104
-32383
-29774
31895
16514
-26659
26881
-16416
-25521
-3009
4952
-13404
14067
-8096
3114
-15158
28250
7828
30047
-12696
11718
-27305
18969
-24956
-29545
3698
28714
23677
9106
16476
21148
