23491
27808
32398
28169
-2142
885
-2382
-355
-2720
-7910
-22471
19662
-2990
-15387
-6590
-5086
31243
17790
-27421
-15795
27330
22135
-31811
4848
-19484
23795
23435
-16887
-12204
-14183
4959
-21067
26573
1544
-29225
-7369
-8584
27273
-23847
-9653
-6122
-1894
14957
25495
-5443
-4859
-14830
-14044
-17791
-19699
-16715
16544
-31922
11600
-7046
-14386
-20401
-14049
3465
16929
-31189
4272
-30133
-2878
20927
10396
18918
-5715
22896
-16244
18504
-9826
18539
-14796
15168
-10173
13734
-5968
-19324
27661
8903
-23529
-22216
13588
26617
15795
-20822
-1744
-31615
26211
16664
-24217
5594
22665
7405
22699
-26584
-26984
22257
-9431
-483
-22144
-27918
-15801
30763
9880
5924
-11685
11487
16041
-26063
2542
-9179
-32005
1929
28681
11892
-25906
17858
4111
-631
-9293
-18985
2255
-11423
-20402
-3237
27669
