-32047
-12411
16915
2791
23914
-27808
27449
-4707
-19515
-22376
-30045
18518
-28306
-31862
-7634
3575
19791
22266
-30820
-4669
-20372
-12020
3235
8421
-20420
-7739
-2278
21467
-29137
-6026
-27046
25479
-4286
-17360
-3628
-22249
25701
30488
19837
-20059
16080
-26837
15809
-27675
24388
-30886
-18773
-18509
12184
21194
8573
-28439
-7836
-6656
-29069
14193
9464
-17374
-1787
22130
-6477
25722
23327
-29938
-22736
-4346
5268
8882
27244
-17571
-21437
3313
-17602
-25916
-24934
-8661
17373
27130
-15967
-31621
-19100
-5506
17813
-10525
-7622
-20456
1936
11192
24092
3016
-18528
23543
-8539
-13955
-5426
27615
-17084
-12686
-2354
-9278
-18818
13789
20408
-14377
-28643
-26798
-20548
15240
-16452
-21064
-11568
23655
-440
4636
2602
-32199
26679
-3836
23424
-23511
9339
-15036
18188
-19101
-25833
-1464
20748
30824
-7792
-18404
-16711
-17080
-21194
23921
4300
-19951
29972
31560
-1997
-19527
-25533
-29848
-26910
-24418
-12838
-24193
5833
-6955
-9659
5379
7896
25372
2736
2307
12838
16272
-24224
-8731
-24532
29801
-24012
3378
-8949
-17830
3871
3201
13787
-806
-12510
475
26583
28327
3582
1764
-13108
5216
-8011
-23556
-3560
-25305
-16033
31856
26269
-27757
32287
-5539
20143
14870
-32033
28583
27924
32734
-28009
1840
4881
11748
-15150
3661
26606
6267
-14492
-9079
6538
11948
32562
-23253
-12541
-11581
-13357
-13135
8660
18460
19205
-32615
32166
-823
-1530
-31028
31880
17976
-10200
17457
548
-32191
30504
1211
-16042
-7708
-24178
-14856
26490
12954
-18161
-4059
-31805
-17017
-10793
-27356
-15702
-3035
19387
-1497
-23689
-21988
-24618
2668
-32044
-3726
20852
-24172
912
3678
17768
-18405
12317
-17309
20398
18955
-24816
-7137
11707
25700
10093
24559
-8717
20530
10695
32504
21451
-25191
-18543
24764
8559
18681
29924
24244
-6552
31986
-17157
26227
-10043
-20157
-24319
8450
3258
16613
-27952
9003
23823
-14425
8112
10489
3217
13458
-7224
-460
14246
-12124
-9355
23410
27563
-19664
-22027
-17930
12791
26344
-7647
-5171
23272
-20465
-31293
-9583
-21873
-3866
-9445
24523
-806
-5368
18641
8317
32672
-29994
-9055
30035
-32362
-11095
3099
-28060
30622
7708
4496
32256
23698
-3693
-14599
30374
-25536
30797
27023
2317
-17340
25536
-28976
20629
16938
-16454
-25490
-27653
12091
13825
-15648
15368
-9558
20651
29954
2486
1195
-213
13016
-17521
-24236
-10744
-3233
16512
24858
-13819
-6985
-21021
-32043
31505
-22543
-23969
13191
30920
-845
2490
12952
10687
-17382
-11735
-17854
29963
-3822
30678
30036
3859
29276
-9625
29983
31652
13979
-23590
29665
-24783
6514
3998
-28306
14460
20998
22847
19576
4898
-14745
-26559
-22866
-4223
2978
-3871
-8949
-29914
-24015
4380
-24187
28244
-12283
13925
-15793
16777
-15250
-7367
-25743
-31100
-8766
-10699
2361
-7665
-8494
-10197
-3336
-28714
-10369
-21534
-12871
-9348
8317
-22321
-29947
-2720
-32437
-27369
12289
11816
-7072
-2732
-8929
29237
-2568
-16231
-15643
-1021
-25322
23167
-14976
-19356
20058
-1220
-20630
-26786
-30389
-11687
-32497
24200
24767
15810
138
19891
3541
-10781
30845
32532
-28080
9884
17307
29921
10156
32327
-17946
-27541
-17536
19170
-21434
29166
-32311
-13025
21875
8482
-3114
-32263
-2567
-4063
31155
-26243
-12643
-22910
-30345
-6268
28478
-31647
-22395
1939
-9520
-5433
-2984
-29159
-1858
-30729
25857
-21331
26813
-458
-16686
-23508
-22601
-27833
13041
-23846
-19862
-12060
2402
-23436
-101
13324
30753
-11610
-5232
-16070
-8054
-6148
-18913
-20573
-11290
-19642
23866
-30466
-16616
17531
31446
16998
-31396
6278
30575
15616
17100
-23497
-1431
1140
-31649
-2953
-3280
8664
27679
-25705
-29235
30633
-31657
9716
27071
17145
189
-5529
5877
-3664
-6418
8430
24783
-10464
-11294
27256
-23570
24682
-21683
-10957
-7243
29793
-12137
29898
-18854
28776
-21582
20132
-24654
-12322
32684
10574
3732
-9292
11177
31298
-200
1877
-1667
-28050
12786
-23285
-22479
557
-28561
-22264
30638
10808
-14341
-26533
-20854
-14177
-932
26321
-31419
18189
16074
5672
19274
7775
18135
4231
-20443
-11036
-23357
15046
-13870
-8487
-25887
19273
-8045
9126
13327
19165
23124
9359
16000
3117
-23113
32668
-12721
-18761
10014
-25486
10757
221
-32476
2486
-23550
8912
23850
-11310
506
30906
-12810
26988
5555
24714
-32040
31986
-1025
-13256
-8575
10250
7591
28936
-31371
14729
6912
26668
13968
26668
5479
13698
16632
8597
-17236
-16610
-1650
12749
26904
-19519
-7326
-7771
31753
-5090
25437
20606
-7877
-21639
26459
19496
-29559
9682
-20051
-20361
-27931
24619
26690
-29531
30163
2377
1354
9530
16718
29565
8126
-10657
-140
24958
-1077
-13029
-24507
2598
-11316
-13829
4942
-23205
-25321
4082
15844
-5119
6449
-6914
-11856
-29121
4410
-13467
-14619
16037
-13075
11035
-10278
-19374
31232
22588
-3814
26194
30727
31011
8863
5831
-9072
23298
22666
-6995
-16346
-5438
1102
16229
9952
12500
14509
-13226
-18408
-8976
-7236
-25532
15395
6703
-14220
5075
6167
14775
10892
-4874
28802
-20813
-9507
5832
-6779
28895
19235
-23604
-31118
1099
-20595
7991
7029
-29980
-21569
-10740
27713
32108
12590
-19897
15130
-29387
-1179
-20688
-8644
11649
20713
21316
-26845
-24943
-1299
19505
-30540
11133
9858
-15088
-3916
25146
-3089
-222
-26016
7153
25391
-1058
15579
-2571
18286
29155
8381
25190
16317
30974
-30469
26185
2854
15346
28506
-313
-23575
-2307
30870
27385
24496
-26472
-30620
-12906
-10066
30288
-6286
-26025
-18485
-18907
-15152
13530
5434
131
-671
28608
-10412
-290
-13973
-30337
-23308
-4259
24142
-117
6855
-13764
24677
-30044
30255
21003
-6336
17068
3543
-32655
-6746
-2262
-9200
-10003
-22086
17860
-32181
12617
28244
-9775
-7038
-4991
11149
-24552
30877
-22199
28434
430
20043
26398
-24460
-13246
25466
-11631
-28594
-7392
13761
24970
31778
9144
12022
29506
24704
-17508
-7441
-26004
-16079
3850
28196
-24581
-16232
-6197
16943
10234
12201
-10565
25972
29473
-26069
12272
-20255
18450
21115
-129
-14751
-24610
-25577
-12840
2081
20132
-25135
25922
-13646
-30576
8356
-9990
492
9543
-11220
24765
-20225
-11260
24897
5774
26783
25171
-7365
-15807
-20698
-22064
28871
31033
-30391
14824
12875
-16580
921
-6001
9910
-832
-21997
26167
-30226
29802
-203
29595
31382
-28963
7947
-31986
6477
-22816
10239
-22268
-3680
-28940
10830
4745
-22290
15863
10041
-16725
-4652
20524
-14709
26254
13921
13581
3553
-18086
-18611
8301
30403
-12366
23667
13883
21096
24715
-28266
-29239
-28759
30920
5048
-16268
14485
2366
19556
-4072
-25974
-12274
22438
2519
-9651
16982
15773
-21984
1782
18881
22481
2789
20516
-30602
12350
3305
-11481
6918
-21517
-18901
30382
27262
13222
-31744
-6083
21804
3685
16859
6390
-7361
5964
15219
-7982
-5057
-24132
24414
-4141
23496
-29696
-13163
11849
5484
31952
7675
-2717
-19617
-18435
-29015
24148
23534
24911
-32582
-738
-2819
1090
-7019
18356
853
-10734
27525
-4510
7936
-12400
-11097
22873
-10732
14414
-10006
12239
-1944
11445
18697
26947
22998
4792
-30758
20345
29590
-26781
24606
-1627
29743
13754
-19067
30915
5479
-20165
88
23336
-20393
-616
23749
-15992
16637
22639
13047
11141
-22316
-21722
-13622
11905
19373
32530
16984
20011
8603
-15075
6937
-18295
-32572
20960
9621
-7635
-11920
25387
-26778
-16534
-12630
-4948
-12113
20154
-24650
586
-3384
14639
-995
-22070
-9398
-9067
-30054
11992
-7448
-16538
-32762
-8356
-27666
5879
-19953
-19889
14414
26968
-19473
-21842
9727
-490
12586
30684
-29113
15058
-14966
9534
-26398
-32665
-31309
-13895
-14005
-6990
15561
-3066
27460
-9594
11274
-28079
-26512
-13248
-15909
31676
-28042
-30660
22862
-31025
19298
-26807
12509
31581
-560
29700
-21121
15865
10681
32131
-32157
1565
-26572
12589
20610
-16752
12673
27953
-24487
10392
22832
22483
-15296
7702
-3371
18469
17639
28323
-14761
13451
-14222
-5544
-7372
17667
1371
6766
19658
1719
-23038
10880
4393
-17001
-6504
15343
20406
-7604
26364
27566
11692
-10187
5848
-17762
-24762
11008
-15468
-12517
-10737
-10725
4773
-3371
-28716
15987
-29194
8664
-7096
1939
-16444
15719
-3574
-22740
12812
-5052
22040
16609
-29586
-5169
13124
-28373
30782
-26999
4942
28677
-16723
-26358
-29240
16679
22310
-10801
-31876
18584
-19857
17271
-15296
-28067
-16957
18414
18599
-13184
3236
1010
-15841
-17161
-11075
-26921
-31592
5101
-22591
2187
29393
-17785
-31682
1380
15133
5905
9234
-27050
5346
21418
-6371
-7129
-21595
-3863
-14298
4166
-21125
9229
25686
-9556
16104
27346
-16034
29634
-28649
23628
-11409
17147
-21510
18111
-21652
11386
-19078
632
-12860
31637
9289
-2849
-22257
2652
25671
543
-2402
-10621
-18811
17587
-20115
20130
30580
-22093
-22259
-4281
3103
-16419
-30080
30080
-9478
24054
-22031
21210
25143
-20671
31418
-32209
-15973
-4751
23883
-9673
10951
-23548
17826
-5830
-23797
12527
-14970
28330
-8178
16723
6582
15489
-30856
-23683
-17046
23626
29389
-11337
24578
4945
-2065
3000
-27716
24729
-17587
16648
2980
24199
-646
1834
-28301
31353
-13616
27801
13656
2946
16153
-4723
-24606
-15759
16426
13834
23652
-5114
-7336
-7567
8406
-4624
30800
-13669
-4642
20870
2836
27555
-11617
29049
-15029
-30819
6229
1040
20175
-2398
3899
13819
-24963
-14651
-23308
-32109
18971
11494
-2133
-30336
2750
-12043
-756
-5592
17621
-12321
-558
16339
-27951
16021
-19513
-16690
19273
22336
32492
-27131
-4031
11066
-17660
-17824
-21386
9143
-595
-27868
17036
-25790
-15373
31663
10261
8652
31836
23796
-13323
-4073
10202
31138
-16433
16534
12419
-721
12827
-10117
-20292
-25425
4207
4997
6919
-5467
20535
13434
10421
-24903
25882
4088
25874
-10817
29716
-26437
-15328
11371
23123
-1781
-23657
-167
-2197
-19997
-26620
25605
13723
24425
4405
-18399
-841
21679
8857
6159
25876
25628
29294
-30998
-14412
-27037
13436
2871
-3221
-25153
27532
4906
-3572
31817
-15412
5483
-23860
30287
4343
-1178
12549
26075
-18947
-14360
10192
13454
-1088
3288
-11610
10962
-7503
1625
-18224
27356
20131
20973
29850
-23045
25213
17808
15420
-28204
-7505
-16517
6584
-31279
-25162
6702
3974
32250
-10344
30789
24846
-30709
29011
-26551
20322
2065
21629
-26948
31963
-15678
4335
29753
-4146
12587
25149
23647
-26560
-17371
263
-5205
7274
-1735
1648
30300
-1404
-5529
22285
24281
-4879
30491
-30723
27055
24977
-24897
1652
18475
-31864
-25604
12828
-4327
-10187
28755
-2039
-22570
-22613
-14807
515
-7613
28252
-32069
-15058
-436
-32077
-2140
27046
20742
17759
13004
-17415
30578
-11618
-28299
-12708
-15597
-22480
-25579
2055
1937
-12384
-16191
-26533
-24619
-17432
22212
15074
24210
23086
32166
-11087
-17143
22021
25151
10152
31715
-3289
29295
8243
17634
24985
-14724
5267
13474
11819
19589
-2620
25955
12367
-14786
-30499
23050
-27271
-8176
-8976
16922
-25899
-18934
-1122
4101
1027
-31133
11142
10490
21852
1337
-21319
12911
-12593
14919
-13212
-19681
-1589
-7726
17235
-28518
23702
-4185
11948
-8058
-1302
-17070
-11362
-7690
-19415
2371
-23322
16042
-26226
22193
-26764
25074
8121
-1188
22675
28204
3648
932
-30435
5883
-2930
3828
-7238
30470
18084
-11816
-4683
27906
24617
-3529
16262
16487
-14633
-1672
-23603
-32768
-23883
5438
7142
21882
25050
-24211
-26100
-24631
-29309
-11913
-30730
8172
21969
18720
-11135
6984
26799
-11129
-32219
-4140
13561
-32249
18769
16974
-24962
-25887
10852
6293
-27425
-10592
11779
7630
-2849
28503
29635
-29357
-13525
-4853
-25390
26672
26930
32053
-190
10235
-21800
18307
15092
8922
22338
-18046
-17164
18269
8601
23140
9073
-12808
970
8280
24778
-16305
-1330
10408
-4403
-31818
-14237
19733
-22770
-18032
6342
11174
21098
6536
9207
10208
-24559
17167
6295
12995
-20843
9597
3086
-11735
9811
-18867
-30341
3051
-31857
30006
26169
3434
-16318
19224
-16380
31310
-24736
-6403
-23331
20279
30698
-11581
9267
-2589
-22777
20943
13349
-17113
1366
23804
-29783
-14407
11102
27304
22438
22228
-3912
-31326
13393
-8543
-10353
10587
14934
12661
4460
-2655
32548
27196
-12201
24939
-1523
32171
3078
-26165
31584
20869
17750
21880
-29700
-6470
-16027
-11694
28929
17865
14358
29961
27177
5320
-32268
-9224
-22584
7372
-21656
14680
10462
-28663
18612
15480
-28152
-642
7739
-28252
16463
-28482
-32507
-26414
20095
-6474
-8031
28444
9515
7653
17970
2929
-26517
-22770
-8826
17904
-6510
19355
28337
30644
17062
10438
22362
-1603
-20363
-17029
1547
-489
-29098
-13021
-28930
-13354
5693
6109
-23939
23153
1644
13736
-356
23351
20136
-30440
-22872
23710
22116
30044
-32400
-31527
7708
-29741
-18058
-16350
29639
22604
30467
18740
-17988
16461
-6226
19153
-28882
-2357
-25801
25285
3163
-14957
12058
27462
-26345
-10119
6742
11866
4715
-29531
1754
29727
-2522
-32267
-6186
3269
21161
-25432
24339
8342
-8465
-4062
12429
-22934
14712
-28696
6638
11177
-31453
19075
241
-5156
-23371
-13362
-27392
-13516
-32236
-27462
3948
25547
10007
-7913
-6170
25360
-21882
-16428
-3937
6797
-20122
25178
-19441
-7799
9751
-32636
-1022
-876
16503
28661
-19956
-9440
17392
3919
-1811
-992
-17478
-11108
2015
19257
13972
24245
23155
32244
12706
-32310
-30777
-16006
702
-32020
18045
-11466
6789
21920
-17676
7486
-5730
4440
8609
-23592
-19134
-26372
-206
-26565
3514
-1435
-12889
28013
-10097
24467
4875
29816
15564
3509
-32551
-8798
-584
10258
-28042
-3544
-1813
3473
19545
-18501
10957
30196
-16494
-21059
-14691
26629
-20783
18319
-17479
26884
13496
-17292
-8981
-6283
20209
-25099
-7611
-8358
4021
-7133
-22580
-25808
-27223
18032
1263
1236
-5694
-20238
6570
8759
22453
22765
-15364
29439
-15420
32686
-28420
-2153
30824
-4202
5113
-2862
-23579
-14376
29865
23836
-18019
-18917
-5871
-23717
-20409
31467
-16432
27890
-1049
27887
27226
27266
-3456
-10736
-11495
4505
-30844
30607
-27064
-16311
-18029
4796
-10011
27672
19771
-26699
-18911
-26881
19748
6194
-20195
-17011
18973
29039
-15339
-5215
15476
-29156
9100
3535
21010
24014
-12538
-31334
-21813
-3585
9762
18379
23874
-13419
5198
25681
2669
2801
32417
819
-11457
13077
17212
-18061
-15174
14452
27109
-14612
-6362
15318
-20634
14233
-18157
-4791
-31301
-6312
-978
7191
-11415
-8261
2118
-32299
6022
-14896
5874
4467
-12074
4282
18255
-13944
14495
15128
27224
-5359
25996
-25780
-3833
-18908
-13926
15033
-4834
-27280
-21985
-23092
12517
17903
610
-25031
-17947
12722
23605
32644
-811
-29393
-12857
-15041
4588
2852
23660
10718
30519
-530
17175
27557
-30957
12781
10996
14091
29109
-4761
-25907
-27227
-23350
-25468
-25789
6529
-20829
-14295
-11531
27916
7547
-13726
11956
11590
-4904
28653
20050
203
-6120
-7372
-29270
-29163
-25554
-14689
-32163
-26565
13763
-25716
12249
6211
27957
3999
26781
-9693
21382
-21856
2367
215
-10086
-3060
25721
-27808
28101
10528
-23605
-19551
21359
-23632
-6646
18942
5304
-12412
-20402
-16164
556
-28798
23309
-25680
1486
-12203
10167
24977
29318
25280
-1119
-11773
32150
-21588
21392
-24401
21115
7532
5874
-22695
6756
17729
-4201
-8651
10492
28611
3761
26955
-21789
-18438
18982
-16419
3974
-32022
-25385
-26880
32661
10984
10611
-30545
-22929
-30633
20505
-8806
-27821
-5120
3971
-26508
8569
8363
19564
-26573
24839
12189
-22035
26008
4416
18333
5371
-16279
-31180
-24605
29326
13551
-22897
27324
-16823
874
6527
-7288
-18468
21386
-30829
23949
-594
11151
-10004
4364
-28252
-26166
-4248
11314
27158
-6489
-9557
24655
5163
-17492
20572
-26376
-31133
19415
20041
-31093
-4125
-5513
6948
-5619
25080
18156
31011
-4544
-7325
-14902
-25807
21996
24269
12873
-16714
28028
-25017
-27462
-3452
13138
-24329
-17563
-4834
-5744
-18407
25486
10920
-21111
17359
-6111
-14621
20946
-1505
-9210
8592
6566
-29738
-20762
-5
31241
-14251
14251
-31
6877
7233
-4942
15425
-1846
-5703
24109
-8248
-29053
12245
27712
14457
-6522
24064
-12840
30423
7687
-7151
-7645
-18993
-30135
-27258
-18042
11128
-15773
15797
-6234
24921
-23373
22966
-10629
2111
26589
31516
18558
4744
-24098
-26923
-26178
-10783
29257
2705
-27752
28616
-24180
8091
27304
-8739
-1440
22221
-16053
-18462
9944
-1730
30649
7680
3266
6795
820
9683
-16184
25936
-7498
-26325
10725
18870
29863
-29829
14584
-2059
-29970
-13701
-32689
24138
12405
-5315
21780
-13504
-5949
24492
10413
8670
4357
-30942
4236
2597
31900
30133
24516
-32123
27105
-7431
8322
32744
6903
16197
16807
-31899
-20023
-8518
-31594
19260
-27400
-24262
-15835
9412
-13695
-13963
3734
31176
22854
-13414
-18314
11151
28788
1933
9660
-19058
18971
19979
18746
6564
-14217
-12526
15425
-15671
-21301
-14532
9087
272
-1885
-5921
-22896
2481
13157
-30168
-28620
16786
22595
7310
-10563
-10872
-11756
843
-24617
-17275
24296
12872
13361
-29775
-7747
2224
-13463
14199
-5950
-4868
-28699
-5797
-27032
5395
-22265
32188
30501
-21286
465
2763
13016
984
-17987
-15812
-11202
-29477
11759
-2570
30660
-27837
-26975
28102
22627
22807
11043
3816
-27786
32253
32353
27324
21478
-19206
-12970
-28726
26014
-4059
9637
-32510
-12084
-14875
-25253
30417
-3383
18803
14781
-10314
-11471
-3257
30635
22138
9744
13501
19903
280
-23203
22975
-20721
-14095
-6593
11724
13190
-27331
-11856
-6672
-8258
18214
-27077
26769
21919
29396
11005
-18522
-3000
1664
3526
-6587
19078
-24133
4968
32301
-32300
20314
-28940
19724
24650
-11743
-10757
-17845
25499
11482
20819
-17769
-16838
-18699
2531
6309
-9716
-21249
-24314
-24584
-26223
-31151
-17708
-12124
13120
1609
4631
21602
-7469
8178
6596
-17682
-25712
-9716
-4711
-5622
-19328
2872
8139
-27835
-13084
-21560
-30193
-24577
24009
-22626
-19096
23483
-2561
-20927
-15878
30632
-20039
14499
15859
-32040
-453
-22676
-25689
7075
-23176
1778
17137
-17460
11456
-3189
14471
-19911
-1683
-13122
-9692
12596
17787
-336
-24993
-28518
-63
1126
17273
23010
30608
29777
-12933
-27686
13733
30047
-18939
15475
-13235
-1788
-32530
-20366
10752
-18762
29343
4629
21841
-17574
-452
-30405
4991
22600
12865
-27997
19181
18428
20729
1569
5542
-6614
4561
7273
-24196
-8055
19722
-5084
8027
31945
8655
-10415
23095
25238
2886
-16207
-22606
-26347
-2162
2390
32106
26644
-12003
-12866
6869
10095
-10428
12735
5822
-3577
-12754
-19001
28128
3375
20373
22783
19624
-11357
-8802
-8302
-11894
-25285
-31221
-21208
-1242
-19321
-16213
24086
-9930
28196
6125
16790
-25275
-29775
-95
-17083
4139
-24044
31471
14439
4703
13368
10296
-9084
-11449
-29958
5472
-15736
30706
27920
-29785
5840
4855
-26859
30039
4228
5532
-8330
3577
538
-28371
22761
21432
19388
21509
27315
5817
25643
18025
15972
-12626
10259
-4840
-29327
-26103
8854
28025
-26971
8626
-5169
22363
-15642
-14056
-17134
28424
-13097
7233
-30983
-10470
21963
13976
29214
20720
-9032
-405
-24522
-3493
20753
-15111
18269
32187
1568
14889
-20998
-15676
-7861
21774
31846
-26140
-25820
1330
6347
-26778
-6344
-16926
-21094
30190
-27262
-14634
-30068
-11721
15678
-24062
4362
-6164
-11410
-30831
-11417
-11719
-13933
-31761
885
3644
7549
16364
-16294
-2554
7334
12167
-13759
11216
-9597
-28273
-16886
21097
7698
-29785
14374
-1016
9885
-17183
-18432
-4452
-24337
-27866
-23747
-1541
11970
-22206
-26084
6331
25523
6971
32542
-20821
-14063
9055
-3593
-32763
11563
27002
11609
-1654
-21440
24838
-2672
13427
-14580
-12513
-24970
-25465
28752
22568
6993
30454
-14296
-1670
14926
20987
5835
25420
-24371
12365
-11843
-3195
-25551
20342
5125
-8496
-13030
-21088
30329
-28842
-6997
26289
-21814
-14865
30099
-27988
11616
23153
10422
-28000
12753
6860
-15215
-6123
-28657
-11978
-5111
12711
-21929
20166
32324
11168
1598
5110
15356
-2383
-19028
-19657
-15035
-29653
1049
-31377
-545
31233
9274
-27355
-30706
24006
-20317
-6599
-3085
28914
-23512
-7755
30742
-4642
-23081
-23685
-15270
-11468
-392
12647
-30041
-9868
-11130
841
17060
1837
-72
-23025
-21897
30476
5838
-22421
14261
8734
26947
26966
8254
18103
-21813
27527
-10732
-11959
27509
12463
4125
-21021
-32119
6374
-19910
26638
12706
-529
30865
-5923
-28582
22974
13118
-28058
-32121
25912
16364
-31882
18063
6761
3017
7181
3132
-5584
-2171
-24104
-30207
29477
23036
9959
16283
-3913
-10564
-28949
-30628
22958
17105
-5039
-11817
2511
-17351
-8080
8788
5024
8552
25834
-27845
-27910
15576
-26160
-20924
13273
-9670
14117
18789
2284
12302
-14418
-1887
-3215
-11466
-16186
-32015
-12955
-31728
-11889
-122
-11467
-14264
-16313
22784
18501
-2038
-15356
-15683
-29766
27048
12423
-2958
-5274
-17802
-10864
-5873
-23190
-29470
-13615
-11404
10006
16416
-1645
14215
27223
7515
-12761
29481
-10580
31824
-20488
30790
-589
-1802
-9644
31600
29153
26597
-24
-7543
4222
8214
23767
-26645
11183
-15147
15836
-14483
28066
-28447
8456
-29862
-16902
-20772
6318
-29150
-4719
7950
-20910
-15792
15835
25188
-19209
-32712
-16319
-2215
20418
-29981
-12450
-3801
23952
-25728
11590
-36
29155
-14126
24388
23492
-5100
6105
30806
-8736
30749
-30552
-19427
28767
1769
-26585
-17999
-2094
-3036
20718
22262
-27504
22532
29835
-12128
-19056
28293
19475
-31201
5480
16122
3227
807
-30117
-29829
-28012
-20612
-24897
17209
-22886
-20651
-26214
3183
-30655
12284
20177
28773
-22717
6603
267
4130
-18836
-6296
24962
-21841
-12333
18928
-2468
-32118
-6302
20815
-22338
-14011
-31243
10390
18980
-17352
23794
3895
13220
-5421
-10288
-31130
-24128
-17107
32118
-23809
-16256
-1473
39
-1483
-402
12690
-8394
-11870
27854
-30422
-10820
-12138
29211
14138
-26934
28125
31282
25549
5057
23719
21205
-3015
-22858
-31221
13168
8645
26924
-25907
24309
-9910
-22945
885
27518
-14050
-23133
-19236
16152
-29567
16497
30943
-15624
-20034
6787
24941
-3698
12355
-19489
-29202
14829
-30066
-17909
5933
-7625
-18514
-16231
-29613
-16872
24794
3435
5896
28663
-679
-13928
-8243
-15283
10872
31932
-12638
-20515
12693
-5006
-26154
6148
-2985
31483
-29626
14581
20131
6816
10300
-8816
-15913
12429
-20224
18019
-23055
30560
-12048
-25117
5500
-14820
7689
23551
15262
-27235
30556
-20975
30880
9539
-8092
11922
1404
31726
-13873
-15276
26238
23062
803
-26513
23249
-6843
18690
-30700
-11495
16550
2425
-25079
8374
24771
21910
-32631
-18106
-6352
21918
-23723
-19888
-23976
-2580
21866
5444
-23600
-28455
14588
3859
-29725
-25259
-8203
14202
-10537
-30947
10475
17647
-8462
22385
3920
25849
21247
4164
-6031
-20966
24996
15512
-27606
14220
-16056
8511
-23990
20899
30034
30850
22674
-10294
10441
-30867
-24816
-12043
21815
17582
18447
26434
-11059
-27227
6468
15085
2274
9510
10819
15809
-10779
-31407
26668
-13674
-23389
-25438
5756
-12379
-22684
-29618
14341
-244
-21870
9705
8230
5063
25464
31380
28929
14693
-635
-32295
-22372
13167
5257
11637
3739
16071
4729
6319
25406
-18300
-3104
28873
-26030
2477
3212
-30145
29908
5171
-15401
20104
-23734
13412
-2711
29257
-29317
-24910
31044
-23997
9996
15430
-16077
-2292
8702
32173
-9276
-12771
17995
23689
-26621
-17046
-9483
857
-28392
7272
20151
-12435
-19728
-26810
-16821
7592
-24627
-20563
8166
120
-29230
28751
4798
29856
-15409
22945
30935
13262
995
25783
21500
26995
649
2110
29543
-11409
-24769
-168
-1831
-19703
2928
29989
-10237
7810
26700
20561
14139
21021
1820
-28483
11557
-31700
240
26564
-25059
-14876
10889
22482
-26390
-4578
5852
-19320
12758
18155
742
27999
-7808
-28097
-26679
-11497
7857
6291
-31667
-664
31939
29127
28431
7426
-18206
-15867
4622
-9711
-20992
22587
-305
-27832
-15900
-10765
-15182
22060
5278
-6307
4397
26000
-9319
-29887
-24998
25372
3977
-32432
-25458
-26466
-25452
3725
12414
18467
24339
9083
21466
-15661
28520
-22647
23795
4680
9300
22347
16446
-26515
302
19682
30728
-21477
-6149
10362
-727
2498
4510
-8426
10283
10074
5004
15663
-2687
12522
12831
-30559
23709
25109
15131
17213
19925
-21376
22099
-9763
4231
-22045
7783
-8706
-10511
-7494
31298
30516
117
-5341
30952
-29152
-17495
1765
10458
-10047
19931
-18931
-18561
26245
26170
3727
-8211
19905
-26361
-22618
32271
-4323
-19452
19416
2020
-8427
26837
-27603
21350
30885
-28774
-22197
17815
4866
10141
-21931
3627
-22356
22380
-7773
6289
-14811
-3104
31460
18715
9383
27515
-1546
-26444
8152
4671
-15898
-21964
-11113
-15305
25679
-4574
-22018
23227
30851
1595
10619
20193
-24575
26837
-24446
-23197
13373
-5401
19848
5932
-27463
-13896
-7065
20447
7884
-32325
-26371
10590
-28425
206
-869
-14028
6443
25182
4065
16564
15640
-6501
20877
26547
-24739
380
22066
9998
5946
-15144
-12257
12551
26010
-12979
28743
-23973
14721
-1729
-28960
-6032
36
1652
-19443
-6268
5729
-1241
2556
13739
-20682
17166
24915
4634
23702
14883
-17958
-30922
-28225
-11864
14042
18072
14890
-21627
-24560
26975
-14916
15373
-18508
31702
19175
17469
4615
9182
-5280
27892
25942
8532
1927
20380
32567
13018
4481
20512
20417
-11268
-6616
20845
-15863
3199
-2192
-21509
26202
20117
7672
20282
29373
17071
5554
11704
20253
30767
26762
2389
11247
28281
268
-4283
-29427
22119
-1100
5805
-12826
-27195
29715
7349
10958
80
25666
-23946
-11223
9234
27258
-22187
28832
-4172
-24001
-1050
-22996
27947
21209
13278
-17114
3186
-9064
-26158
-12665
21312
18745
-18814
26931
11583
-7144
-16570
32620
-27163
-26833
23519
25200
12199
-25423
12998
20146
11501
-9426
22792
-9013
-21976
-13480
4302
3095
-5012
-21555
21807
-12664
-4291
-18335
-23758
-10466
18666
8659
-29719
-2962
-26916
7013
27900
1986
-8413
-25743
26116
-1144
-28011
27017
-19299
3569
-9441
-7199
17647
-30507
-25042
-28691
-17076
-17786
5690
-14032
28960
7631
24942
-15680
-14944
15605
20008
-24894
-21314
30316
-22197
18289
-2289
22393
5224
-28466
26046
-19174
31388
-30477
-8319
1185
-6552
24303
6592
-11334
26863
16808
-1847
2740
9483
-25188
-31478
23817
14616
30613
-4956
-3699
9381
-8464
-15499
-24600
3939
-24207
-23858
25031
-9034
5411
17783
4044
30638
-18174
13297
21122
-21161
-31325
2914
16512
15262
-22704
5814
16682
1682
19008
-3369
20054
-23141
-27197
23272
-7985
-22401
-10076
-2506
10806
19025
5137
6788
12710
32182
12337
-4331
-6273
23063
-29732
-4654
4243
-26188
-13790
-8539
-24612
-31331
-23738
-6312
-9027
19270
-8761
10427
-2541
6379
14568
31308
-312
-17554
-15914
8003
31459
-9687
17532
12675
4173
28251
18209
11575
14576
-17408
-25902
-10618
-28460
31318
-9473
-26551
-21179
-8457
13694
-10152
3809
-32307
16737
14095
1553
13931
-19490
531
27721
-10746
18162
13101
7469
25216
-1376
12170
25603
15930
17200
4764
2533
-15199
-13216
-2021
-4371
14006
19888
23804
-18192
28151
-2669
31815
-25341
-25438
-15691
14287
-9343
17661
10787
23311
20553
28508
32160
14288
-20712
-23306
28268
-11103
2292
-11325
25486
-31039
6172
-1911
30568
-24368
29720
3550
-27474
-722
22429
-14156
17755
-22802
20588
22074
6405
31095
-26792
29085
-31471
26234
-8358
22617
-18001
5889
12327
-19105
12471
-21941
25933
-7938
-25778
-22141
-18732
-11813
-19493
-995
12846
9342
30141
-11007
-31009
20150
28339
29703
-29415
-21194
9127
21403
13770
9937
-21193
24381
-20543
-6062
23795
5078
9629
-12441
14583
2607
3229
-18325
3074
3161
-31343
-18787
-20245
19045
356
18017
-8506
28530
8593
14561
23968
5590
-7510
5598
-609
-3723
-26757
32733
-21984
3048
-27716
-17494
-26744
-16077
31422
14165
-12863
-3890
1010
9084
-5092
10518
11137
-18383
-17617
-11275
-10774
-16574
-5053
11637
25434
-9634
29742
3950
-7148
-23861
21391
-1002
-23134
-4771
5154
2142
-31128
-21222
13806
4689
-17161
1429
19609
-8582
3099
16614
13641
-8391
5946
31
5238
-31190
19600
-939
-22182
28312
-984
-27329
7798
-19007
31596
-7211
-6840
32055
21418
20441
-31632
-20214
-21920
20945
12476
-15635
-11950
12371
-2879
-3273
-16705
-3172
30660
8583
12061
-30110
-5688
-9906
-30447
-28846
-31070
-24797
-18722
599
-29742
-29500
-30137
-19661
23018
-23347
22955
-28472
6542
-5146
-20322
-18396
20571
-3093
-24540
19690
-26694
18618
29990
-13241
3369
-7477
-21595
-23345
-30420
16699
-25018
-5051
567
4267
20879
20969
1508
-19412
31506
19928
31120
15309
-5865
17607
24263
-26060
-21614
-5703
-12698
-9051
-4361
27344
14670
12602
-17874
-16067
-17687
23751
-27535
-22239
6831
-4186
16539
-10653
526
-3704
19637
-26585
-2962
-15340
1859
3933
28595
29289
5536
-23065
-12712
-31208
-11548
-5845
-31767
15528
-24810
26189
-672
17287
-18180
12286
10533
8032
-3839
-6879
16238
-199
28915
-10803
-14519
590
-15711
-14485
-4906
29197
-15990
796
20767
7137
19670
16480
10112
2669
7869
25941
-26649
8541
-15429
-19375
-28595
-9719
28128
1203
30636
31740
13306
-13721
7254
-1188
3424
-4911
-24127
-5412
17082
-21213
-11524
22786
6162
-21594
32549
-6819
17387
1697
6434
16354
10963
-13916
-9911
-29441
11660
13093
-7983
-1773
3603
29150
-1657
7100
-24210
1878
-19937
-11570
-21398
22284
-5796
24947
-10178
-26159
-1834
-30823
6327
27124
-28092
-21880
15189
2913
-19075
-15662
-1337
10283
22905
2116
-12078
-6628
14501
-22618
20949
2317
5083
30789
-11399
-27599
-12915
29769
25743
1716
-25855
-23469
31551
17728
3477
351
9822
-29041
13821
28051
-14605
3702
-12914
-14308
-28601
-26096
-23548
29843
-18614
26552
-25991
-29412
562
-25340
-31998
3355
23781
-31252
18260
-18512
-32025
-28318
-30110
-6389
27399
-16259
9860
12854
32287
27368
-29907
14870
-31131
14514
-3735
-7779
-31985
9627
5136
24139
13236
28713
25126
28348
-7873
-6619
-21114
17857
501
12377
-25639
-17037
32447
-9823
10555
8141
-3189
-30861
-20984
8012
-4709
-2361
21232
18628
29586
-6451
-23373
-342
-30856
-13454
-91
-20864
-12864
19257
-27570
-26556
21965
8128
18604
-13595
6953
-26167
20200
30735
21119
-22987
20825
-25463
-30281
-4781
-25042
3065
-15627
-12385
22174
-29497
-27011
-7601
7447
23548
-4740
-27289
-22882
22049
-28593
22303
4554
-5968
17541
4277
21734
20982
4581
-29859
-17591
-10270
-8100
29124
-9004
-464
23856
-29405
-2868
11326
22636
-32246
-17714
28206
-24876
-30888
562
-412
-5369
26606
-31849
-14779
-30203
-18418
17005
-31309
-20350
-31062
27855
25663
-3830
-29987
32502
-30292
11806
-22212
-9069
-22552
22865
16445
-25892
-31856
-11329
-23586
-8472
28804
-30196
-28670
-4881
30228
-30590
24994
-32079
-7273
25240
-14183
-11596
-16534
-12104
303
-15354
-6887
-7741
-20109
-15856
-707
-7473
-1697
12652
-21995
-26298
17485
463
7048
7338
21421
-23540
1362
4415
-18172
7779
-18320
12440
10041
16825
-28786
-1295
24149
29471
-21519
-609
1331
12248
16562
12657
-20493
-10347
32104
-17800
12145
500
32531
7913
-23129
22080
-11417
-6735
-23351
-14319
32569
26330
-784
2955
11080
29875
-23766
-30605
-1991
-20257
-30033
-6855
-27484
-8335
23721
-26186
18693
-18661
2031
-3443
-1361
-31585
28409
-8288
32643
16777
12055
-14004
6597
13601
11945
-18267
-16563
15492
12461
20170
19473
-6640
31892
16963
29524
22267
-23450
25978
16330
-15404
-15844
22763
-23581
-15000
6588
-21896
-7793
-21594
16951
-14948
-4434
22333
1508
16335
-32365
297
-9657
16240
-22807
-6225
7618
8065
-19024
27071
445
-23446
-8964
16197
10582
-8515
18238
-22853
-29526
-25892
10270
-19573
-11221
-12448
-30314
-26235
22802
-19200
-21568
-11313
-13738
-26664
13009
-24258
3308
-9848
-8582
10744
3028
-18226
-32235
30031
-18244
-32157
-25800
-27623
18066
-2962
11623
13868
26640
-9226
15491
10540
-20364
6719
8287
24897
-21623
9195
7581
-27214
-15276
-22781
6305
-30946
25686
-16760
22756
-10114
18160
20494
20103
-13114
7792
21767
8149
30641
4748
-19982
3441
31892
32528
16045
18007
-2958
9505
-11710
5280
-299
25908
17063
-14355
3241
24182
-6091
-29721
24712
-16099
2023
-24402
458
-30459
-10654
9768
-22652
21352
4930
7646
-8479
-18462
20682
-24210
8289
5160
25402
-8780
29569
13146
-9920
26533
4559
13080
-7037
-5343
26211
17432
-26573
-17277
-2738
26974
11453
13224
-31970
-12941
-31572
10487
31136
-11129
17291
2824
-20370
2177
4293
-1760
24011
-9263
1778
-7279
21587
18554
-26213
21975
1003
4971
3199
8183
24467
28744
-30277
7736
-2786
3536
27130
27838
21828
-7112
2774
26447
-1801
-31575
-3056
-4426
10971
-15756
-6400
14711
-4589
-7093
-17544
16319
9817
16338
-23680
24831
25673
-21711
2002
11700
-25043
-15928
-11169
-22568
-17451
14570
-21420
-29972
-17559
-22887
-11933
-29324
25453
23599
-25142
-26831
-27923
26707
29607
-22871
31912
-16411
-9510
-16769
-18965
-9672
2242
14619
-7922
-146
-27240
13789
-29006
-2904
-18202
2486
26663
-12137
26571
-31607
-5677
-19353
7887
25571
27606
21130
-6356
32239
-13681
-28070
23730
26619
25963
-32737
-8650
6300
30017
-25459
-28347
-9946
-24235
3495
-17044
-12968
-24742
-15385
-26858
7080
-19582
-21955
3137
-18536
29769
-11652
-7638
-5150
1788
-25949
-13712
-30829
-25505
-16695
2078
7111
-2123
-13979
19316
31813
-7033
-22372
4972
10795
-25684
1556
10935
21835
-17429
-22708
13446
7983
21908
31659
-32154
-30274
18772
28075
-10442
-8914
-11297
-25933
-23721
-22789
23615
17779
16048
-31350
26716
-20060
7885
20264
-341
11560
2162
11167
10502
-6615
29042
-28397
11541
-26118
-3655
28244
2818
27769
-7896
-30400
-7020
21706
15049
4277
4575
-12590
-11361
-17974
30248
28569
-30322
-16207
-2424
17117
-5734
-8915
13912
-11424
12893
-8777
20908
-11261
18376
-21469
-27260
-9801
-26903
-17654
29207
21874
-9987
1981
28226
5155
-14885
-4927
-13374
7793
-25016
24326
25948
-8567
22745
-14594
17344
-27772
14809
-16960
3788
31228
23176
-15858
-11367
2698
-14252
20840
29318
3119
-23637
-15087
1572
28428
3401
2125
-5144
-24800
32592
20035
28620
-24292
-6612
29106
-18622
30461
-19433
-1538
-19059
9552
-22675
18847
18825
-29767
4457
-8723
-18637
9775
-14711
30199
-27321
-15156
-31033
7858
21534
-18146
22163
24170
-31635
-29318
1804
18861
6540
32441
-6019
-3418
3375
-21665
18408
6076
17487
-10807
5427
1062
-22298
-2194
-9749
-32675
-3658
7436
-10390
12203
13957
12738
-9398
294
-9259
21936
-20637
10483
-31628
-24213
-29985
-21413
-32222
15513
-13324
-5994
-12769
-18683
25409
1807
3799
-11636
-30989
17112
435
-10062
23569
7410
18232
24416
-18330
32015
-9104
10211
19406
12280
22534
-14265
25676
-3293
-15665
26443
30151
-30697
25500
-15508
31761
-7233
-3983
11149
-27733
-12771
-10755
24904
12949
14120
32327
3158
-13739
-21363
2936
20112
-25573
-12241
-6242
21124
8175
14696
13217
-26443
-31711
32629
5146
-1822
-5578
-1012
-10100
29617
-25999
11123
28716
-4782
1483
19575
-15101
-25991
11293
-29699
-22731
-25191
-14445
-31803
15455
-4837
31596
-23619
24593
-32046
2154
1231
-768
-20012
29406
-9500
-20264
27236
16853
-16410
-3954
14341
-1221
-29792
19496
-14662
13781
26926
7159
12000
-9841
-3081
259
-8454
9047
-696
23027
7368
9881
-19525
1559
-12049
-5786
13955
24587
8514
-26013
8274
22170
14452
6193
-24991
-24333
-21251
-19524
12452
14396
-23632
-29116
19214
7619
5732
16049
-18117
17527
14563
17101
7946
-5937
32248
-14739
-15193
10806
-6353
30079
-15059
17065
14190
14059
30009
-31262
32571
18604
-27505
-8958
31828
1812
29499
15252
18026
-16169
-17963
-12545
-19131
-20777
27517
6406
16857
-21852
9735
-5866
7284
-15493
31651
-17184
21058
-29193
-14264
17044
17862
-15045
-7399
-19916
-11651
-30015
-6263
4974
-9468
-28468
-26834
708
-4523
17223
25419
-5955
-27155
-11626
-4194
-19748
-19175
29551
-1261
-31743
27853
-28851
5097
-28363
8809
-4235
25231
4645
18078
-5696
28904
-9022
-17916
-26043
-12240
3343
16145
-31653
-17326
25622
-7847
-16822
-27377
-23835
-10571
-8975
-27273
-28268
-21487
-32446
29277
-2871
6653
29341
14354
-22646
28697
-23948
-24526
26024
17934
-7900
2412
-28469
-6154
-25878
-19947
-2767
23758
1519
24037
10367
-23647
-23922
-25432
-4355
-26709
3184
-22408
2335
-30849
24273
-2105
13399
-30448
-14551
27942
29083
-275
-10447
19817
23332
-17581
-12301
3220
8822
32323
21658
-24196
-14997
26713
13169
-190
-19298
-23010
16185
-32619
-16470
-9877
-13394
5986
28883
-27265
-4825
29294
22986
9625
-19642
17270
-7829
29301
-8862
19760
2459
13025
-25231
-6602
7157
28489
7542
5536
31261
-12886
-30999
-27853
20593
9768
-19021
17119
-16857
29400
22143
14784
26475
-16754
-14132
-31604
2372
-3477
15848
11566
11014
-24307
28107
6077
-9979
-21830
-14492
-9323
-25177
-3357
-15312
32420
5218
5738
10477
-20588
1404
13353
15541
20905
26673
7413
2807
-2399
-4569
-22886
-30722
18612
-27801
-15855
-7838
-48
-31550
-19643
-10078
17916
26827
-11212
-6189
19961
-2518
5937
-3347
8808
21277
7142
9295
-17554
18137
8415
-19368
12731
-24993
19683
13715
1972
-19712
3977
2479
12888
-31942
16627
-4169
31715
12665
2291
14211
29044
16441
-20107
22596
13613
-845
-19730
-278
22943
1317
9762
-5730
3400
13115
23729
-26076
16149
-6971
1330
10965
-12326
-26136
-12369
-32035
258
-12257
-31105
3852
12731
14872
-27560
16439
-11127
17802
-32293
-2106
-3980
-22607
19446
9405
-11644
8809
-14123
21701
-4017
16111
-54
-21667
-14555
-23237
-31539
14399
14855
1440
17656
-13529
29578
17442
-32485
-23612
-6151
-23195
-26375
-9597
4443
-3454
27051
10617
25297
11785
-26591
-23347
16530
21936
-24541
-9554
23054
16839
16648
-28598
-19191
9069
-30357
21307
-14437
15422
-7125
30908
6278
-22284
-14366
12830
123
-30031
-10579
32139
13871
4742
-11731
24128
21684
-5622
19172
5617
-8241
10269
-2157
5446
11410
-17918
12585
-12298
19961
26276
-21848
-6854
-3980
19327
31303
-32070
-21664
-19188
42
26608
-19765
22873
-29657
-28878
-25302
28590
22126
-11528
16336
-20972
813
-6123
1682
5957
-31676
24549
-18825
-3198
25909
31781
29470
-7366
-1642
-3530
6243
-9653
12838
2684
-17298
29257
-13145
-24073
-19986
-22033
3580
-30864
7573
29002
-20616
28343
-20499
-12338
17809
-19039
-32528
11102
14566
22713
15616
-27308
22936
-15654
22603
22013
-16314
160
-29142
8595
-16993
5615
-1204
-16520
11598
-28821
24279
31563
-14447
-17907
154
28400
-15462
-10157
-27033
-16131
22698
-1791
-21243
1092
19866
18861
-12847
-12134
-26820
19123
8611
-9887
14702
8672
847
32559
16642
-27919
-19743
-29713
-19406
27776
-32540
23534
-3801
-4408
18872
8643
1267
-6741
-29932
-12836
27434
-4673
-32504
-18461
-24230
4419
20659
19684
-3391
-2118
29369
-15832
16756
-5872
-7687
-3301
7662
-22125
20139
-23709
3785
-8610
3188
28734
1361
-2016
22889
30167
-4398
-11939
-26988
-24092
12276
-4802
-8916
6522
21497
1326
29690
17525
-5697
25629
-12008
-5102
31658
-21394
1002
-25778
-3209
-31039
13031
7862
30795
22546
20891
-21099
-28662
8829
-23091
19611
-30754
-31186
-7193
-7415
-24620
796
-14789
-20069
-23907
-28482
11103
26421
-1040
-28144
5932
-30049
11557
-20210
-8776
31569
-10320
32262
-26364
23804
-6526
-3193
-15000
-15552
3100
12194
26686
25200
25640
9760
-14949
-1380
-13239
11166
5759
-4744
9957
8097
-12136
6463
-20740
5165
-23641
19607
30932
24584
11501
-23112
24434
-32347
11396
-19978
-27550
21378
-12277
-27506
27422
-14512
15263
2205
-19888
21396
9268
-581
-10163
23137
17950
-32719
-19519
1145
-4457
-2622
1815
11419
14122
15315
-29042
-26815
21774
21030
-13069
15888
-25717
-21596
8671
29020
29385
-12476
-32751
-10386
-4565
-4206
-17466
-15667
17165
32155
1256
-4537
-26457
27359
-2163
-28067
9072
-10497
7681
-21398
4952
-7229
-1176
-21871
31553
13326
31402
25234
-13749
-14349
16185
-3662
14614
-24163
20185
1552
-12047
758
-24068
27985
-19859
21517
-240
29466
-17661
9772
-5430
27318
-92
10012
-23060
3811
-8057
-12074
32441
-3265
5782
-16114
-32214
20344
-21938
3606
-196
-30639
-17623
13424
12231
-28838
-31877
21765
22104
5416
-913
15743
4067
-9669
27314
25255
-21811
10105
31951
30212
6658
32309
29870
-8337
-31426
13984
-2369
-23490
-27939
-27321
-11557
5359
-1134
-21307
-27776
-8853
15653
-29575
-27973
4839
10878
18711
6319
19146
-3807
-24024
-25057
-4995
31526
13639
27454
26610
-21727
-24211
20845
-21232
-724
25798
-12339
11073
-3250
27270
16075
29494
-14357
28985
10253
-2184
16921
21143
10252
-17868
19289
-24363
-6075
3119
-6571
8479
-31663
-7849
-27782
-31138
-3718
-10776
-11953
13090
26442
-2858
30701
-2195
2974
13333
-5144
-31172
-23662
21663
-14043
29978
15338
-8736
-29636
27905
-23600
22260
20862
-19336
-22366
22766
13143
-15373
-19931
-3559
28980
-13585
14549
-10942
5582
-21437
-19235
-29199
27224
-14708
-14340
27176
-7325
21008
-30359
-741
14270
-20737
1940
15754
-22647
19907
10682
-29602
-29252
-23895
-29201
-19115
4832
18164
-28539
18645
5091
27414
11757
10228
4960
45
24103
19168
5035
-19414
-24613
8281
29810
-2491
7783
27845
-12368
-18103
10343
5105
23231
-10264
23684
-24148
-28413
12126
1113
-15743
-26245
-32069
3170
-4364
19753
17934
28434
7835
21999
-8913
-14999
20727
-24305
-15496
-13854
-26977
6087
29202
13063
2346
1464
545
22993
-16255
31219
15960
-4083
-8453
-17674
-23994
10935
-30240
1440
15094
25417
22271
-10559
-6624
3352
25400
-21742
24030
-11003
-4391
23883
30227
-24732
-31339
20289
-2360
-1053
9140
-24581
-6879
5780
-13363
3075
-13708
-5027
-1935
4142
17294
-20904
9685
-632
21233
-15093
-6566
8288
7904
30907
25640
29883
-6651
-21428
9803
-1048
-12527
-26577
-8002
-14782
-11383
23685
-17413
20039
-18695
-10107
-396
-18764
5766
-7708
-29474
12218
-11023
3801
-2782
9074
27875
-17341
-6150
-21056
-2470
-19231
-5951
-14388
-31873
32683
-7509
3552
26206
15103
17516
-30274
-1659
-6292
13685
-2276
-13607
983
-7088
14316
-29146
-25428
-27474
-16956
-8746
-15850
-16871
-27222
169
-390
29030
-21488
27600
-13243
-29999
-1987
-26678
13117
-28019
-20512
-26550
27002
15780
-12348
25458
23129
-9872
15551
1938
-31241
11015
-12613
22993
-3189
8808
-12153
-6514
28021
16750
10458
31178
-32274
2720
-12344
-23317
22217
21720
-28904
24576
-15491
-20676
24388
28365
23563
19385
30011
3831
-6061
24595
1846
6554
-6164
21483
30056
24266
21511
20434
32495
-9978
29389
18691
11509
1378
19683
-16983
-17660
-1957
-1137
-1136
-11791
7200
-26769
839
-23925
-25420
31470
16024
-27315
19989
1689
23010
6880
22726
-17831
-23534
-27758
-9959
9166
-27001
-29233
-28272
10276
10464
-27776
-4021
-15440
27376
31959
12855
-25062
-3113
-1995
13428
-15834
-25506
20791
-23051
7348
-12455
-32559
-28692
-5160
19334
-6104
-3337
30856
-15737
6046
2513
-11161
-2836
11402
2075
14369
-13592
-9862
-6367
1125
9624
12965
-25516
-11806
29436
-2599
-29327
15116
-11335
-9422
-19135
-24620
15403
-2206
-28636
31421
2163
-8999
-13549
-25018
22432
-29830
-15214
-3280
-4751
30045
-4243
26846
10225
-5286
-18531
23234
485
31447
-21832
-3104
13471
-18943
-9490
-31331
9239
23648
4314
18125
14465
22477
-2691
24728
10556
12794
1984
7282
-19144
13756
22715
7488
29530
-11300
17830
9431
-6534
4698
-28497
10495
4229
-9875
18751
19908
-4144
6180
-8893
29105
9627
29586
1775
22791
-3377
2799
13121
-11583
3600
-9485
2079
30676
8629
-24606
-29734
-23856
19003
-20411
-3644
8669
5653
-12712
7164
-14302
1267
30826
4705
24615
-21481
-1361
3291
24662
-21207
18866
-30285
-726
2023
-23711
11207
-11755
5393
-9637
27623
30415
8585
-6683
32135
2423
27071
13316
-10942
-22833
27661
25316
15767
-9063
14631
-20887
28976
7878
2187
-21291
25138
17101
-30390
11322
-3122
-23594
-20655
1362
-2257
-13647
19034
-22695
28441
12353
-25318
4141
19314
26936
22136
-10998
25181
10377
-30008
-3968
22871
22374
7468
16405
31727
-20232
-17109
5097
31024
12861
-15768
-15719
-15201
15679
-18524
-2417
1568
5301
-31713
-8650
13533
684
17186
-3943
29682
-20468
6967
-3316
17843
16529
-10383
-17938
8023
544
-16332
30492
-15949
-1360
-8094
-24592
-9120
12706
-25032
-13996
30782
22303
1300
26316
21007
-17303
26443
26342
-16332
581
12653
20280
19539
-13557
12178
9763
29203
4848
528
-22461
-24596
25816
17843
-30437
4053
-17974
27700
-9011
-11105
-22840
9891
15803
21781
-30647
-11613
390
-15477
-13260
-19651
3552
12731
-22816
11618
-4745
-24218
21450
-9326
26801
-4034
-525
-3540
-13152
31068
-24963
-25440
11491
23414
-24552
30266
12038
-13997
-30967
-31589
-11549
-20455
15807
1823
-24155
-6128
-9452
-9980
-18549
-22337
-27149
-8781
23571
4036
10999
2934
-18644
29625
10624
15170
-30633
-27996
10984
-20356
30662
-3416
22812
-32344
6120
2725
16444
15015
25022
10015
-32698
-30860
-21097
29477
-5094
-9912
-29982
28262
7782
-26697
2605
3133
22674
-25372
1183
28391
-12423
17675
-12521
-22276
-6398
2263
10850
-14029
19329
-491
29134
27032
-31552
-9539
-12733
-27224
-15923
21197
-19774
26864
-13944
-11061
17056
4454
3997
16013
30697
13644
-5404
-30290
12153
5942
11052
14562
-8086
-17256
11698
-2197
8207
-6539
21008
29517
-22672
24272
-26316
24458
-5451
-16697
-3004
28454
-2421
29046
12354
24670
19822
18846
153
29740
-5696
2095
-21208
23093
12180
-32758
-31968
-12024
9546
27268
281
-12939
30672
8268
-23608
-19270
-31330
-6048
12587
22367
9290
24741
-4627
-3278
-7153
20557
30132
361
-9106
2276
24115
4318
-16778
-9791
15846
-9188
-15163
-23307
14239
6596
-14949
-13445
-27306
-25299
-5976
-27748
27575
-2125
10555
-9304
22760
-23618
10928
-22665
3125
-14718
-15122
10212
20275
-1721
-6536
19740
15070
1258
-11306
14840
-10159
-6996
21473
2718
4843
-12680
-9516
-29621
-8062
6946
14706
-9191
17153
-5773
15732
7125
10796
183
-4959
-18918
-18679
19834
-24318
-32424
-195
-32130
-11583
14069
5356
-12954
-7974
-16024
4760
12189
-28576
30485
-3983
-5275
26777
-17823
20230
-22751
-2322
-3820
-24660
19502
1890
15587
11730
-82
-18552
-19231
24274
1913
16144
27656
19998
-19652
-17148
-12475
-15132
23947
11791
22882
-23686
4658
14185
-9397
-32098
-3488
-5325
11743
9129
-24467
-6152
-1335
24814
-5241
-13574
-6752
26769
8375
20744
13074
4436
-18685
29375
9233
-10340
-23540
29257
5918
32000
4097
-32578
-14298
-12011
-3434
-11339
12896
31029
20466
14900
-4591
16802
22191
-9039
1259
-26042
-2658
-2015
10049
-20472
-11810
20622
-20628
5761
-28950
21212
8380
-12015
-5085
28258
-20732
2473
15226
-19291
30780
31866
-4865
9732
-12898
24807
-2349
-28748
-8495
-6793
16729
16984
-7792
-19471
30376
12628
15371
15771
4301
-29289
31196
23325
-28088
-20539
-568
-11638
13167
-2000
23987
-26802
-19666
-1664
-802
27918
16656
-16051
7181
8709
-13575
24107
1144
3869
-11723
20895
7706
25948
-18536
10553
-26993
-24469
25241
20468
6955
12508
22140
7135
22195
5887
28611
-24365
-6035
29131
21931
-11308
-8942
-9539
-30577
-30234
26829
326
-12874
-24413
2547
-5348
-16403
32235
-3372
26509
28567
-29672
-20964
-14198
11619
26080
26809
-29011
28533
12436
10257
31765
6665
12501
-7892
-14392
25372
-11070
-12739
-28688
-10615
22685
-10671
793
-8374
25242
-22145
5931
10701
20041
-32171
19916
7540
-25814
25409
31187
25152
-12349
-4354
-31417
4459
-24559
16001
15304
24265
21293
30235
28402
2578
31036
-3793
8653
4468
1626
-29146
-22669
-141
31076
-336
-32596
-16429
-4960
2115
-14294
-20358
-32496
-14533
-2167
13341
-17954
14867
17892
-21552
27409
15852
10313
10169
29609
32584
17818
-28736
-1555
19585
12510
-17704
19859
-17818
-14872
-4752
20319
6744
30407
-18460
31491
23582
4480
-27652
-4699
-32576
15650
23692
26913
-10142
-18357
-25301
28079
4677
24806
-31480
-21285
-8387
278
20612
-12809
-4173
-29757
20346
21009
-17055
7023
-31991
-14282
-32723
15432
-26521
-25319
9890
-28785
-10046
-26262
17321
-4711
-25892
-20315
2802
12703
4397
-15876
12610
6167
-26759
-7147
-14140
-9872
-11018
-10148
25210
15009
-22821
1962
27800
3969
21644
-5932
-1947
-24907
16124
32326
-12679
-6138
-20199
-23013
23726
-10158
19498
-27156
-31929
28697
-29161
28932
5498
384
21645
-29330
-20922
-25470
8162
6275
-2424
12316
27650
-19277
-22141
-25453
-28159
21916
-354
-4793
-17670
-14140
-13269
-983
170
8527
-31378
22844
3210
16088
-20141
-28313
-1793
-1698
-25163
-6188
-5421
11379
-17857
-9778
-2408
25353
7728
-3533
30207
-21208
24141
-15671
5836
-952
2530
18771
15621
-21343
23548
3796
-14222
2075
-147
-17029
3701
-19112
-10407
9238
-13725
5231
-15997
7153
6481
-14737
-9345
-24939
15931
26312
3493
-20809
29380
30782
-10312
-8991
24990
-29494
-31407
-9723
28066
-31453
5435
-20812
-10594
-20979
22372
-14135
-25304
832
1120
-741
-17920
25814
18167
18618
-31889
-5566
-18633
-14332
8393
-27094
-977
16136
18349
-26013
-9796
14583
832
11138
-6080
32046
-7867
-20943
-21507
-64
-1810
14000
14180
6285
14240
-16861
26255
9823
-23678
-30817
23187
-16602
31793
25232
29572
20014
-14608
6716
23566
30807
30502
-14329
22781
28004
30310
-8497
3017
-1643
-2859
30765
5462
-8734
13170
27870
16184
-5114
-5925
-27031
11626
7617
-18988
-26781
7066
-11943
32747
-5609
22978
-20441
23673
16501
-24011
19856
14810
-1590
4220
8765
32204
-28584
-19957
-10731
12050
-12088
-7184
-25376
-26590
-28639
3349
10012
9403
14118
-25599
-3654
21440
-15775
25076
5923
-28295
14427
-22326
-8832
-19093
-15925
-29972
-5279
27593
-8564
-23358
-19398
26393
12965
31597
-820
29091
32614
-21430
-19901
-26901
31051
-8185
-6947
8131
-17004
-23462
14766
1856
29766
27066
-7575
-4835
31157
25431
-21909
-15327
21598
-31013
-15158
-12461
-21939
-24674
-32041
-28358
26974
22762
-25025
11779
-29821
-11642
2678
-10587
27518
19602
-31028
-7738
7019
-32118
9747
10022
-4024
21928
-18150
20652
15765
20325
32185
-22323
31226
-29596
-13386
17905
-14640
-19806
-15860
3689
-24675
-23246
21761
-1161
5005
13696
3196
19300
-12034
22244
-15892
29091
4185
1474
-6670
-8529
22310
29146
25569
-6405
5781
28304
-11321
-29344
-27710
2503
22367
-11995
25919
8517
-29286
-28210
19516
-30813
28352
17587
-6835
-16586
-10716
-29601
-22758
7455
16316
30137
1136
-24557
-22687
-5742
-27335
-8196
-17272
19330
-13617
-24408
13884
32191
808
11959
24121
-12239
1084
-30431
31975
-29926
30651
6406
32634
30572
-2735
26143
2334
-21830
28834
-9380
25276
-20109
26930
-24414
12226
-6572
20718
24417
4259
18314
24097
-19192
-7727
-31066
10826
17324
-2748
17126
-20492
31931
27901
9660
-3158
-27867
11628
23467
23037
24160
28644
-505
23157
19262
-10730
-7812
-900
8975
7116
-11892
18320
-28735
6464
25274
-11658
-18320
21551
-18751
9553
27223
-5714
-23175
31998
-25230
30442
-7585
-10638
27412
-18689
-15114
-18191
-32553
-1225
26194
-9426
29537
14650
-3845
-29437
7767
-16744
-11735
7126
11428
31494
24071
6275
28821
-10193
17067
-6022
-19617
-7101
1383
-27282
-11494
-3447
-1926
16676
-2295
25154
2289
-10571
-18106
21568
-14874
-15189
-3592
-3030
-16976
815
32321
-14574
-18466
-20324
-23752
19989
30095
27483
15595
11835
-2007
15412
25163
4209
-20781
-29659
7152
22592
-13357
24686
19522
11410
7042
-20458
-15202
-20095
27685
25072
-18426
-18001
19901
15303
-7473
5830
-18536
-19978
-31773
-23607
-5436
-7754
15257
24828
17852
12021
-15086
-24574
-21332
-26764
-32539
-30275
3181
10762
11079
20018
2977
-2966
3898
-4867
24615
30587
17337
2170
25999
32544
-11832
10430
25837
31416
-10383
-18322
24827
22617
27431
13698
5352
-776
-1860
-8114
12319
4234
-18576
15653
-20894
2795
-13244
1758
-7796
17751
26632
-31801
-1251
16274
-18681
-6969
11080
12479
-24958
-13133
-2977
22065
5090
23525
28497
-17048
-29518
18030
-3991
17794
12771
-10736
-23430
15660
18296
-11287
-29391
11056
-25663
-29712
-29772
-20356
16161
-31915
2873
29413
-897
-7622
-6654
-30958
-13086
-18983
19460
-19957
12358
3559
18215
22149
-20745
-4105
-11892
-26518
-27634
-16299
-8116
-2887
16018
-24258
5232
-29101
-9847
-1926
-29316
31525
-30298
27145
24485
17712
23299
21001
9706
-2256
-22680
-28071
-12038
2488
32143
-14413
-15756
-14436
26270
29349
2940
14436
-22907
-27754
-21965
-17315
-15976
18780
24230
4936
-11257
6663
12075
984
-30333
-8583
19193
11300
26587
-736
31719
-20297
25484
16219
18025
31312
20691
-20287
-17368
19849
-455
19971
-726
29582
-3316
30810
-20850
-32445
11487
27273
-32634
25149
31997
17470
-1794
10489
10938
-28874
32550
-23264
20237
32081
-9277
-13513
-14685
-20831
1688
-20068
31644
469
3207
-13518
-27108
16007
32489
12909
-8577
7169
28752
12679
17202
10829
27192
-27907
-16123
23196
-28567
-19316
-4892
-890
29871
-15538
-20053
23638
24454
20413
-16112
14150
10978
-8642
-9230
5570
-24762
-9936
-13931
-114
-24357
-31055
-27132
-19729
25250
-7279
10103
6172
-18143
-19871
-5287
4651
29968
-29888
30790
11804
6384
-4974
15155
31991
29948
6610
1509
-24718
8481
14515
-32272
-15683
28016
30850
18824
-14615
-24757
-20400
-328
4389
3839
17745
-14044
-20390
22439
12475
-24366
-18612
23688
-12804
11680
-25350
3775
-20180
22927
-27479
-4771
-27754
30541
19118
5185
-8185
25264
28996
-24234
10747
-18686
-9845
-27152
13419
5808
-25033
7322
-10156
16194
-26479
5026
16073
23137
-27612
-15360
28858
-22192
22863
-13171
18054
-10693
6071
-24246
-12064
27565
30453
-7725
19564
-29758
16016
-3542
20496
19045
-2431
23579
-27258
-7337
2269
449
-21293
20119
-9264
1793
15245
-30039
14745
29364
31696
-13408
29132
-16682
-31507
-2996
-8296
25828
26153
-32127
-3053
-22898
-18121
-32577
-9006
21526
-24262
-26273
29314
18021
-13024
-6037
1452
2998
-1775
26147
-23455
-21048
29745
20226
23812
24830
379
30117
17785
18865
-22799
26113
-32738
9976
10835
-2905
28162
-26952
29095
-16056
-13542
17232
-1915
9757
-24227
-11748
-20446
14841
-16722
13948
27183
-13647
17037
-26857
-23638
-435
18909
2081
-1428
-8595
-2806
-20627
4013
27178
25736
-14597
1220
29878
-26635
12
164
-9956
-2656
20974
29695
-12056
15071
-24724
8626
6426
8353
-16147
-26338
