-11333
-24720
-27196
25679
-29201
-14118
22756
-16990
11642
22414
31425
22015
-21448
-10409
6500
-8828
5772
-21410
22380
13057
12019
-13920
4599
-9810
-7023
-3052
-16585
-20465
2296
21723
-1500
-4279
10430
7573
-28954
8469
14537
13411
-8574
-12152
-11567
-16036
8827
-2074
24889
-6516
8370
7005
31410
-28418
3314
-23890
9861
6331
9265
9847
20067
20866
-27220
28517
20609
-4601
-1427
-11679
-25743
28625
29724
-25356
9704
-4631
28724
2664
10523
16700
-32540
20445
-30544
-14960
-16819
7495
-2813
-13427
-28343
-30907
11285
30269
-31787
-2418
-27900
-19760
21589
-11229
-4392
12335
19234
4085
-17266
9788
-5923
29125
20274
-8561
2289
1153
20210
23992
-17398
13671
26950
20951
17677
5965
31349
-15343
-24107
1089
-4199
17637
5012
18062
22822
-7029
-9067
-12259
-3438
4469
-28061
3371
-18413
1465
30856
-3144
-31397
-1779
-22080
-5027
-21444
-29613
-21869
-13722
25124
25055
-15696
23671
19900
14129
-21178
-15567
-22466
-409
-24798
10099
-7499
5207
-12060
-10071
-15278
30303
14413
30209
29711
15379
-11273
14302
-10102
12564
10816
-7400
23583
23662
20257
-24544
26364
998
-12475
23280
20982
-11403
-17679
32697
-1368
1079
31360
-6205
-2813
4398
-30071
21255
-3581
30937
18395
-6382
26388
8891
29804
-28123
24427
19352
-410
-10006
-1038
-23141
1194
-5839
-11589
12763
27193
3716
-10478
29485
-13122
-1949
14025
30206
11243
5027
18157
-18754
-20331
15923
-28295
-31829
4699
-15398
-15015
24476
-29531
-2724
-31322
-6221
19556
-11113
-23938
8792
6125
-18085
26610
704
431
21111
29205
25366
-20408
-8730
14623
-30141
13651
-31634
-32256
-11540
-12148
1180
-796
20531
1214
59
20080
-26738
31844
9819
17706
16424
-17666
18000
32719
10318
29889
9219
28329
24454
6963
-16269
15538
-30266
28238
-31853
-643
-9949
-4594
-22757
-15998
-10807
6706
-18553
-6928
-8495
14736
-19836
23100
-24433
-17635
-4217
6124
-30223
30764
-5980
25514
-5928
-32644
15066
23900
17487
-11419
6858
-26473
21990
-17657
31970
24092
-23867
6593
14830
-4219
23777
-14965
13796
-2966
12743
851
23805
15192
-28076
-14596
321
-13208
-14160
14822
-25665
-5782
-21599
-4694
-15049
24932
-3943
-16655
6264
24432
-19563
19670
4792
-470
26061
10196
9607
4320
-993
-29565
-9701
-32320
27440
-26106
-18350
-27610
1510
-7471
-9529
24281
-5576
-17700
-1296
-28612
-20894
8872
-15993
-5636
18247
-2793
25652
-26684
8050
-3197
-5127
27356
-20579
1147
21938
-6433
-27575
21883
-21287
-16891
-19667
-3789
17102
27742
19071
-29166
-20779
22940
1211
17329
7993
16185
-6061
-9810
10668
-8848
-1397
-8499
2053
4066
16101
14691
26991
721
21627
-20096
-5639
-23507
-19350
29531
20830
-31211
24310
19582
22517
-9278
19726
23443
6395
4663
-7347
-2326
-21975
29862
32229
7119
-31040
-19326
-30668
-16874
24009
30134
20176
11247
-1961
-31198
-4275
-14926
32029
-2070
32046
-19543
-6378
-12653
19369
23952
-29408
28539
-17606
12082
9315
-5088
14271
-32546
-21541
25926
-5392
11487
-19177
12122
13135
-7986
-6278
5513
-9036
-520
1099
-27464
15016
26646
5005
-2506
-18302
-11511
21995
-698
21423
18235
23272
16124
-4620
12313
10700
-7649
-4146
3577
-29525
12913
16629
-1460
18180
31158
9740
-23312
29158
-21756
-30991
13550
17591
26695
-11376
22716
11714
17635
23863
4499
-26028
29781
-12976
30222
22201
-11754
6491
-11773
5117
-27202
-24733
-24007
-7178
27817
2435
7111
-25941
-2988
25462
-8425
-25361
-11135
30718
-27087
18778
-25774
-14110
8337
-8221
31345
1258
21535
21116
-12730
-13082
-14718
-7861
-32413
11853
443
5390
8562
-13914
32204
-5075
29056
-14974
19642
27078
-16194
27341
19617
9303
23591
30284
-21661
-26440
-11269
-7194
31614
-20800
-26166
-23541
4590
9263
23810
-3013
4330
-4149
-16285
-30539
10215
-6600
13455
-31174
-17653
-10545
30974
-696
-16383
-25669
25969
-18252
-21420
-20552
-16464
28886
25438
29031
9167
-6408
5807
-1988
-9632
17728
18751
2940
-32077
25297
-10103
11033
-9658
167
27372
27022
-7729
-30428
12320
-15159
29113
-31978
-18801
759
2284
29245
-24068
7477
-21274
-22301
-4753
15687
7195
3242
29033
-20148
15994
3524
22360
-30330
28554
10952
28034
20890
4569
-21303
2938
-2337
-28064
-27264
8399
-20541
-9738
20822
-3478
5929
26845
-8755
23962
-14820
-30620
-22398
-25607
28368
-4693
4601
-21704
14842
-20165
-5252
5399
-22108
6676
27690
30140
-6320
-11306
719
-27127
1300
-20026
-3288
22251
14647
30201
-26346
-13942
12295
13051
21709
-29333
30533
-25779
-20567
19911
14583
-15548
1627
15172
-31544
-11193
8335
26684
-29012
7086
26337
-1650
-14268
-2543
-8983
19121
-10174
-9413
5391
25742
-6277
-893
-9005
-30308
-6053
-30166
30432
-9893
-30230
16736
17497
-20798
-3731
-8791
21379
20874
-11502
5762
30138
-27653
19421
6116
-11725
-20829
-12972
-29653
-26462
-21493
-20167
-27046
17557
8092
-27559
-23354
-10247
3106
-22701
9488
-31785
-27448
-16022
-1141
-16591
-28804
28340
-29943
-2014
-25859
-2525
166
-17559
15474
-31688
1089
-17784
-3373
-21789
31986
26840
21169
-20976
-31271
-23860
-14397
23657
32599
4697
29180
-3751
-5679
-28294
10024
-23362
29456
18206
14534
9843
14549
10194
8059
29128
-24264
-17325
24258
-13605
-26554
-23583
-6906
30373
-29794
26192
30390
-24035
-32197
-23146
16949
26323
10217
26864
9444
-24105
-19918
-3098
30705
18033
-1181
-29813
13044
14500
19440
-24598
22202
18469
2944
28045
-8922
-20809
25861
17729
18093
-12586
6783
2705
-15369
1204
20081
-17147
9922
-6374
-9644
-28069
-11603
-813
28951
-19734
-31786
-30045
18394
-17115
3281
-10256
30263
25202
-4931
6703
-29313
-23819
-2388
-30435
-32438
8648
30532
-14283
-5486
18141
-10439
10056
9980
6435
-14724
9629
820
-23107
-14404
25006
-14388
24997
-11598
27454
-24621
-27405
28599
6374
-3739
-32742
-15232
18456
19128
-14681
28306
-28981
-27672
-11145
-19152
2995
741
3182
-13014
-27815
-16026
549
28375
16594
-4660
-29859
-12308
23318
-25611
-28534
-10949
7068
-29960
-9867
22638
-21976
-7984
-30917
-6241
19641
17562
12438
27605
-31598
30327
30691
-15615
-32476
-31138
-2917
7527
-26906
-17122
13308
9852
-30245
-4363
-24226
-11034
-28862
-16964
9233
-5595
18491
17962
-23018
5041
-7153
21509
-20535
-4055
-21049
7385
13082
5148
14359
-3830
-23092
-26306
-19943
20764
3877
10487
-6689
6366
6248
14402
-9089
1959
11591
-32253
21167
11005
-10942
5521
12034
14400
-27810
1003
9564
-15401
31407
22995
25619
12177
-32449
13957
-24045
30615
-22286
-5693
17375
17863
-18508
-10960
31840
22908
-22635
30063
4386
-15984
14729
-13320
-12433
-19009
10258
-23548
29450
29865
-7391
31811
-20901
28416
182
13622
1928
-19628
-27296
-32656
26070
-28275
19948
-22535
-24781
10391
6427
4302
-9832
26210
18798
-31715
-21413
6910
23341
-10586
-6488
14388
29271
-15039
-27216
-6987
29049
-4038
2164
4450
-26089
11024
10384
27691
-32596
8621
-5926
2692
12862
4093
-3793
-22724
3566
-15652
-15807
21827
23510
5884
-8569
-26023
15589
-3797
32529
31851
28637
-28204
-22671
-6814
20838
24310
10536
-9821
3826
-5536
-13453
-22969
-32117
-21578
6123
27835
7747
9983
-12613
1195
13051
-22445
30289
-4036
-25175
-6358
-16587
-13282
19529
-10500
-11214
20274
-22059
-3412
27186
4039
-31615
-21288
-12894
-4687
11585
16919
13763
-26433
17469
26319
22070
11624
12203
17513
-11304
-26826
8333
-29714
18842
-21829
31817
-31720
-25666
807
5525
11865
-25789
21647
-1693
9754
-2704
26096
8089
-23141
-29937
-20228
15549
21144
21702
12669
-31521
29465
13266
31455
11628
-31658
26797
-29733
-6233
-25890
3976
-26937
-6768
1154
-1201
-18715
27284
-18678
-13064
10222
21972
-14866
-18427
-27618
-31002
25366
-17168
7281
23819
25039
27138
-24152
14526
3945
20964
-7041
6184
-23572
18589
-15362
-31811
24700
-1696
6506
-589
-21357
-13578
2208
600
5256
20155
-26345
16592
-27385
5421
-18422
-30467
-26787
23527
-32763
22565
19950
21703
-18510
-11419
29341
7243
-30201
-32267
28477
11409
23175
19365
-29204
-2473
-17739
6392
25397
-31380
7761
-12096
28472
-24388
-30099
20043
-13103
-6001
26270
-18034
-18321
24300
-26252
9585
5598
5285
23832
25746
-12090
8905
551
27667
17395
3606
-28938
26012
25406
24051
26714
-6354
-15828
2242
21699
27073
-20469
15940
7554
-28939
-21097
-19855
24212
-15184
-32761
16789
-1302
-11565
-12451
-5861
17083
-24898
15209
8469
-3765
-18139
31659
-30968
23864
-19391
11287
-11272
-13678
-11024
3742
-624
-13798
7921
-11594
3063
-27196
-12120
-9432
-15333
-586
16974
-14873
21746
23595
8915
-23417
18473
-5469
-26579
3093
9834
25701
-3799
3801
-1663
32084
-13033
30641
-12581
4801
-4307
19548
15008
18924
18251
3119
12327
19366
14794
-7295
-27238
28863
7354
-57
21124
27379
-3463
-15366
28814
-18738
25874
-30053
-28625
21176
202
1897
7126
25414
4239
-20292
22737
30864
-12217
-32505
-19861
20613
-25541
-32087
20842
6492
-23099
25668
-20820
-12110
-12268
10135
9378
-21788
-28975
6677
-27296
19971
-32694
23108
-21637
19509
-3116
27258
-24177
-30831
-29530
-22589
17107
18413
15908
32687
-26056
3230
-32656
25761
-11795
10001
-17084
29088
19487
-11527
9446
10497
5394
-18702
-14155
-27082
6859
-24835
13135
1973
-22101
-27335
22941
-9136
-812
-23292
-1030
-28480
-3669
3431
30907
-7668
-24603
-6761
14597
7182
21566
18477
-10144
30402
-15847
28720
23104
16522
21476
28935
-23369
-27770
8016
-9085
25745
-20791
-19885
-27386
-19157
-4012
-6120
8558
-19306
-17585
2583
24339
5251
31387
-19096
-11308
-22577
11588
3969
6725
3803
12063
-18909
-32372
15048
4910
12839
-1945
28097
-23160
11135
10800
-7956
-17024
-25837
20465
-2967
-31206
-10468
-4061
22873
-17455
-25645
-239
-29289
-29657
26922
15315
-28552
-4506
25524
15060
4408
24719
4803
-15796
24586
29720
-19135
-2928
1686
-2887
28835
19107
19924
-16958
-11009
3188
-14552
-26661
-20277
16323
-15753
-10888
12968
-661
-19394
26952
11648
12644
-25652
-20454
-12590
15595
-2573
25957
9584
26161
-24689
-22321
-295
-13536
-20748
12962
-28786
19625
31965
-2812
-9051
24055
-4980
14292
10228
7970
-10688
8337
-18732
11382
17560
-27479
1843
-8256
-5991
-12852
17208
25343
16423
29044
-26585
22080
26260
-13884
-22964
14041
10807
-5421
-25172
24780
-29717
30777
24706
-18083
-13023
7543
-12487
13611
-24446
-20803
-23814
31698
-10005
17129
8770
-28918
-9892
-25869
-28335
-21762
-14695
-8881
8524
31008
-508
-5495
19435
11070
-14738
-699
-5477
-23064
23300
23853
-8449
-5961
-3090
18229
-15886
2255
15948
-20916
29873
-29436
-31363
-18868
3282
20053
22518
7731
12637
-22129
-24736
31964
25010
26248
-23257
26382
8157
27530
13945
-9364
-22118
18917
1085
-10167
-9462
-20702
26461
8384
-24561
-20044
29078
17856
22962
28107
2299
-9821
-18033
23882
20394
18326
-20696
-31605
12128
6535
-24580
-13674
-9289
26124
20401
13943
-15206
-32376
-13917
6312
-2671
-9585
22101
6852
-15700
-19081
-32532
28167
18005
-8495
233
72
17182
21976
-16826
-671
5515
32005
-7368
-23376
-17634
28366
-23860
24352
-5016
-12847
5065
-19410
-14577
9296
15715
15845
-32204
-19963
-7719
-23607
31212
16221
15626
14226
-13589
20903
8615
18657
24290
-20440
30041
20183
14763
-6927
13928
6534
15876
-5798
4662
-4887
-17503
1071
7598
-32308
21692
-12868
-12765
-18886
6246
-11860
-2695
-26424
19285
9390
20894
25135
-18488
-32125
-31690
-7082
-30007
16606
23183
20824
-28347
30035
30484
-18376
21032
11862
-4991
-3749
-13048
2754
-2897
-26636
11641
-15984
18293
15025
659
-18643
-25668
-4199
17294
25021
10447
-24334
7433
-12084
30590
17587
24425
19855
16424
14885
14755
26828
-22025
19323
-31892
-8270
3686
27973
-11288
-20300
-2139
-14283
19904
30072
-15266
9332
-22322
3374
24383
-24674
-31844
26618
-9367
7435
-23521
7794
27680
661
-3979
-7318
13570
-3879
-1456
-20419
19833
-25039
-11820
-5241
-24298
25032
-6177
30177
19980
-10026
9512
-29196
31402
6290
-12151
-21374
-20670
12996
18937
24944
27212
-19539
-18630
17835
20276
-25276
11155
9601
-31498
16602
31188
25167
-17579
5014
9723
-2163
28710
-32761
26002
7404
-19971
16174
-15507
11911
27485
30991
-31284
10130
-27989
-16375
-12862
26131
-22938
1135
32652
-30230
-16416
-30523
17227
-11988
23782
25590
15713
-9408
-26770
-10452
-5972
30633
-29155
-31124
-32359
-31887
-27035
-2188
-23895
9324
-11979
23914
-3180
2089
-17794
-3624
-11431
-16090
-32422
-5188
-2897
17443
-24798
3405
3587
-19543
-16475
-29365
-18196
-23354
-18377
16531
28511
17320
-30754
18423
-2320
-20350
-18687
-198
-21820
-6464
19672
-6985
27755
-19104
-18881
-4175
15641
-20267
3272
10397
-18617
14550
32188
22625
18170
13017
-18668
-14752
18218
25358
19815
20256
-2732
-25978
-26437
28110
6488
15267
31883
11136
17203
-29391
15116
-29610
-19115
7489
12094
25593
6264
-12319
-7418
-26402
-2838
-29621
13871
-99
21719
3938
2482
32496
-10012
21605
14597
23595
23460
8061
5749
-4789
6229
-11929
-32181
12724
-23165
25749
12209
170
-14647
31000
21875
-23824
17998
-16991
-13555
-18160
31065
5064
-10377
5229
-13707
23028
15107
-10854
-14426
6221
-12638
-9070
-28364
-13904
-26221
-11431
15316
-11811
21403
-8541
-878
19476
2115
12619
12955
-29691
6340
25862
-18012
4020
-18795
-20815
15765
-23347
-31322
-17247
13151
-25834
3405
-27716
30229
-10298
1549
21173
26257
-8628
-30796
-18586
-2267
30500
-13914
8711
-32636
-8448
581
18478
-21210
23805
-14314
-25423
-12899
-31234
-29536
-5303
-24498
-26104
-29059
-30808
18283
-692
-19328
31443
-22572
12873
-28619
-9615
-17173
14576
-5169
2134
-8596
-22793
2635
-10159
22934
-21916
12452
12369
-15585
23495
-4914
31708
-16832
-15042
3616
-27266
6722
-22400
8327
-2056
-14516
390
-4909
-22101
-13483
25232
4592
1286
-27512
-4117
23143
-23036
20596
13463
11854
-26402
-4559
3771
-9480
6980
21330
-29403
-4793
-29926
11839
-6501
1136
28646
19744
24240
-18600
-27792
-17370
26068
-2489
-32679
-16131
27326
29745
6757
-31882
30467
19316
13103
2931
22788
12323
-2293
7777
8475
1559
27620
-21076
-21985
-6290
-13025
-28137
21362
16164
3611
7189
-7346
-26393
-25518
3601
-10752
26856
23207
23695
-1578
40
22766
783
-15294
11887
-15865
-6208
-4723
16307
21290
-11047
15385
-2747
3564
10315
-6518
-30758
25406
4435
-8357
-26721
-22820
-21546
-24113
-22474
20914
-56
11693
12013
-15919
-29222
-31308
-18954
31066
-13769
8974
-4472
4482
-30455
2482
-17243
-28740
-17971
-10239
23048
-6304
23132
2299
-1087
17558
27973
-13754
25633
-20494
-3370
14424
26377
10141
10564
26042
-15673
10393
-10655
3478
27784
-11924
7009
7617
-30537
31291
-520
13318
-9624
-31228
8477
-23636
31338
26865
31683
19948
-28792
31081
-31001
3297
25831
-2872
8662
21709
-7535
23628
-20187
32054
12804
32202
24546
14223
-33
2409
26988
-5108
17865
29780
25668
26681
17582
-21085
-17230
2668
-23478
-30991
32462
-12728
-14481
-6790
31374
-1921
29771
-8193
-12652
-1097
19318
2992
-26232
2680
-23151
14357
11185
-10893
8790
31240
-24811
17813
1327
-30628
3035
30550
-14565
20943
-11456
18530
-7120
24869
2439
-28906
14488
30614
13732
18135
26867
-24002
-2970
-27703
19706
18649
23543
-26000
4857
-30159
22991
-3858
9836
-28766
17847
15475
-15485
-28517
840
-7998
27671
-624
30392
22971
9327
-14018
-8068
-27750
11448
-14717
10322
-7515
22004
-8656
15602
-24284
-16396
47
-30125
8553
4313
-253
-30983
16214
-19976
15904
-2380
1063
30679
-25494
-22947
15021
22479
-16712
-3831
29481
31208
-6587
-27546
-17841
-5072
-7985
-15731
-27471
10254
1376
-11566
17114
20398
-11977
30712
26199
-32058
1063
-22275
-15053
28031
-1546
14791
-7680
-12366
29182
28800
17287
-15967
4706
-19930
-8355
-22733
-25721
12178
17201
-13940
-31387
25626
-30798
-11797
-24560
-21229
1769
372
-17388
-1733
30277
13222
-21762
26137
21042
25862
12607
21611
8404
-30971
18954
30267
2220
-3687
-1018
-3703
29341
-789
-16504
-26914
6787
11656
10242
1671
7711
-14512
29743
1266
-2815
-3242
5639
-32477
-21083
19466
-23629
-18666
-14365
-21773
-869
-29969
-14917
3987
-10728
26636
-21840
-21906
19101
-19780
-9221
28575
25430
-31033
-19953
-18868
32662
30969
-17621
-3610
4573
28712
-30457
1163
-27684
32418
-26721
31901
32159
8949
-5399
-9040
23484
17110
18665
22645
19333
-26378
25969
5540
10247
-9661
1734
23722
-21563
23982
-25435
-16700
-18319
-2541
25635
-22027
-16242
2789
-17845
-31988
29654
21656
30339
-11338
-5902
-9078
-19726
6688
23599
11528
11024
-26674
-14667
-28962
-24310
-2689
8820
27156
26970
-10620
11004
-9883
21023
-22865
20526
22669
32467
-24868
17121
-8655
25157
-385
-10476
22236
-28997
-5121
-15775
-20400
-10106
9750
-7024
18572
-16691
-12955
-10688
31797
-3854
-18688
-18258
-30097
-26270
-29677
-11284
-19817
19195
-4865
-10284
-16085
-24659
-20914
-22716
16422
-10707
11911
6999
18612
-23443
-10024
27418
724
-2310
14467
-18434
-15671
24450
4973
23846
32079
32401
-9072
-25933
-22550
25595
-30025
-21810
-25724
270
21231
27141
-32243
-26395
-16082
-29394
16473
-3714
-18748
-25965
4775
-19610
28773
32321
20916
9547
-15625
9960
-28933
-10644
-23952
-23330
-5194
-21296
2978
22839
-31140
-15685
31588
-24180
-6420
21245
-12187
-21354
18198
32333
28727
-4440
-7971
-3196
-15049
19434
23295
-27927
12566
-5349
21269
21475
-25695
-28160
-25004
-3777
-10258
16667
-12406
24712
-20810
4117
16206
24634
17021
-26614
14568
-24430
-23768
-124
26748
-10879
-27633
14794
27996
-13941
-19718
21904
-2774
-8773
-31149
21615
17749
7684
-18303
-21829
17239
-12971
-3419
29490
-14792
10656
27603
917
-7196
-6478
7628
-2637
-2952
6639
28873
2609
-13533
20938
2784
7506
-6930
-17436
-26592
-1398
-14237
-4081
23760
-13994
-21543
-13102
-318
-11874
5259
-9386
2928
28085
-27101
27769
4938
21936
13727
23585
23000
5054
-23548
10263
8674
-8003
17477
29921
-16640
8250
9251
26659
32138
-16963
22914
-29895
13670
-15467
31513
1404
3125
14574
-24046
29898
-1026
-13600
-9371
-17262
24184
-26240
8572
4636
16962
4402
10068
-23096
16275
-25456
-20022
-6818
26780
-29409
26478
15331
-22142
9274
12864
-27876
-32506
-23508
-32732
11159
2965
-2859
-32571
30592
23922
-21239
7828
3634
7834
13527
30504
-14552
22591
27051
32353
-4931
-25600
28066
3797
26793
-25358
-25450
28783
-16391
8568
-777
23208
-23158
6088
-24281
-410
-18228
-27107
25814
-26422
14089
12515
-1375
22235
-3079
-9568
-32400
11962
28189
1933
11000
-11753
-19747
9139
-8641
15543
8741
-5982
14723
-3453
-4494
-29912
-9109
27759
-6829
21219
14331
-833
-6728
-3983
-13250
10193
20692
-5056
7999
-31512
-13946
12
-14322
28168
-19204
2373
-15109
21294
30227
29132
-28174
18349
23135
-21261
1274
-1496
24668
-18585
-4729
-8872
14934
-27608
9387
15347
16832
14058
23747
-26742
20398
1146
3744
29464
-27238
-17802
-5461
12438
4341
6495
-17201
12079
-29817
23596
-17852
24008
2029
2055
-17608
-16106
22272
16775
3898
-15398
-28397
-21337
20444
2793
-23602
24454
32592
23357
22752
-25643
19331
-1990
2049
-19773
-30491
-36
-30736
-27603
-13780
24746
-7789
11423
14914
-18937
-16910
-14242
7637
-21649
6671
5502
3813
-21227
5362
-27646
-16928
19772
15122
30055
-8943
8487
-9786
-19665
-30896
-21872
-13853
32419
2570
-13883
-5980
19713
14505
22306
-5458
-9734
-21259
20291
802
-26984
6172
-966
28773
8928
-5575
-10313
32649
-334
1332
8949
-6923
-22904
27182
-25898
-28257
-2383
27117
-15592
-8161
-7381
-22396
-6288
5485
-6529
-4456
-30396
24977
-20688
18999
24111
-27755
-9484
19171
19510
-4856
26897
23702
-14773
20642
30843
-12511
-23818
30882
30244
30200
13809
-14551
23220
21379
1864
-27538
8541
32004
-1124
16889
9981
11507
12217
-14019
-32349
1594
-28040
-8824
-25818
-15336
-10187
-672
11384
12201
-27656
25646
28863
21256
21074
3792
26493
-9800
21624
4035
12107
8852
2620
23653
-198
4499
18316
14578
26126
31127
-5018
-4173
18501
6004
23967
-29949
-28871
-29545
7892
5604
-15709
4800
23161
207
2934
-32215
-6740
-7629
26095
-284
-6653
9
-19985
-30147
4830
-23872
26688
-17649
-1302
18941
10714
11607
23706
-29737
18657
-7873
-4513
7603
24318
-676
25464
21408
939
4152
-30247
10760
13017
15100
15066
-22829
10262
-6669
5427
28150
8914
24967
-29764
9161
28370
-3122
27175
31106
-29585
28229
-20257
-27043
20999
1643
-25718
25190
19115
-27595
-21292
801
-29280
4274
8792
19754
-28328
-9625
19593
-5415
-31351
16688
-20889
-10635
-19743
-1994
11940
1724
-1730
-31848
-16258
-6886
-7899
17926
12993
-13372
8864
-6106
-24168
10758
21907
-21513
29276
13226
-1446
9111
-15125
6544
-14217
23489
-15847
-21878
-20345
-4201
-16679
13062
7749
-20808
-13101
-2640
2060
-14251
19644
-24438
19126
-3362
-3504
-19493
2118
-4503
16095
27535
12583
1517
4093
-6186
-4682
-3221
29327
-25257
18736
19161
-1586
12114
11146
-1440
-1573
18004
26773
-18779
32080
17273
29083
25931
-26330
-30943
-27701
-6597
-27455
-10974
-24199
-4614
-11983
14399
-18582
10534
-4556
-6759
232
9891
5598
25043
-26970
15360
-14629
31832
17531
-11749
-26059
-30029
32178
-19097
-4618
-32604
-27799
-28432
17856
-4303
10797
21327
-23552
29689
-9488
-21278
-17347
-15104
-21109
-21928
-16100
15595
-18172
7639
11664
-21567
-22297
10106
3701
26282
27016
27076
-18548
-16235
13590
-15505
19951
-6533
-29700
3773
1725
-16625
-29460
10379
26490
10886
-16403
-20075
30532
-17660
-8548
18142
-31190
-11452
31143
9968
10680
14068
17335
21227
29145
-2182
-10154
1458
16428
26902
-9410
-21635
-11097
13768
30317
17615
-29614
31339
14793
-22869
27218
-7428
9491
-190
16878
-6336
-16638
-10508
-5736
12598
-28675
-4822
-169
27337
-32255
-766
-4645
510
12824
-23709
-4422
-31993
25656
28734
-23318
-22388
15736
-9534
-16663
-8349
11149
20238
-13486
-5015
-4123
6797
21820
24043
-762
-12372
-24592
4725
-30534
-7178
12114
-19785
-29622
-26576
19693
-6307
29254
-27886
16771
-31780
-20488
-5806
-17842
-12734
31698
20465
25068
-27053
27084
-11839
-12204
20004
14524
-22467
36
-13635
1491
-27011
3559
6360
-2455
-8810
14413
-11606
-29117
-27753
17063
3535
-23438
-3283
24398
3492
-1837
-12247
-2778
-28593
-15486
-6596
21330
-24543
-7657
32121
31476
-4209
10341
-3980
-5374
-30796
-28629
-24139
21273
-15218
-31932
-30628
14531
20053
-572
17159
5998
-1506
-25423
2291
5286
-28138
26991
13710
-5275
31204
-17611
-23479
-16909
-29438
-19125
25097
22341
-9898
32136
8177
12635
-31111
-19897
14415
21075
30755
7468
15329
-5008
974
11502
-27763
30616
-13152
-15465
4805
13013
29401
19754
-3222
2322
17863
-1171
-32526
-23584
19607
-2960
30680
32272
11039
-20994
-5184
-27633
-148
25345
4613
9123
-23189
27746
-16161
13512
-24601
3505
23679
8912
-1143
28153
134
-17619
29141
-29844
31516
2831
17457
-9263
30002
10372
-17804
-17569
-31476
9975
-8114
25428
-32487
18858
-1482
-16232
-11715
-13228
28658
-6162
-8436
30468
-1243
-25582
23943
-7693
31935
19801
-32308
-10949
9499
-6743
32762
1059
2644
28447
-22616
-22875
28066
-11881
22592
8533
-16143
-2736
7285
25583
-4806
-22674
4989
-20384
-11372
6515
-30058
-22648
-2294
7015
-11241
-29821
28803
14427
4581
-20358
-5083
-7913
18859
-29519
22279
-31554
19040
15928
4908
-20815
25686
27196
14847
13547
9614
-27448
-30273
-2350
-10512
23100
-3213
2520
-21633
-31704
-15402
14288
11383
27980
-27416
27216
-11799
9741
-5355
14097
9330
1038
17913
31495
7230
10641
6889
11249
-16090
-18499
3539
19067
1684
-28066
28173
-18142
15625
30505
-15542
-29921
-26015
-20099
30464
27953
-21802
6323
24827
-21042
6244
-10652
-27208
-29761
3560
15828
-759
-26303
18789
-253
16682
-3866
-12417
8378
-22812
-12903
8904
28840
21091
32361
-17251
-12454
20443
31678
-1707
32462
-18015
23661
-31761
-12102
-11374
16825
-4406
-1909
-23342
-475
-31620
10226
-22011
-18099
-22290
-9509
2047
-30466
-11014
7376
27751
13621
-18902
30884
-24285
-25554
21153
30030
21673
-5935
29163
-24132
-17148
-24511
-4101
13520
-24651
14023
-23340
-107
-29021
991
28010
-28091
-23982
-3443
-391
-14648
889
7901
16288
-31259
-18692
-10482
26498
5814
15680
-3961
-6751
-9607
2000
12990
-10702
-27931
-31364
-205
-31167
-13523
-24120
30884
8399
7445
-18430
30914
6453
-21101
23224
-28715
27034
14994
3474
-28715
8145
-3089
-8876
-17496
18992
-4565
16103
-1929
-10033
-27070
28809
26022
1959
-6628
32400
29324
-25535
13717
-1890
-16604
23398
23388
16988
13983
3046
27352
12087
8196
-11695
24725
26447
-5121
-3435
32364
10671
-8860
13614
-17555
9416
-3387
-10593
6277
-32202
-16772
-19154
-28730
27897
10225
-3321
20315
21996
-9203
-1811
31739
-6020
23603
-6042
8372
-22319
15966
1201
-13277
-20819
20225
26686
-18956
17202
30665
-10511
13028
-27661
-20826
461
29823
-22143
23039
-32039
-14445
-24986
-8853
23378
7193
-20088
32086
15418
-22490
4653
28602
-19615
-18287
3058
-27346
-18790
24541
-31485
6314
31949
-19654
-9344
26166
29029
8099
-9913
-28840
6264
12448
17346
7080
29969
-20238
-4407
20426
-2
8405
-15084
-11299
-25336
-8036
8061
15243
13313
20667
-8648
-10807
11834
-8282
12189
-28588
1564
-10486
-8174
20783
14566
-32040
25490
-21086
18939
-29952
3966
-20551
16597
7741
-31653
-15367
-18827
-23893
-13257
-17164
-10328
-4052
-29223
-16069
27578
-22959
3476
28339
1309
5308
-26500
8700
15232
16016
22677
24686
22798
1809
20276
-22803
6077
-16789
4873
13627
8806
-30074
-12113
-23868
-2637
-224
11723
26344
-982
20558
16627
-28273
-22718
2622
24409
4956
29909
-24961
-276
-32600
-29631
-32685
-29138
15715
-22870
-4416
23214
-29875
10791
11451
-28478
11982
25707
5838
-10556
2432
-16091
18788
25256
23198
-16642
-4635
31218
-15708
5282
7532
-26586
-2387
-15063
-6952
7476
1392
25836
-13384
-1731
15532
-23691
22306
2526
-3882
-31066
19262
-11297
-31586
29967
-1818
-29791
-13016
13726
-24417
12966
9233
-14845
22119
11816
-32237
-26066
32485
25597
2035
6427
-28124
-25921
17619
-27649
7620
9716
2043
29364
9631
11496
-27695
3110
-3387
21724
22507
22788
-19126
-17285
10304
18402
17773
8160
9440
25715
-24021
-17698
11574
-3529
11147
15249
-29594
-28514
17382
-3356
18485
12461
-917
16194
3819
-21566
15346
16093
3397
-17057
6502
31354
1495
-30590
20323
13476
15595
-28196
-15527
22844
5615
-8670
31469
32414
-17816
9909
16456
-23169
-18076
30900
18189
13081
14516
-25886
6209
17290
11653
-4952
-5968
-12032
-19043
897
7303
31913
-3331
23950
-21413
-30130
-31068
28752
-30153
-4520
19586
-5056
-739
-18204
29774
-27977
-27474
-7917
493
-21258
-28437
20922
-10321
-31214
20270
18107
-22395
17300
7022
16909
8551
-20598
18363
32164
31477
-1419
-19872
30075
-29728
29715
-4824
6207
-32151
-28397
11192
-28392
12626
15504
-16321
-3543
22803
-14453
-25072
18096
132
19495
-7079
23669
-27525
-29992
17753
-30607
13618
32030
-19001
18197
-30783
-1688
15883
1995
-2767
-11319
16439
26438
17543
-31712
-14898
-21866
28559
-20077
24178
2274
322
-4810
30359
18619
11916
-14930
-16562
25669
30143
8056
11651
-15088
6412
18660
-6977
-32222
-5574
-16328
-28226
24242
12141
16814
24981
19495
26933
-6713
13373
26577
11998
11545
-18981
1642
-27335
9170
-21476
18896
-27821
-31244
7519
-417
-29282
-13148
15998
-20292
-23467
18889
1744
-11094
-27642
-30323
23716
31356
776
-30425
-12245
-16156
11590
9156
-29708
27754
21932
-14630
3133
-25561
-23310
-25172
3540
7808
24064
26549
-6055
29690
-11740
-26124
32304
-30729
-3981
3351
-12118
-28590
16201
15492
-23243
-17662
-15916
-12375
-30475
-11586
25609
-18354
17284
-24807
5190
-12580
-27001
-17228
-12786
-30920
28766
6911
9207
17112
-31898
14345
-8432
6287
-13369
5737
-20667
3014
-25961
-11166
11039
-27482
-7862
-20767
-25729
-19559
23893
27437
6181
12717
-12830
3041
1693
-4776
-28815
7090
1314
-26686
22659
4172
5487
14621
-31713
23786
31549
17059
-140
25168
-2852
-5416
-20033
-18994
-14104
19967
-14910
25471
-12635
9397
2452
-29108
1923
18128
-9924
-4676
11131
18289
1404
-9945
-27301
-9831
-14773
25761
-20620
27438
28647
12856
-13782
29510
-20308
4930
9781
-8484
28059
2351
-363
5462
-5243
-32241
31851
28077
-27529
-28976
12333
14937
582
27577
19000
-12346
-19352
-10227
-20002
-12607
-30381
-9102
7077
-31393
-874
-1973
-26185
-28012
-3494
-18836
8977
-12317
-10562
-31639
-23678
-21910
-23927
-1151
-25580
17657
6543
-5923
26095
5496
-15376
-19919
-13735
5735
16748
-15697
16022
-24266
25519
32092
31451
-22227
-1160
-26114
10364
-654
20483
12433
-13631
-9834
13768
-13196
-24726
-165
21500
-7698
-20948
2003
879
23803
28886
-28046
-9601
30567
1194
-20153
6437
12322
29385
-11958
-8970
12296
-21642
29591
31225
-13411
-31452
5355
13868
16170
-17652
14818
-3415
-4451
25200
-30812
-24331
-8738
16729
6515
-10200
-661
-27762
-8004
7627
23392
-24122
-25644
18102
8844
4456
12097
-2832
4495
21477
-31254
-2021
-27029
6396
28781
16700
6300
24511
-15669
-1682
21402
-17854
-18606
22027
-23144
-10102
-6085
23938
17343
24180
-12580
-26406
24009
-25310
22159
18921
-8756
14504
-16166
-24038
1368
2623
-13721
-11177
16632
20804
32258
21455
2617
-28346
30476
32360
-8670
-21261
26599
-20872
11359
18814
-16833
26611
5487
16920
-27519
32193
-10931
2623
-23919
-31462
-993
705
31392
5245
23513
27465
29525
12234
14249
12860
-10774
7221
-8126
8830
-7212
-3488
179
31120
-31721
-26424
1619
-26607
-22548
-20566
-5334
-19937
-12383
-22972
-26326
6578
-12858
22690
5544
1778
-30429
5069
2718
10442
-6011
-11228
28827
26866
-23639
-4787
-505
19325
-31628
-32214
-9362
-21145
21020
-23146
-23252
-21280
-5782
-31517
20968
1787
9449
-15267
3683
-32073
-10432
-9123
-31182
30633
-26094
30849
15097
26688
-30719
-26536
22120
6614
23374
-21925
-9197
21672
2295
-5908
30264
-17384
-20177
-20403
13260
-23037
30720
-5182
-32160
-27880
-30050
11850
17739
21865
-31524
21839
-30447
-12409
-17141
13791
28638
30973
-8181
1061
26647
18550
14501
25578
9104
-5713
-19271
-20290
-17593
-10696
3147
21194
11521
-18958
16297
29095
-11368
9945
-27397
2473
-32177
28923
19193
30757
-11904
-28677
5949
-19193
17691
-16643
6652
-26029
-20616
-9689
17896
-26401
-83
17901
-13569
24068
19753
-13784
-1035
-5438
22569
24287
16866
1351
14487
8420
-11250
15982
-24084
31182
-7024
-8509
-26528
16898
13453
20756
-29023
-22125
-12362
9580
-2572
32131
-24664
21268
-21851
8755
30966
18377
30684
-26353
1028
-22583
12792
24741
24695
-4619
-21494
-22072
8924
14808
20382
16683
4556
-32663
-3095
7729
1742
9998
-7009
-6897
-1528
-10884
-18980
22114
7664
3955
9599
1293
29205
-6723
-17401
-13968
-26841
-32001
-13530
24116
-7444
15943
20060
17792
9820
19552
31166
-18845
-17993
8270
-23412
13980
-14831
-27664
-6861
-18519
-12544
-8107
-23643
-17412
30079
-19905
26954
-19589
-14927
-8000
-1056
-8612
25250
-22943
29895
-17895
-26832
-24738
-24061
-24994
6353
-994
-18006
19711
-357
-4664
28892
21545
-18161
-23045
-19685
17590
-29086
-25364
-1106
12887
31978
29206
31344
19623
22587
26214
29640
6932
16340
-17217
28445
16913
-15899
5046
23007
-22126
-29764
-14411
-3942
28267
-15877
-19160
-26266
4035
18070
16884
10307
-26367
12633
20802
5174
16436
-12086
-2013
28191
-30046
13838
-16472
-9562
-18108
24095
2053
17862
-11692
-28762
-31147
10691
26075
-1733
18329
-29323
12841
-28323
1348
-885
31869
28828
27965
-20155
20156
-24118
3041
-3452
23658
-22373
15694
18575
-4899
-10804
-1781
-11607
2435
-13520
11815
-6112
28415
-27547
-31215
11316
-11380
-32028
8763
-14685
-25077
32178
12653
14940
31833
-26002
-19421
19177
-32628
-29298
21357
27710
29434
-18611
-19606
217
17931
-3919
14509
-11252
28027
-5622
-24410
25708
24949
-6158
-32072
16236
26606
-29227
19366
2661
-24203
-11797
-10666
-435
-17416
27245
-15525
8707
-11886
1460
32473
19857
5203
14681
11238
19262
-17843
18714
-9128
21693
-177
9137
-28129
15038
-22231
7737
-14187
28539
-25163
-19306
-10344
-15028
-26175
-28272
21371
-19779
-25868
-26465
29999
21604
7015
-9873
-32507
-28580
-28590
26317
12786
5673
19656
25853
28544
-29350
10781
30628
-538
24221
-23956
16997
5757
-23516
-21927
24848
14388
-21207
26988
27059
-28933
24461
-13526
1009
-2972
2926
29621
3342
28648
28431
144
3612
20121
11403
-12189
-755
24453
21262
-27790
-9612
-25401
18554
-441
23074
5097
22578
-19299
-10816
8467
4127
-27514
-29299
-5550
19415
-21674
12443
-4116
-2255
-17499
-15945
-8082
8067
-23369
-24145
11664
19206
-26845
-30580
-17341
-1692
592
-299
-7349
20504
16948
14568
-4192
-7486
15944
16072
-28999
19387
-18030
-25809
-28098
-12996
-577
5471
-28953
-26668
-6964
-5624
27892
20493
32054
31658
-8346
-4393
-18141
-16081
2186
25368
1588
8678
-24930
-28391
-28470
32302
25147
-19008
18736
30987
10382
-787
8624
26110
11577
-5846
-10708
22027
-31390
6906
-27871
24750
-26788
-3199
-21873
14961
-20040
15105
1218
234
1730
-21838
-32752
532
-21552
7150
-31510
29413
-32738
-15818
10360
-17954
3448
-27855
31454
25633
31518
6302
14192
10279
18631
20101
30402
15807
-28405
31467
-27492
-805
-21127
20581
24825
17176
13319
-9637
-15995
-31770
-23231
26097
19452
2889
19148
7033
16527
-13209
-1376
25550
-19206
-14955
21838
-29796
-8325
22512
6296
-18063
4441
-14504
-22060
-3855
21794
1567
19917
23084
-16313
-6299
-30459
1356
-16685
16124
19650
-29251
4972
-23085
27117
23745
-30236
-26246
5626
10102
24531
-19952
23834
-11383
-19078
13072
3104
1636
3972
16006
520
11287
21111
-23505
-17384
23587
-29705
-32243
1213
-11400
718
-94
21244
-23013
1486
-23069
10317
21354
-4372
-13761
26852
5654
1140
4574
-29735
-18839
-9174
28012
-11520
7591
-3418
1159
-11358
-6849
-15890
951
-12736
-30498
-31506
24230
22472
-8240
-20946
3488
29379
-14925
-8463
3676
22265
-17231
-22755
-11000
-17797
-5334
-4943
13103
-11218
18300
9860
-32761
-17081
-11524
-21691
-23246
9099
-18836
4982
6473
-10291
-17739
-7477
-1533
-7496
26415
27146
13704
26781
25682
22658
26227
-27178
-21642
7543
21771
7570
-14850
26932
4911
2523
20666
19996
7700
-10062
-22753
14280
18808
-17448
26890
-2840
-9419
-3408
17234
-2875
18394
24341
13032
32611
26137
-31778
-10259
24119
32252
5915
-14470
-6946
219
32674
28343
-11375
-10560
19673
-12452
31598
-31722
1283
-17356
-30869
3056
-20104
-29199
-16548
-8479
-19102
-16032
-4272
-7419
-23550
-20834
5956
9260
1197
24417
-12451
17377
2494
1714
-9853
-16086
15683
-13427
-19400
28981
-32136
523
19709
23509
-7410
-19780
14345
-5542
26635
29876
-17377
-11233
30846
-6680
12169
20782
-4603
-15458
-21767
-16701
2349
23511
-13572
31320
28866
29881
15133
18942
14355
-31775
143
28938
23293
32075
-19473
-31871
-29599
15991
-19683
-15423
20692
29658
4801
-27415
-20007
-21146
-30735
-6270
-7988
16957
-14072
-19796
-32540
-28448
11714
31771
26317
-4333
27332
17260
-5751
30875
-19820
3400
15103
-1341
-10513
-1430
-7431
31864
-28389
-12381
3222
-24642
6952
-15496
-24846
-27242
12578
25813
-30603
14155
18980
16471
4386
30550
2278
11583
-6020
16117
-4604
24419
30624
15329
-4516
23481
19564
3303
-3073
-15881
-9911
10538
16810
-16662
-108
17309
4930
-18891
-22144
-23239
7434
-18895
-5819
-19146
-28488
-22849
31254
31491
-14791
12383
2935
27862
25483
32598
-8561
-20144
11645
26877
689
-25599
-8009
-22605
-13184
14506
20346
-18479
-4211
29776
28856
-21517
-30207
16610
-20408
-20757
10912
-17389
30378
17825
-7275
-14748
28579
-3904
6
27178
10299
-5622
10671
-3390
20529
-4886
1132
-30801
-15967
-1687
-7205
-30367
28332
-13796
30528
7930
-689
-5028
-8534
-3618
-6222
2946
28230
-15666
-22536
20651
-4543
14265
-6697
-9799
-22809
-6813
-4407
-10010
5251
-11130
-6442
-13512
25088
31621
24784
-8939
27734
-8783
24673
25930
-5320
16691
-18435
20118
-28224
-18502
18613
-24440
304
-20315
-15800
23071
31633
-24014
16444
-22993
-32681
30338
28810
32249
-14617
8155
-22319
-13695
-1821
13522
1442
-20126
-24417
27598
30919
6336
8571
-31508
17131
11511
-24702
-12292
-30340
-8502
9370
-10430
14786
3358
13333
22503
-20088
11750
14234
-16117
-19573
29776
-7742
4097
-7582
-11724
-7925
10536
-12610
-9736
-23912
-25019
31576
17675
4510
-26363
-13898
-26184
17334
-17849
-349
25937
-18256
12773
-2187
32424
-29749
-22489
3102
-29055
15150
1096
-16438
8617
-18887
-20419
22037
-14056
22886
24347
-3321
-11065
27671
637
-6013
18907
-13712
4175
-14287
17681
-30915
-1666
-1236
15664
12827
-27455
9813
17638
10421
-23180
9556
335
14199
-10185
-5744
24432
-12277
-31031
5538
-30021
25276
16881
7810
-13521
-10075
30729
24594
17393
2998
23139
26012
-9249
24441
11109
-784
16691
-20799
-18675
-7635
20579
-19945
9229
15371
-29171
6010
12453
-146
-4416
18636
-6231
-23355
-32319
31401
24096
-11154
18165
-25927
21257
16466
-6815
-30658
-22744
-7709
23236
-22855
32267
-2296
-22047
-16815
-28944
48
2159
31788
29623
-19925
21694
24030
-27461
5251
4561
-32514
-32672
25940
22968
-23287
-32372
-18281
15046
-11755
26628
-4327
-23406
-23652
-11768
-3148
-3467
1746
-7618
18162
-11710
11453
11113
-8587
12346
23152
26442
-10225
-29304
5664
-142
4729
8956
-20661
3751
30143
-17190
-16228
-32729
24370
-6933
-5888
2419
22838
-14052
28206
18168
5926
-18155
30289
-7323
-2886
-21743
16182
-16378
4428
29725
15225
-13537
-31573
-30470
-4804
26647
-7365
-1143
15132
24735
-14621
25684
-11943
-25991
-11638
-21060
-28056
1113
20090
928
-8128
-31436
-25990
-31145
10612
2573
-24574
17899
-15900
-7221
4609
5848
-21067
-27966
-1936
32638
4088
-25987
-2892
-12379
-20418
27364
-11271
-4569
-22953
-15622
14072
14538
24601
21954
5209
12218
-19623
19801
24754
2303
32390
27041
-27047
14056
2695
-22773
15743
13126
854
-16784
11056
-1042
18220
3317
-12960
-7085
31571
2280
-26758
24611
29191
-32746
-29183
528
-29921
-603
28375
-26694
18687
-31822
4968
20909
24459
-19538
22677
11896
24050
-23038
-5041
22957
-10609
-21449
-20399
5516
19903
9959
13299
-29656
15374
23273
8017
-30105
15337
-32667
16743
-13477
19840
-2972
-27838
13615
-10777
-18042
-6457
10885
32602
24737
-14568
18480
-6296
-22949
11754
-22034
11468
-3223
5321
-21048
-835
-1515
1411
-17523
-18177
3807
14703
3004
24840
14708
3512
-21368
8902
-784
-15046
6164
380
-31639
-30953
-8502
-19612
12907
21011
-9488
-25535
19785
-22273
30924
1310
16719
-14768
-28097
26304
32739
-21708
-30020
25061
2587
-32280
20509
1349
715
7154
31240
-21771
-32022
12128
3741
15482
-14122
13570
-10862
-9984
17052
12699
-2853
-30650
8915
18311
24363
-31554
-18936
-20918
-26668
-31507
-30973
-9798
29654
4087
-13934
-15919
3099
17903
-19924
-4308
3497
8516
-31175
18190
13046
-16149
-30796
20626
-5928
-29925
-7230
-10055
-4167
29375
3361
-18444
-23212
-13881
-16356
-2014
-21905
-25680
25950
-12495
-6981
-2006
5247
10362
21976
-21921
-31755
-8350
-22776
29943
-11493
-23486
32225
-23317
24075
-6594
-17648
16360
8328
24435
-20093
3777
-22548
25516
-26661
-31022
-11257
-12421
2561
6446
-19332
-4503
13530
-7752
32504
-17181
-11437
2121
-30651
7262
9798
-17764
13682
14921
-3864
-6471
4976
13809
-5296
-27915
-17427
-10601
-15832
21810
-19925
31665
29027
-31805
-28890
28436
5713
-5367
8105
-20117
-23338
-25123
13326
-26381
18328
-29523
-15375
10221
-22241
21892
12444
-23924
-26037
-32361
-19482
-16130
19637
30733
12186
-538
25679
-8892
-18577
-29943
-11173
172
12832
-30266
13322
31510
-16951
-18139
28731
6772
32059
26241
-7213
16867
28129
3391
11282
-16476
-10472
19703
14091
-8575
17166
-7718
-727
-337
-12828
-506
17354
-10385
23928
23611
-13391
-2327
21627
22519
32355
5692
-23792
-20397
18334
-9487
22351
-19723
14746
-16502
8276
-31447
-26050
22578
16524
-7778
29694
20020
-3590
-27307
-6067
27245
-7751
15604
12836
-8903
14198
-19276
26346
10201
29235
-5466
10135
-26051
-9976
-20749
-19866
15531
-25642
17395
-25614
-21062
-24882
16616
10437
22093
20944
19942
-22082
-29230
12589
13625
-23145
-18346
-9841
-22983
-1029
-6324
31068
-8528
14713
-2640
-8429
-20641
-27390
-12501
-6609
18331
-13457
20200
-25873
4582
8561
-11067
30219
-31151
-21561
-22038
-13021
26138
-12341
-11246
-26082
-3861
-26931
10848
-3196
30814
28813
-15422
-22779
-26302
-9640
-16679
23639
-15208
-3821
31272
-29763
-2354
18803
23574
-26453
-5273
16254
-9833
29392
-24745
-29752
-1613
8662
23192
2494
-22976
22971
22100
23638
18316
25594
-9062
-24402
11215
-22927
13337
-5510
-4702
22634
4292
773
4563
6133
-28271
5072
6905
13108
-19785
-22975
-4434
17974
-14714
6603
7569
-27499
21158
-18959
-20765
7518
5121
31450
19014
-7913
23553
-8505
-20976
27028
-13433
10198
19576
-27286
-1483
10237
-25120
-14917
13015
12196
28276
1353
-5010
24624
24091
-27901
1416
-24941
-20525
-2339
-1547
-15147
13998
4823
-16458
26649
-13190
29513
-27723
23486
16043
3859
-19623
12048
32421
-16755
-27569
13515
-28326
-14073
7597
26247
27155
22822
-26066
-32274
-12334
10096
14333
-1853
-29319
-26143
6797
10802
-26037
-3959
8050
8363
20982
-23172
-17949
16956
-28561
-28445
18805
13290
-32296
13340
-23889
15786
-22724
-12985
-21474
-10312
3090
24345
5139
28621
21294
30079
4225
9011
23232
-20670
4876
-1959
-30365
-12958
20947
-28145
-26138
-32242
-13434
-14677
-17827
12510
867
-29391
14941
27486
23263
-18047
29629
-28145
-29985
21584
-28706
-8969
5435
-16519
-1009
-21183
-18581
-7117
32609
-8509
30779
22476
26969
16288
-21068
-27248
-1614
24450
5546
17598
13434
-6770
26662
-14097
25114
31896
-11478
-16029
-8925
-13502
3467
16160
-19191
15633
-13327
-23658
11556
-23777
5957
-20688
24342
-17242
-19039
-492
5123
28785
19135
20958
-10730
6664
-29788
6783
28775
27123
-11105
-29802
4102
-19115
-25357
14549
30567
-14714
17405
-25087
-3590
23124
24265
31814
6242
-13427
9739
13528
-18887
-17396
-32273
4511
18866
21071
-5161
31862
2199
-4083
-11527
21653
23896
-21995
2789
-9101
4654
-9392
-5436
28042
28734
-21431
11270
-29836
-9062
21354
-23664
15723
10180
-664
-12051
-4534
8234
6890
10675
32277
3985
-2196
-25314
26696
26394
2651
9732
-32475
-29896
16348
-8646
1234
-26840
-7319
-30645
-9148
-30866
-12404
-21974
14436
13636
4291
-31929
-9197
-23685
15013
3763
23790
3735
19162
-2737
-31429
25703
25514
-14400
17221
-15588
599
-11966
15596
8043
24878
9285
31397
4340
3648
-26835
-20797
29570
18929
15682
9366
6705
-13180
-864
5546
20169
21684
-5338
-25638
7040
-11295
-5944
-5774
31424
7034
-20204
135
22766
-21809
-5742
6251
-26120
28118
-2590
-342
-496
-11583
16237
12668
957
-30916
-8409
5404
6579
452
-26439
7369
-2137
-14381
-24558
-5995
24720
20450
24368
1278
-21216
6207
-29694
23316
101
6061
-4812
31879
-18188
30175
6617
8191
-31308
18671
-16376
-8350
-7645
-8754
-22878
11883
16353
14876
2331
-18958
-4759
-4569
29681
25203
-24123
23675
26691
26724
12473
-26741
25520
27013
-8330
24859
-26645
28905
10348
-18972
29729
-25121
27277
3075
-22669
-30443
-7541
-29885
28762
-22624
-31232
-32185
30101
18798
-32248
-232
4653
-4064
4966
27162
1767
-6552
29771
3361
18743
-3036
-19205
22685
-10935
30613
-10881
-3320
-26281
5734
24726
-3426
-12450
-8523
15538
11448
-5992
22045
-281
-18590
22723
-16577
3448
-23442
-27340
783
-9119
32143
13583
12830
9445
-16573
-19210
12015
3873
-13778
-31568
11836
-14212
4931
-4623
9731
-21338
-39
19861
-22647
-9925
-20702
-20761
-29474
25078
14020
10414
-6618
-2203
16618
-10683
16548
-2191
10274
6601
23974
-25569
9380
4787
4926
-14200
32014
-7119
-19964
2350
30565
21720
-29286
6492
-23799
-28883
-20908
9340
-25202
-31419
-23459
-27193
11366
-12766
-8684
10001
-31916
21319
32252
-27449
-18564
-15372
-3491
8961
30110
31334
-3713
-19345
24210
8190
-17186
17017
14339
-27629
5925
27551
4950
-17568
6948
-4778
-18311
-4490
20672
-14854
-23153
15237
12958
21828
-13929
16652
207
-29637
-29565
-27588
26913
4298
16950
16365
28107
-8230
-3507
-24424
-23282
-16663
23557
2837
961
-27819
18288
-28571
16035
-21459
-5216
24941
-22832
29014
-16937
7625
-5707
4149
-3732
-3228
-9465
-26099
5046
-14890
-19298
-10243
-5272
456
1248
19715
28358
20
-21560
-12658
11908
-14284
-12406
28275
-29206
24625
5190
-2479
-3818
23869
16840
7151
-31418
-18253
28805
-27608
15679
-323
21272
19605
16989
7039
-9393
-819
-4227
29213
31804
-30853
-10855
9519
18962
-28524
29808
-28027
-10810
-28154
-18687
14115
-30741
-6917
11486
-9997
-23609
-6771
-26574
25931
-16400
-30002
-13152
-20792
-19424
5507
-8646
24440
32238
18845
13761
22741
9440
-21401
12871
14417
3268
-6918
-16456
-28457
8367
11301
-19352
-15379
31561
257
21565
-16988
27935
17318
11746
-1492
-3797
755
8665
24312
-27389
-10379
32023
-12091
4275
-14175
-31310
8716
31682
18031
-28991
-14356
13170
4026
-28771
-28293
31841
-27954
16415
12217
2961
25201
13270
19813
-19471
-29549
-810
18509
4286
-19302
5489
-14048
6810
-8440
27925
-21350
14108
-7095
21180
28520
-11778
-32711
12505
6164
29147
-28583
14673
10609
28191
26345
15190
19419
9638
-15136
17771
1619
27312
-4113
-26025
5886
23194
-809
-13064
-926
9887
-24115
25060
1553
-16358
8474
12555
4859
-13080
12953
12879
14825
-14327
-24381
-10185
-4519
-2956
28170
-7538
-903
3590
9072
-24265
-26880
7925
-25994
-29375
550
2087
22332
3676
-6553
25659
3142
30645
14226
3224
17045
26642
13205
8011
9200
-20387
-22075
-30577
-28258
18490
10571
9066
8605
-8071
3275
-11304
-23965
-14621
9225
21030
17174
32600
-717
31243
511
26820
2298
30306
-22439
-13110
-16870
29508
32043
-23980
-22954
-28014
-20581
32704
-15404
1261
7387
-12736
10721
-23285
-27729
6438
31054
-31809
17927
26529
32508
-17882
-18275
16464
-24458
27835
6182
-6213
-17532
-27829
-16936
-4653
28258
-16117
-12383
25714
-22397
5857
-20132
14425
27216
16369
15024
14299
-8045
26333
-15735
3170
4505
-13978
21061
7654
-16863
-862
24963
22292
7222
-31463
-15179
5902
7720
-12288
-28054
-31940
28837
-4598
28825
17252
-22271
30820
5446
7580
161
-30535
28202
19418
24300
-28428
-32675
24305
11259
-8322
10770
-26409
-11650
-27600
-31401
-24348
-18765
5344
10425
24406
8759
-29335
-12242
27403
-12530
-19894
770
-12229
21418
-10411
-7747
-10399
-31020
966
-26452
8393
8493
16093
-4905
-31145
31929
-31378
-11244
32115
7016
-23008
-25210
-31956
27113
17419
-5250
10917
-7019
-14596
32536
-818
2453
3581
-13108
20860
5359
16131
17400
-22749
23460
3944
12538
-26028
23411
30131
-11020
28290
18861
5124
3491
30296
9380
13189
2259
31683
32314
29835
-9880
-26779
15074
6765
8416
254
-7696
31509
-15179
-12975
-21872
-20360
-16330
-19741
2881
-6628
17190
2084
26469
-20386
15948
20060
-31915
2004
443
-13448
-31221
18421
-21348
4285
21718
-21931
-20305
-16094
31489
-4485
-31939
5773
18634
25460
-32619
-22974
-26153
-30397
25416
-1784
-22393
-4569
-26144
-8270
25328
-29941
6040
9879
-23230
18746
31982
-25924
24021
-25419
22999
-5523
22258
-28204
-15715
-31373
-10852
-11836
7162
1327
-9192
-22669
-7788
-5630
23179
-15654
-13299
14564
-16183
13851
-23642
18797
-27921
29658
1633
16694
20471
7771
26463
-22533
1535
-14907
-24835
-7144
29223
21391
6000
-4457
-10220
11365
5229
-9289
17798
-6310
30085
18748
830
-13027
16196
-3083
1104
-29947
-27155
-9609
10270
-24982
-14124
-24314
14761
-7770
-5028
-25735
-17839
-12014
-17884
24872
12878
3309
15635
3085
12573
12627
5034
25604
-2301
-17985
14680
9299
-5032
19828
23176
-30808
-24619
-14356
-12887
14890
-14443
-9251
14818
-4566
-7698
3405
-6391
3723
19354
2881
-7139
21329
1336
16687
18917
-30362
12600
24266
-6049
5332
20239
-31820
-8952
7059
20103
-16744
-18426
5285
-22568
-27377
-16633
-20701
-20736
23030
28401
-30177
29156
-10076
16540
-31722
8338
-27805
-3001
-2123
-5905
14639
-22615
26114
-22920
-26630
-18
-12603
-19062
-5363
16812
9883
30187
-12272
15322
763
-21280
-30269
-759
18387
14822
26057
-19753
-14651
-11823
10765
-20600
9470
23439
4582
-5101
3969
10822
-19012
-12185
-13937
-19478
9762
25331
2530
-26273
30375
25725
12492
6196
-27104
27955
245
-20108
24992
-25377
15727
12468
-10526
-13168
30079
1814
-25062
9623
-8096
31895
-13909
-4305
-17407
8215
-27918
-3286
-1651
28173
-19443
11065
-31151
14146
-8919
-5634
-12819
17863
1795
-16648
-1980
6401
22868
-19101
-3085
30227
-6642
-28808
-8339
-3638
11804
22969
-18897
32323
-15513
12819
-21042
16686
29114
-12321
-15407
14286
-32063
-11287
20330
16546
-12902
-14109
28155
-14165
-356
-29975
-11168
4783
27557
8770
6643
25687
-27754
-28421
745
6014
-19310
-1740
11275
7983
-6643
9044
-26804
1531
12942
31443
31766
-16626
25480
-12376
-31328
-7329
-2006
-13102
23961
26695
-13749
-15829
-17660
12973
3472
-6210
32336
19909
-15880
-9946
-31982
3190
6277
28967
9305
30025
32756
3617
-32758
27334
-26445
5841
19654
9652
-32169
-4230
14351
-8874
-24938
-20607
-17116
10386
32137
993
28746
6505
-10056
15594
6937
-30121
-3895
-18101
-26775
-28212
5785
25899
-1941
-16091
-24836
-20345
7762
19997
17601
8449
4547
28566
30791
-12514
28124
15996
2325
20378
21335
-16037
-5236
4706
-15064
29963
-31835
4611
769
16148
10418
-1429
20355
1489
13726
-28405
16572
-5469
-10997
32244
150
-25058
-9271
-28387
59
2334
-14627
8258
31418
-3768
-28066
6759
6129
-32352
5976
13743
-11034
-4497
8671
-23788
-20175
14518
-9702
5862
-32164
10081
-27061
15819
23864
-29230
31458
23480
-32633
-12518
-5981
-29832
-10899
-6210
31037
16794
-3431
25114
29890
-23362
4169
-21406
27841
28639
-7102
-21515
31304
24412
-31028
31352
15496
-10759
-28815
14899
13217
27108
23473
-4236
15180
-25826
19462
25938
12711
-29233
25811
-20387
-21795
-7059
10641
31134
-32694
-19401
-30963
15977
-12059
-25141
-10437
8004
-28152
-19595
-25015
-7508
4346
-2636
19061
-10549
14248
19582
22797
-22990
27727
-10536
-29602
32675
24452
-18005
14794
-19020
19356
26186
3808
10553
-28929
-31467
23977
17416
9965
23400
-26193
-322
24759
27247
-30114
26526
3162
-30333
9070
-23709
27196
-24044
-17598
-11459
23557
-20054
-3454
-7409
-20950
5803
-10736
-3077
-13313
25388
-20245
32661
2498
-271
30040
24216
-20850
29557
-32326
13386
27315
19122
31748
17143
-16863
32470
-4430
10697
-31979
2907
-18940
-12957
-11766
-19739
18402
902
-32089
8787
686
26770
-22688
26915
-22438
-4283
-18442
19115
25722
24992
-17312
10986
-19880
6697
-30515
-29377
-8038
1574
18180
-15929
-22256
2324
9645
8047
-9766
-15658
1994
22362
-20593
28913
21132
-5254
30956
-611
-20998
-13927
19097
21944
12313
-12567
16367
15059
25595
-18713
30950
23826
20721
-19581
-31566
5783
26338
-31192
19009
-945
-8183
-2729
4804
-25393
-29304
-718
22297
-32604
-6120
-13070
-32028
-22317
-13725
-23442
21317
32411
-31277
-31163
-20806
-20389
-30593
-12168
27387
27355
26614
18002
-23718
-32757
20913
13400
-31561
-390
11548
6981
-24653
30859
2684
15145
19148
-9228
9226
10933
5711
-28032
9130
-24710
8319
1627
8879
-23577
11602
11189
10063
24658
-21911
23039
14992
-10669
8612
432
-31361
12850
24672
18510
8647
20369
-1852
-16749
-32286
12514
16475
31477
-17401
306
-29614
7857
16587
-16848
32672
10460
23737
-754
-27466
-32237
31172
29036
4963
27219
28091
7146
30391
22198
-25295
7960
-24946
20558
30016
26317
-25662
-5917
17629
-30058
-12745
28738
-1600
4391
-14153
-738
28564
-24886
-29226
26066
18925
-30678
-29984
-29948
25229
-13463
-15232
11449
8280
27734
-28122
-32655
-5943
-21066
-8233
-18824
-11512
24630
-18972
-30520
13829
31416
-14241
-13586
31415
-24388
-4405
24143
-9799
29984
1115
15749
-9578
6099
-24899
-8328
-30147
24095
-19391
-19684
4389
-8218
23054
-19631
-13176
-7879
-31157
3951
15706
-27656
-9798
6746
32002
-18035
-13685
-28773
-25904
-21608
-12665
30657
11244
12709
-48
-10795
-20620
-19419
14514
30488
30644
31910
-27736
7570
4931
-10191
-5174
20444
-28593
-18133
30556
28335
-25212
-2179
-1451
25311
11080
18020
26214
-23661
6948
-28256
-14903
5341
-4660
16441
24236
-5739
2735
29642
15959
20525
-3079
-27540
-19125
899
22386
3275
-18041
-6774
30259
21805
-17427
24190
-7895
-14571
-7307
11411
-15599
4869
23109
-9402
-25833
13377
3482
12314
-17687
14229
4286
10684
2209
-2236
-13452
-21758
21524
28388
15380
-8323
-8846
-6161
-9664
16010
20619
-11133
24548
21684
-11261
13800
25665
9948
-10929
-28941
-1306
15
-21393
-9247
-16354
2175
26229
18532
-13595
20517
-32062
-17086
-24750
447
-28842
22938
10056
-18909
-26024
-9787
11249
-1046
25817
11521
31050
23859
3503
24115
3634
12667
-12460
6133
14758
19352
-6787
-1684
22995
-5087
-20738
-21051
-15304
22148
-20381
-17999
-7010
-5317
15175
-19910
-29066
-11361
13859
-16009
-7704
-3617
30153
12916
3225
24956
-28697
-16671
-5443
-6036
-21483
-12640
-9039
22014
-23380
-158
-607
-14229
-23521
-13762
29573
8536
-5767
6414
16014
-67
-27511
-524
29251
26342
-19315
-8134
8381
21512
-5337
-30395
30657
-14447
-15450
19015
-12167
32622
-28634
30805
2864
21448
10195
19467
9269
-17230
-19619
-2245
7547
4559
5981
6286
-29777
16990
-29142
-19517
-12574
-31013
1819
17795
-2029
30566
17859
20757
-25498
-28895
9460
21131
-17385
14912
11918
-21011
6343
-4943
13003
-7282
29742
31986
-28525
32389
9629
-26173
4884
23087
-30994
-20412
-12137
-704
-23322
-5383
16345
24393
-29776
3023
2716
-25205
27871
-13851
-21223
-21142
13299
-12893
16138
8653
1481
25342
-11437
-32365
-12558
-14490
18789
8365
-46
26897
-27624
28301
6156
13372
13878
-24770
10197
-29219
