85
-15403
-28812
2213
-10420
11347
-18220
2769
-13209
-2752
-19849
-12409
-21376
-7589
-862
13989
-16735
3340
-6288
2499
-28402
25085
2287
-6614
23936
-13065
-15488
-27708
7406
-20016
17277
-18248
21476
25155
-3640
-18125
29780
-13096
-422
-8624
-18482
-11928
11034
30738
-24365
-1986
-11622
-8955
-28307
31711
-30747
14448
-18115
-21429
9592
14623
-27532
30854
-11918
-24552
-23933
30401
-15498
3749
7082
32196
9992
-5777
17834
-14252
9657
-26387
11297
-250
-4185
27034
31342
-12682
25603
-11019
-3345
13867
6059
-7472
8006
14463
15358
4344
-5155
-27790
19988
23182
-18840
7564
-4280
-22674
-380
-30871
-29055
17289
-3688
4655
-13667
-344
-19396
25032
8049
-8750
8270
-11788
9644
27731
13397
22296
23978
-19781
10485
-32524
20491
9048
29411
-19078
6738
-17538
14470
23560
-27229
-11098
-8923
27033
-17689
18119
-22569
12531
16422
-4514
25130
3777
23972
-3736
4997
-31724
3048
29438
-17837
-28582
15137
27343
13047
17244
-3386
10340
31741
9490
-14077
2208
30606
-9063
-10202
-15184
-645
3479
-19121
-12123
-18021
19692
-16805
14415
-27513
-7762
11285
-26999
-18581
-3404
31871
-28509
9742
-6389
-2003
27480
29015
-19249
1469
-15455
-5385
14452
-17302
-26413
19499
31124
32269
567
-27651
26428
10108
24943
18757
6061
26928
1067
32168
22336
28612
-31547
4208
1895
-24150
-10487
-13280
31851
10245
-2854
11899
26236
1153
16623
-24895
-21339
-15451
26448
-17520
11665
-19113
-3095
93
15915
-29685
29189
25211
30999
27692
-29732
16802
-16148
16944
15511
18076
21243
-29907
17381
-21024
-13509
31008
-26178
20100
5262
-4124
8294
-31036
-12548
-28555
26903
-22619
-1175
13218
25235
-32637
29225
19229
24625
4822
16775
29727
-21336
-7660
-25854
-2069
-11848
8187
-32038
-31656
9186
-22210
12081
-9900
19597
20574
4025
-30115
-4708
3346
4143
-14266
-25313
-6079
11357
2043
8859
7663
-5594
-7993
-2367
-2132
22598
24622
-7382
26790
14772
1378
-2332
20383
-15658
31402
-25218
30816
-31789
1071
-20885
29280
-23221
13606
21675
-6677
-15579
-26491
-350
10276
-21215
-25678
-14002
8368
4060
8467
-16013
19518
3665
-22758
27776
20893
16503
-31940
27347
11467
28947
-9645
-14
-4215
15082
-12220
-29478
-20455
-1408
31435
-3982
12806
-2099
-25232
15802
21397
-18754
9069
-28809
10828
-18509
13671
-10790
-30933
-26251
26360
-8535
-28389
3339
6367
2982
17323
-4217
23810
28863
5181
23939
-25927
16746
-24403
-18688
-4149
2643
21100
13104
6510
1968
-13370
2809
-4793
8871
21187
15196
-28712
-9169
-20043
-11938
13829
15625
29534
28624
1902
-6754
3234
-30151
10610
12241
25578
24449
26404
-25391
16513
-17198
-856
29607
13753
32325
25914
23277
16029
3294
-8856
13193
-10786
20068
-13874
-31277
19788
7699
26967
1073
-10608
-28814
-8628
-25273
20941
29358
-29689
-22069
-22589
-12505
-5522
-24837
-21968
7958
12394
-8071
-10405
22343
-30416
27809
-4290
-18910
31478
24711
12844
10273
6128
-16317
-24225
13801
-11340
-20317
-4810
16235
-1863
20008
9818
-16454
-22991
18415
30468
-16684
-31219
-6438
26445
-10590
18311
26703
4851
-24341
9937
-11010
-15165
14703
558
18262
27951
-9786
10445
-31929
-11689
13598
949
21661
28807
11476
-23367
-20892
4545
11147
-4692
22597
-9221
14096
-28354
-22916
-23460
4210
-5038
10159
-16112
17064
6322
13054
32652
-26390
-9352
13256
-2433
14537
23837
3172
27650
19016
16042
5236
-22250
-9095
23852
-15938
30506
23671
14476
11841
30699
6861
18525
12358
-4596
-160
32434
10916
-26578
19299
31854
-17662
-11770
-1772
1018
-15836
27347
-7374
31638
14672
-20538
-23450
9846
-13781
-8398
27994
24519
17400
1229
26813
-19768
-21339
19988
-576
-7276
22290
10640
-14141
-14868
-29726
4150
9449
-10728
-26125
-9136
-29756
1232
-27566
-20564
-19666
-263
32175
11415
-31047
-18697
-30494
-11397
7442
18703
-31641
6475
-29226
-29361
7651
-2579
-19504
23420
-20242
-18571
3743
17172
31457
-17083
-16804
28764
6496
20853
-10747
-21133
28062
-25737
-18118
-13545
29187
-13911
7777
23409
-16356
-8946
17397
-7797
-18171
-16693
12434
-10335
10982
24276
17233
2010
24056
25332
-19771
6778
7182
10649
3098
-6052
-14419
-24688
-18385
-21433
-5567
-7792
26532
11205
-26660
15732
8020
20
25571
1823
-10745
-24852
-11308
-16263
23414
-1041
1866
31244
-32158
-24358
15703
-17062
11942
23503
-7266
-6182
16635
-13850
11911
-11524
-23681
-19330
-17611
14576
-846
10359
14677
938
-8435
-18933
12458
-11800
10589
-7253
-17357
23483
-28575
-1053
17869
-22345
-2322
28910
-24211
21010
7195
-24690
10042
-7279
7315
9385
18439
-8574
18657
983
-20683
-16128
22489
-18605
5208
10418
1098
5378
20308
22546
24167
29572
18092
12884
16274
9418
17648
18998
20223
-9988
28761
-24422
-17523
158
1606
-11992
31941
-3401
7551
2053
13930
-23978
-13407
1164
-351
-7586
-24587
20362
1984
-23671
-14010
-19981
-17001
23520
1722
-363
-27008
-5761
20993
15913
-31556
-18058
-26254
-18347
-12472
-17817
9319
-14845
20208
-4608
5967
25543
6789
-23848
-31855
28515
30334
-24384
24500
8873
9572
-5208
15779
22407
-12414
29038
20263
23627
4350
-11171
-10032
31540
-25571
13318
12466
1867
30527
-7540
-30947
20448
-22560
32595
-21711
-839
-27801
7813
-410
28031
-17448
-21232
30080
20302
-23362
22625
18245
25033
24033
24878
-21452
-22097
-4874
3674
-619
-25198
11578
-2872
5214
-26200
-23712
-5963
-1795
-14715
15252
12007
-12894
11743
-8991
-13984
-23867
-26919
27543
-7060
7795
-19931
20183
14674
-7252
27718
-25861
8139
-25698
-3156
23181
-8733
-20238
4863
30506
-4116
-8658
841
9241
-13979
3747
23927
-19681
-1686
19139
1057
11115
3209
16456
-19312
-4818
-367
32729
-31623
27040
-9276
-17943
-19286
-13302
-12567
-31362
-21521
23090
-10804
14612
-15706
16775
-10715
5847
-11675
18410
27563
17872
-4455
-5484
8437
-14710
21581
-4971
20474
17094
-26184
21722
1591
-28917
-14965
-18065
-21893
15936
3536
-31009
5314
1750
4731
-6216
-26691
30963
-20814
8706
-30868
-2597
-19792
-17389
-32689
-17453
-19541
-22217
10615
-12257
-23184
-8778
-187
-5663
-28215
-27018
15946
-25969
-20083
15200
-1212
10689
30461
-3263
-30830
-23888
-14761
-13183
-1533
-7023
3062
-21169
23323
32081
-6256
-16553
-6241
-20174
1576
18965
30486
19084
10326
-1807
-19291
2798
-3666
-23201
-16125
29616
3641
20396
23836
16918
-16951
-14238
2612
25866
-2327
32262
-30771
-18950
-518
23795
20726
8063
10944
-18513
-17860
2374
-5996
4603
-6609
-15003
16868
15447
14871
-15546
12831
10605
-18436
-25999
-3159
9273
4548
4467
-14907
32728
4933
-7872
-3421
-20444
11077
31496
-27042
29567
-26953
3098
-17326
-17068
-3827
29979
-21718
21777
-27856
658
-25247
-23878
-10213
26741
-8636
6108
27803
-9923
-2210
6263
20207
24472
-17578
-13463
5061
8173
-18426
30516
-26643
-16186
25053
-407
31785
27944
-4192
-18000
28413
23409
24257
25756
29170
-12843
-24619
23781
-11827
20443
361
6019
20945
-27171
7919
-28918
16359
-12914
-1014
-17317
501
-17443
-9170
2647
24687
-15695
11371
-30460
-16418
-1368
-3577
24178
-9807
-4644
27341
-15612
-15199
6311
-1870
557
13782
-31411
-5764
-9428
-20066
-19801
18083
29427
13550
-15593
8513
27172
8355
3788
29457
-15282
-17127
-5167
-31524
15271
-11541
-9000
-11050
11562
27134
9134
6716
2779
14423
-12388
-26922
-29088
24127
-26913
-1447
-12754
-21246
7105
-27715
17810
9262
13010
-22855
31318
-24969
-31808
8242
9767
-2185
-30813
24183
27207
26947
12380
12136
-30352
-32325
25628
-22464
-11716
25409
-3093
689
-29252
-4568
-18395
-21587
31211
-30238
18001
23316
16153
9665
-5774
-18694
22022
-523
-18529
17677
30769
-27416
-26951
7556
-8542
18685
-12159
-6715
11997
28514
7434
8455
12931
-1170
17573
16679
-20721
176
24104
26482
-19057
26208
-25171
32582
-13264
17385
29803
15755
11562
26810
17177
-24726
-6386
1095
5758
-9172
6435
-15931
-32680
-11263
29323
6432
-27476
-729
-15293
16113
-12592
-19298
-2962
6999
7272
-30161
-26249
-10089
-22676
28931
-32678
-2159
-12533
-21783
-12352
12109
-20376
4717
-4503
-21243
-11637
13511
21131
15241
-13388
-25222
-1250
12418
-12552
23966
24331
7488
337
12376
-15749
-14269
-20903
8077
-28233
17909
-5027
3126
-8220
25292
-14150
-27011
-23997
-977
-18594
30981
-5092
-31085
-32301
5138
14616
11167
14494
-21443
15594
32018
-22818
12097
-9529
-17394
-18792
18692
3460
-15714
-19913
30302
-30951
2357
-2719
-8390
-11436
11090
8318
3445
-26833
16259
-23857
-21710
6743
-26193
16
-4215
14380
2607
8269
-3780
12682
24866
27368
26106
-7952
-26828
-30246
-3996
-19215
-22535
-3315
28391
-18238
27013
-24877
-31470
13155
20802
-7858
-8137
2978
16660
8238
436
-31844
10116
-22621
-15518
1571
12871
11548
-24866
-13316
25346
-9276
-14971
12943
-12388
6779
-24463
15581
14037
-8927
-28362
-23713
31285
22459
18247
-14251
-8287
-17824
28227
-3872
-27013
-25197
-3105
-2726
6874
-14307
-17939
-16834
12708
-555
11884
-464
17666
-18056
-27667
-15717
-14679
-24872
28999
4126
-25523
18646
-3720
-6156
-12002
7873
18054
2823
23552
-4623
24130
-19784
29867
28737
-30939
-12546
-16285
27011
-5591
13453
16510
29327
68
28364
-28428
23048
-29878
30120
-7581
-26817
7183
27679
-29146
-11315
-17355
18550
-25785
5041
18097
-20926
22918
-1153
-14965
-6672
29926
6828
-26451
3751
-7830
23188
-29113
-22783
4414
-8291
-25420
-15576
11987
28492
27432
22718
30488
16003
8310
19066
1969
-22028
-32018
28340
12859
-31558
26401
-4358
-23744
-11248
12322
-4471
32235
9595
-23457
8756
-31752
-25104
-17975
27893
-1269
-32519
-23683
12744
-507
-28068
7302
31594
5
-12716
9427
-12598
-27421
-2583
-27342
-828
-20369
13631
14242
-10843
-6238
4274
25193
-1129
-23628
-5186
14537
-4418
3040
-2838
-31841
-15045
-12712
-23486
20141
-20123
-2847
13929
10685
13618
26338
-17697
-27808
31560
-28324
-7338
-17352
-12640
-12260
25734
-31772
22814
13194
6936
-16513
21638
9149
24424
7948
-5161
-27624
7901
8025
806
-19607
6834
-28581
26311
-25203
17801
-24129
-20476
-29184
29069
19208
9930
-4601
-20120
-1886
6104
-29975
8357
9224
-11564
4081
29597
-30705
-15950
-15081
-31885
-26879
-12510
28584
-31745
-28376
19577
17458
22317
12178
-29648
6399
-10927
3188
16487
-16397
31393
32093
-16481
6034
-13388
25310
-28987
7179
21299
-15832
23476
-20310
27680
9269
752
-15805
-32758
4525
-19349
12380
19602
-692
30262
1322
-12171
20363
-2264
-23007
-27259
-23268
1494
18379
10348
31274
28689
26827
-16850
26724
-4274
-25713
-16267
-21363
-32349
-8249
24038
-28369
-9785
8671
-21008
-13376
-32534
-2218
27858
-9345
31011
-31620
-32549
27892
13466
5260
-5218
-29753
-24618
-4934
16885
4180
16770
-30959
25426
19101
-24356
876
-20601
25158
-16217
-4412
2620
-1127
24811
-306
-23586
28636
21547
-29248
-24664
3896
5790
31827
-5938
8988
-19950
-30437
3063
-22084
-9212
29901
-26889
-23284
25777
-28416
20265
-29932
-2286
-14738
9214
3854
27364
-29857
30999
25133
-1303
-1083
-19299
30222
-30293
-4141
-20662
2802
24560
4518
15787
29755
31736
-10853
-7609
-27092
-8198
-28822
20135
-18651
14712
-1735
17709
18063
10890
-5686
-862
-28617
-4617
19993
-5210
-11061
2208
-31654
20171
28620
-20141
7081
1106
-932
-4533
11002
8325
22775
-1714
-15488
15620
27410
-18285
13816
-14173
-25859
24584
-11827
-32231
-3907
-30739
-525
-12043
-16052
16569
-7457
-16188
29974
-3715
-26794
-22090
18265
-29278
-7192
29805
21720
-5864
-14979
9589
7115
-17003
19550
20818
-24140
13799
30665
6726
19893
10107
27041
16638
3259
-14430
6156
-6821
4667
-2216
-17063
-26790
13631
-11865
-15998
-120
12758
-11293
9473
-4866
11227
30708
20956
-30571
-5764
-13438
-20231
22721
1406
19264
820
179
5776
-31127
28346
2438
-13658
-21310
4875
-15087
17752
-26180
19648
1471
762
13246
22229
16273
-704
9157
-23802
-29653
-20035
-5567
22461
10136
-26831
22322
-23425
16413
-8968
-17157
28750
-8382
-19558
-3586
11925
12254
-11715
400
-10463
28835
-6375
-19516
26976
14831
17126
1067
-22729
4139
-4877
23306
17503
25835
-28697
-13552
19879
10215
-19941
934
2626
-21877
657
-3366
-28159
523
-5196
-6229
-10627
-2618
-27002
13471
31189
-23263
5926
29830
11924
14739
3887
28882
-9567
-12146
-19293
-13269
3962
6082
-21589
-2250
-6859
-27112
25791
-9042
2015
-14940
-30224
-26965
14583
24027
-11520
27443
-25639
-7111
-31945
-21865
-29388
254
-20687
-7904
18835
12207
-14191
-21610
32749
-8257
-2590
20262
-16142
-11507
-154
-30218
-5488
20994
-27157
1864
25799
-8887
-5360
-30738
15545
-6116
14902
18992
-23760
-19026
23107
-3060
-1497
-2583
-11075
4470
-23713
22113
-2533
-32751
-24862
-1173
-3020
-26205
29464
-31180
-13208
-7203
17229
6949
-1850
23963
-3879
-28582
6963
-25592
-28070
-26563
13035
15162
-887
-8350
-18404
-29506
8127
12390
-28546
21193
423
19624
29255
-6653
20577
8677
-3896
5885
-6006
17861
2701
-4795
1269
4116
-6054
-10582
-13803
22321
-18854
-27750
27645
-11071
21455
11925
-11160
15722
-4580
-17211
-21322
22445
-25793
28074
-8409
14189
-27458
-17120
-14177
3690
-14072
-25704
-18220
-1849
6809
-30675
-25067
30492
-15378
26304
-19681
9879
-8721
6009
-8587
-5183
-9669
-2324
-6476
-32145
-5555
3345
32373
-12832
23186
-32197
26608
13050
-24728
-27962
6732
-13894
19679
-30062
23909
-9508
-17474
15799
-30324
10314
2360
4838
23932
-1435
-14355
24548
-3414
-14330
-12701
4693
27968
16828
-1926
-13118
-19215
-15637
27926
-3789
-28283
837
29984
11913
-23626
-2264
32286
-7086
-27785
-13630
12657
-5927
-9086
27875
15757
-10754
-16693
32614
-21804
983
-3850
22851
32284
-29215
-15155
13195
16433
29042
26149
-30552
-807
8987
-19006
3277
28444
-19268
-4502
-30248
-23983
19872
3614
-10405
-28152
16909
-24521
-31275
2682
13902
-14857
-11275
6592
16870
-32259
21480
26253
-20680
14317
-6784
-32761
-28257
-2892
-31404
-25899
16649
-10965
23410
-25231
-14326
3732
-1567
18605
20576
10586
9198
-9137
-869
4721
24875
-18207
21982
-9469
32267
-15086
28957
31910
6174
5639
23887
-28716
22643
31915
-22569
-1822
-12612
-10119
-26470
1990
-7346
4681
24298
27509
29107
-15405
6674
15128
7642
21912
22122
-5475
-28991
11048
-28670
19666
-21477
27277
-5230
31622
-26728
-28186
-8850
1139
-11131
6546
-26150
-8624
4719
-23284
-4918
-1867
24970
-30257
-24163
26277
-3332
4511
-9157
-10228
-5601
16998
-13579
-28760
-13586
-28523
-6214
29604
-7016
-10805
2740
1117
11228
-23208
9034
4855
-30303
-27605
13400
-12171
7216
-9843
14532
-2803
-1
11748
-10888
-29134
28631
-11327
1902
24607
10649
27878
-16837
-26868
-6983
31741
22704
-8743
-19895
-24044
-23824
-9719
22971
18948
-6823
23168
21946
-12155
-31789
25957
-26508
-12319
6809
-20873
-17617
-25572
-12962
22785
23589
-8983
-10800
27485
-15865
-28057
-21471
-23833
28015
24004
-27720
13622
-25088
-13706
-3520
32228
6003
-21843
-4288
-1811
7330
2705
2575
24360
-9017
-2282
8403
-29855
-32668
-1756
29242
-16153
28308
26415
-28239
31822
-20600
-4725
12334
13635
26443
24251
15890
-6201
27619
-26164
10558
9979
-6331
-31191
19527
-10971
18199
14925
17011
32753
3670
-17399
-18486
11070
-178
-30963
30859
26400
7788
5862
29330
28923
-5886
-12414
11384
-3370
-2516
-32372
-12277
-12264
7914
-22625
-23562
32304
-1811
24598
-7140
13275
24776
12920
-32436
14607
596
27926
-1586
17336
8980
-2960
11049
-17312
27330
-17330
-15625
-2148
-4352
27586
13881
-29444
12111
-25449
-12163
19241
-10792
294
16257
-23507
25577
-25509
6394
-17510
19365
6110
-29656
-2030
-8766
29282
-15098
-14971
24883
-19738
1874
3092
-31719
-8235
24585
5907
25973
-3137
26385
11309
8994
-20667
-3748
19110
-24909
-15718
-21382
6846
-10583
991
-25495
-14594
22788
-26200
22604
-3726
-8998
-31830
22837
-13262
17797
1262
15971
30842
-31423
9271
20854
27532
-22153
1589
-7301
11840
6427
-30713
4725
-2578
-5285
-29563
22543
-14942
-15346
-925
32069
-23842
6491
27740
7064
17790
-15789
-21996
-1794
-1186
-30783
25388
-29323
10972
24398
17599
-18191
-7461
14530
-1059
14366
-12451
-14950
1188
22664
-18831
31372
9739
26343
-4984
-19020
-29031
1161
-27134
32335
-1629
14270
-2186
4118
-8248
20866
-10369
-13656
14068
1831
-9237
18233
-20176
10356
6073
14834
-28662
-26207
-4177
-6513
15159
24738
-4059
23053
-24341
11232
4845
-29861
28657
-11061
-7946
12389
-25325
908
14327
24229
16428
26305
5619
32219
-23925
-7839
-10017
-18150
-8578
-9523
21706
8384
-15983
-9111
28444
1036
27836
7676
-31296
32202
16854
-27886
29904
-10942
-30493
13058
-27412
22230
-22659
-19630
11622
22073
17132
10473
-29413
26068
7813
31449
-15781
18884
30381
26943
-3228
13235
6045
5426
12539
25759
-1876
12036
-28142
-17818
-15066
12571
8651
-22354
-5605
700
-3539
21348
24447
21451
-10847
19114
-32001
-25601
-30880
13069
-16608
27565
8745
23212
-28504
3210
-11237
-13149
13910
-32026
-2459
-13286
29175
-9782
241
27793
19793
-6626
-11644
29992
-19320
-30811
12309
-3608
11996
-19327
-24083
-7342
19567
258
-27127
16955
-7566
-2577
-119
-25030
-17156
-24567
-6109
16044
-31197
30809
-11403
19533
16774
-17281
5526
29804
14825
-30689
-320
24528
-30031
-31379
19304
13691
-27958
20420
19689
-18798
20161
13794
-14743
-26960
15405
-8121
18242
6324
-22229
-9655
28045
-8776
-22089
24605
-25018
-5887
-14322
-27644
2373
19195
-19648
-18283
-30402
-15457
6027
27068
29235
22263
-23673
-9544
4647
-17692
4713
-9790
-120
15716
-28874
-24802
9520
26080
6280
-33
12808
-14471
17775
-17081
-19054
-12355
20674
11911
4633
-19318
-7843
-17212
5627
30078
-16976
27389
18128
-11831
-30067
10009
29545
21247
8225
-16332
2307
-27362
-27499
11059
-13276
30001
-11827
-9728
-17368
16467
11367
7403
-6825
18165
8353
-4944
-10340
-18908
-21675
-12598
26027
-957
-21899
-3280
-21238
-6940
-25264
-23035
-14446
19195
-5084
20103
10701
18899
-30985
-15558
23643
-16531
-13149
25014
5185
22162
-32430
30194
-32665
-10059
2345
4248
7121
-6500
-27470
15261
12931
-27454
-26339
22452
-12835
-25336
-6326
-30299
30327
-16845
9650
-27145
-24270
23235
27122
-31936
22684
5024
-548
13470
-2234
9250
-21290
16904
7569
11757
25065
-20950
11982
22631
9578
2755
-22620
11171
-4052
-22013
18568
19597
-14811
6434
-12727
-22183
31596
-30553
13927
-1434
-28999
-26909
-19833
-31838
-3212
-31447
3616
1302
22609
11235
2466
-3576
-19823
4941
14478
-11464
21729
-9566
-31317
-3488
29098
-21535
-5378
20564
-16347
-13001
24009
18590
-27241
16307
15379
-2568
7177
-17346
-13979
345
14878
-3998
5807
3020
20930
22267
-522
-15271
31420
2215
6920
-2836
-2883
-6292
-1170
23296
1361
2610
-29540
-15042
31399
17348
-23922
10770
-21176
23384
-4733
12004
-24184
70
-4153
23569
31833
9497
23856
-2784
-19716
372
-23813
13022
6998
15810
-5968
11523
-17984
-6974
6677
-28898
-15037
-31642
27110
12045
22982
32376
-26249
5329
19499
14787
-11582
-18312
15876
-22701
-31170
-23921
20759
3575
-9588
-17568
-849
-7198
19593
24040
-17984
8435
-31798
2314
241
14862
16187
29212
25359
9269
-22576
19875
-14853
2577
-8305
-17507
13968
18950
10903
-16772
-21904
-20612
31410
-15332
-25095
246
-10300
-28415
15407
-21189
27115
27371
16197
-5166
28778
14441
22508
14818
-8242
24962
25504
10691
29548
-7117
6360
28303
-13838
-16559
29267
-30776
-7091
4901
17199
-20466
-18122
-15401
8483
-9176
4209
-13767
22663
-465
29032
11662
-22093
30812
6409
26452
-23732
-2948
2795
2886
-31772
6424
16306
-22358
-1017
-18949
28786
-5923
-2440
19738
-13786
17392
-31084
-416
-18246
2367
28146
10979
-13226
10480
-25285
-26358
8785
-26582
18602
27998
24713
-8020
-1215
32169
17217
8817
10429
8152
-9532
-1435
-9089
-12148
-1545
9150
25681
5278
-20691
-8170
8283
26282
-7187
30835
-4359
-16542
-7140
-29397
-23572
23093
-29539
-4435
-17232
-32187
2122
-9310
-9823
1839
26298
30556
17037
14107
-4572
-32186
-26416
-24372
13518
22043
8629
14397
5690
30384
-15924
-6502
-5251
-24851
-15705
2556
19291
-21817
-24460
7179
-22878
-18848
-10051
-20759
13369
-30048
6274
17312
-14907
-6949
-15612
-27528
3242
-20737
-26896
32196
-23200
6129
20880
8840
-22368
-22858
-21616
-29759
-13123
5843
22778
9283
29618
-20068
-15919
26737
12698
22554
-28025
-1312
-3176
-5959
4409
-20533
18982
26628
-7896
30823
12878
1916
23644
-2608
-26722
31223
16316
2231
-4415
-22545
-23886
3561
18753
-18010
30397
6054
10817
7186
-30727
9902
21727
9966
-11950
-11482
-23582
14540
31198
-1390
30304
5749
-1355
27923
1354
-26317
-8759
-2344
-1852
-19355
-14211
-6607
8543
-30083
26240
-10218
-15261
-3502
524
-23929
-2316
19760
-27600
-19290
-28809
20460
-25275
-29978
1387
20005
-15309
-2385
-576
-3209
5880
14406
28715
-22222
23523
7874
21981
-22218
22268
12945
14630
-12147
-14726
27103
698
30763
-15020
17303
-4431
14280
-6425
-17062
-7853
14486
-10432
-24951
10683
-32114
30887
18122
18763
21187
15092
-12053
3278
3384
-3435
-2915
15675
-24382
2890
28163
20793
1495
30946
11288
23775
-26964
-24019
1111
-18958
-16566
4113
-14378
27187
-23896
-18756
-16000
-28640
-13049
4432
24288
21687
31989
-5635
23549
1960
-20080
-31919
3738
9034
-6939
-25408
-19883
22740
25071
12460
-9376
-18578
28138
19416
28972
133
-18256
12822
-6071
-9950
-1885
-10981
-19225
-25196
-24315
-22821
-1004
20979
8898
-2150
-23777
25097
22023
-23624
-17858
-20779
-23547
6330
1796
-12110
-1854
-19463
-20418
-32045
-4875
22701
-7623
-29072
-8999
3579
-31
-25037
-8289
28350
8894
21299
-26356
-20865
317
-24021
32108
3924
7601
11670
-4191
-7466
-23138
-12539
14991
-19399
-19902
-6535
22670
-6906
22203
-27265
8774
24876
-20672
-30639
17934
13720
-3244
-31833
22116
-11000
25463
30454
-28752
32333
10587
-20943
-13849
-5045
8772
-14565
24309
-3466
-21126
-14760
6236
26329
-14614
-2670
-5067
-1025
-664
20979
-1239
-8276
-27871
1577
17497
-3809
19112
13039
-26497
13226
16675
-15425
-8692
27032
27923
-394
17089
-134
30737
-14860
13809
7406
12884
-28226
27668
30499
-6885
10065
6409
3304
30481
6747
7666
-11922
3929
-4570
-4411
16052
-14790
-17411
24306
-14095
-8541
20459
-13204
-18867
1244
-16275
-7873
-4182
-12247
-12742
-18790
28664
29160
-4060
-593
10362
6910
2185
-7409
24171
-8769
25833
9313
25723
10278
5308
-15523
-887
-13110
-503
-6851
13197
14157
-29492
11877
-18304
-2035
-10683
-25251
9709
-13570
4066
26705
-14343
-20046
-32500
27144
-4822
7562
-1840
18673
8850
-26414
8966
1743
6690
20469
1360
-32292
14444
6417
716
21465
14251
15675
13258
-3004
1064
-7967
22363
31902
20016
10941
-20473
-2895
-20444
3151
8737
23807
20507
-28038
-5149
-4493
-29799
6407
10561
496
-17617
-30131
-11637
17063
-22108
-14847
28492
-3302
-21832
-18599
27961
14164
9277
22443
14788
-12289
-11939
16904
-7101
25717
-28511
-30421
-10609
-30073
5009
15833
-30836
-8677
-3562
474
27892
-4318
16365
-973
27016
-16326
-9779
-27393
-9500
32561
28974
-2869
4846
25420
-22165
-13856
-531
1937
32489
-16708
-30813
23699
8606
7199
6987
31548
27859
-4717
-23667
19997
8794
10165
16665
7293
-5001
-2507
-29839
-25550
-24250
30629
32250
-17075
-25792
3771
-24487
-26455
12824
-18606
31449
22156
-10406
-11994
27116
-31175
-14809
23874
-12744
-14720
9023
-15429
-18707
-12130
12582
-8348
31629
-22849
16168
13031
15364
-21619
-3465
-30960
-17844
23418
32669
20511
-27581
-5936
-1728
-16054
-27306
21265
-10060
-21627
12781
-19205
-21630
-19794
26973
-1108
31150
10992
-6341
-11541
22996
-27863
18975
7480
-6615
-31057
-10118
-887
-27194
-22300
6339
-15878
2895
-6719
-11771
14742
27066
-21491
15385
10530
-14830
4529
4368
-16370
1315
739
-14991
-17857
-3241
-31561
-8032
-17567
6641
-29072
4419
-29607
-18805
-20335
8264
12080
19495
-26435
-29226
13992
18787
25471
12888
26444
-8886
-7722
-21970
-31012
8234
30698
-28160
-24887
17528
5829
-9864
22212
28980
31491
5116
25368
12192
23710
2299
-21762
4825
5381
-5055
71
-12584
14607
18836
2251
-8716
-27863
-20742
13601
-9225
-27184
11436
24887
-30823
16984
-23702
-7596
-13901
-23433
-14494
-11746
15340
28619
-12018
-9666
30108
24383
-29229
11211
-7075
-377
8025
26549
24629
-16447
-5897
9732
-27677
-24412
9479
20243
-17436
5531
-32630
25829
-10040
-25274
26141
24563
10836
4096
19758
15863
17957
-1197
10313
19502
4914
-21303
29811
28626
7593
-7777
-15300
4405
-25693
-29500
-22454
24834
9957
-27722
31274
11597
-30432
-15966
-11261
3986
-12460
26073
7287
-29714
14991
16304
-29838
21139
18221
28854
-21868
27843
-27673
-22610
30705
-16941
-5825
-3263
21182
29403
30895
25814
-23407
-7268
16660
25121
13505
-17385
-23732
12450
3078
-6544
18366
16280
19939
-9707
-32381
-5329
-10523
-3620
-9047
24355
17371
-29109
-4507
-32053
-5002
-17604
13240
-30638
2309
-19817
-12619
-12048
-32429
-31562
-5978
-16772
-19274
-1192
14731
29707
-2218
20543
10891
6628
6481
2920
-27346
9984
-18331
-19751
-25981
-28555
-1779
-18968
8284
31522
-22032
27629
-29420
13014
-18998
32174
-31542
-4993
-27788
2099
1967
301
-16472
-29980
17247
-2341
26193
-11921
-10138
14058
5324
21643
4533
32756
-2484
12703
-11117
20552
27858
-30072
19678
2168
21079
-4245
31183
17218
-4661
17085
-5727
-2221
-14767
5654
9173
-11081
-20442
21414
9473
24827
-22296
25549
8896
-18168
877
-2130
-20537
10596
32303
17168
-3560
-23371
31755
9214
-16470
30995
-18010
27495
28101
24303
3443
-6797
515
31556
-4703
-1146
8883
-19997
-23761
-8905
-24314
-17985
8879
27570
15625
-27627
6727
19032
8883
5660
-19348
30922
-10224
-4417
-5532
14964
30388
28327
-10499
10635
-19379
15047
-21723
8516
-15681
-2726
-9501
-20147
11541
22078
28208
-2301
-23415
-15530
13104
-20465
32594
18142
-20803
-3403
-12325
-24881
-8735
19600
-14992
-22740
-14773
19320
-2152
10631
32241
-18309
17279
24445
-8298
-4431
-16150
3083
5281
-7890
27558
-22979
12666
-3439
-18659
3489
21061
30269
-11813
21323
15757
3347
-10468
15839
-20066
16861
-26805
2310
-8088
26972
-30669
8247
-19881
7927
-2756
-18256
-6727
-29981
5633
-28827
-32258
-4858
4765
-14845
21470
-12984
10155
-17786
-31639
-1765
19539
-20634
-28598
-16177
-29635
-7725
-31689
1553
12636
-27744
6943
-6285
-12987
-807
20829
8472
219
6532
20663
22118
1687
15748
-1327
22162
-32402
-19962
-16437
-7251
-29368
-7288
20986
12178
-20072
1196
-25192
22189
-8433
-8785
2655
-9375
17914
18442
9467
-18386
5237
-6229
10233
11963
22400
-9716
-23875
20708
-19813
9744
9086
18030
-29897
12600
17334
31872
15351
-10514
7176
-5889
3201
17250
-3819
21369
27586
30243
29646
-31704
-4081
-9863
21409
30176
-4824
-12751
8185
32252
-25892
6232
-29833
8802
-323
9693
16023
9065
-12017
27625
19668
3729
-21510
19759
24732
9814
-617
9633
24989
-32425
12938
-24001
30120
-11674
24549
-23286
-18236
4184
1630
-31448
20360
12444
-28572
19446
-31388
19901
15941
29288
12865
-9034
-29195
16979
-16362
29689
12144
31698
-29663
-15002
-12535
11868
-9638
-568
-23811
-19517
-2238
-9086
25868
3606
10881
-27564
-23677
-20029
-20326
-26997
-27599
9643
-11220
13980
-22356
17583
-7952
-25454
9269
-7738
-18510
-32603
-30174
29636
22317
-18422
15557
-14587
-14100
12375
-11542
14205
14719
5664
14176
-15866
11053
18510
32067
-1115
21227
13737
4249
-19449
-3054
1128
15041
3198
13174
-25279
6338
-18574
4258
-1525
-25422
-122
-30879
18295
30215
3516
4116
-14611
17346
4390
5242
-5962
-30464
-20088
-3962
29823
-25918
24247
14349
-18121
-19762
-9981
-24432
-12555
24086
-8182
1555
28563
-22295
26104
-10985
-27940
-26706
-13895
11486
-27432
-13540
-30336
28468
-14026
10642
-17943
-15908
10089
-4840
-4344
5591
-10957
9477
12355
2144
-402
-30223
-11557
23228
18582
3483
9861
1937
29593
-8143
-11723
-20180
14539
8553
-22408
7523
22062
18685
-28746
-22882
-19890
-17684
30366
10536
8810
4296
-5444
-24126
12608
13776
-27236
24121
-2338
-14503
-27965
-4108
24080
-13204
32134
11819
-25110
14582
9229
-30552
-23117
10526
-22963
-8139
8996
18357
7164
10727
-21978
-24201
-9386
19770
-3420
28488
31692
-15021
23383
-29734
29440
-12665
-9887
11350
27981
-1582
23007
-32322
5214
32360
25041
-25624
13277
-25181
-32134
10063
-20343
-24243
-6937
-21425
31143
6214
-4473
3061
-31497
29338
-22858
10259
23637
-17062
10495
-14140
7637
-448
28222
-13754
-27683
30058
-30111
31022
-10591
-17102
-25747
-18401
-12007
-3818
21185
3593
-31759
21232
-10946
-25123
24632
-24391
26277
12433
-25962
32090
-7549
8656
-27160
20246
-14905
8460
-17214
28722
17122
26473
-10527
11736
15408
-10537
13036
-23328
-25147
-5985
-1995
15274
-4103
-20603
7506
-19780
11081
24820
-27989
14036
6211
-17466
10832
30874
28950
-30320
646
3950
4181
-19656
-14010
15551
15031
28663
-25790
-9084
25436
14448
-2294
2379
-16373
-32703
23321
-28673
-11719
-29500
27398
5841
21183
-21439
30987
-27604
25581
-15060
16954
-21366
23279
-28132
2882
31424
6087
15169
-6665
10164
8988
-23280
-7824
-4257
6746
24956
-10896
-22517
14514
27663
-21839
-20446
-29462
-8440
24681
28723
-24102
27251
15069
-16418
-22324
-14743
15655
-7655
23867
18066
17444
-3069
-30267
-21290
22214
-32720
-20061
22885
6738
-31733
26296
27117
-11355
-3058
10924
-22648
30354
25632
28718
-5334
26468
8266
-6726
-23678
801
-20915
-20607
-18755
-13077
19741
13112
-6184
25641
-31210
-12928
25833
-25203
21013
21162
-17457
-11491
-29724
20174
-1631
-19146
-3024
27418
-13382
18310
-24585
23350
141
-32411
24547
20793
-28786
-6240
-27423
-22037
30514
-17002
-8632
-14337
2526
407
20596
14713
7437
21740
-7799
13495
32559
-26576
4592
-12340
-9025
1745
26412
16790
-11943
-16121
3526
31493
6111
-12795
-23807
13755
11973
-3556
13493
11620
8897
-7294
-11284
9888
31394
-5985
22620
-3625
-10546
20075
24003
-14233
4454
14394
-28023
22527
11183
-26382
26698
13854
-17894
-21789
3422
31367
8037
29911
243
25421
23517
-26412
-2468
9401
-21362
-18807
28619
2276
15408
-334
28886
-8275
21741
-16795
-24721
7088
27943
18713
-29266
21682
23162
-32473
5015
-8325
12864
31432
14449
-4758
-20052
15942
25595
24491
-19347
-18942
-19252
-31320
10526
-10322
-20228
29180
16040
13238
9346
-15476
8398
-17564
24600
-21137
-30157
9729
26541
-17221
5376
-31927
-9051
-6843
-15372
24481
-12701
25215
16586
9305
14076
-20413
-22839
4144
-29375
13798
-5094
22479
6047
31983
-6618
-3256
26680
7885
-24239
30405
19534
16494
30229
-133
-15807
7820
9985
22781
15096
7716
18784
23906
-26014
3610
-31028
-31367
-21684
-24398
17966
28664
29196
-21901
31688
-28385
1262
1086
15874
-13097
-21239
32686
8712
-2443
10789
1993
13029
30308
-27913
-17353
31977
-9874
-11255
5684
-6246
-20380
-16450
-29765
-17118
-15316
7581
17380
-7420
-31138
-22365
7288
1994
-10073
-12166
24239
22624
-19707
-23046
-26983
-6151
-25405
-11284
17197
27110
10540
-7236
-1758
-15789
-11728
-18562
-8126
-13087
-12825
9165
19761
-8711
-26315
29745
-23853
29932
1214
18321
-29658
26865
27659
31932
-15271
12481
26502
22447
-3670
16013
-22364
4658
20122
-11316
-26704
4711
18215
-9582
-5593
-23978
7093
-16152
19248
-11642
5134
8822
-17043
12571
-11206
13786
4876
9342
6503
4305
3005
30389
-14123
6998
1793
-153
19869
32146
-19100
14808
26597
-17035
-15569
-30283
15330
-31869
9972
-18916
31544
14679
-25622
-8429
13859
22683
18130
-25511
-24404
28112
-22166
-26805
-14665
-5667
-7044
-5825
-14117
29998
25269
5834
-4790
14138
25673
-32111
22239
-10297
-22184
6099
-9026
22781
1824
-5568
-16044
-2413
29857
-15692
368
-4734
-30266
-8753
25666
30766
15869
29107
13768
-7108
23815
-17623
658
-12100
5941
-3946
10140
-12451
18454
-17506
21985
-28053
-2857
-19918
14414
-8047
10009
-18010
15523
-88
19391
19450
30738
17470
10479
2992
-1457
-30758
23502
19387
4129
-14013
13974
-28728
-1015
-24497
24609
16078
16797
3320
-4332
26287
31528
14660
598
24095
-1627
13327
30514
12293
-1478
25331
22680
3386
-14018
-20006
1250
-7982
20026
13531
356
-8644
-14696
-1631
29791
32511
-4696
26898
-19654
-10109
-31615
14939
1729
8392
14910
-18507
10269
-11026
30496
18717
7435
29289
-27383
-20961
-28259
21334
23890
-10103
-2995
13366
3129
6815
12156
24736
25670
8097
-15534
-8427
14524
-23164
14185
-32530
-23899
3411
17264
-2536
-8485
-17151
-17
19283
-10545
4923
30185
23923
26860
24854
6009
-25970
23303
-29635
29387
-32178
-2424
-32173
11353
23973
1807
-7558
-20856
-19291
17410
12872
-17307
20260
23014
18568
-27166
27798
-2309
23923
7411
17437
29838
14999
-13681
-10702
-20487
-27186
-15151
-30599
-16149
-23148
11368
17987
14070
-10419
-16531
-32080
-27250
11282
-23998
-6093
-22281
-17924
-6197
11075
-26200
-16017
-12198
1611
30865
-20905
-8330
27147
13314
5903
26410
16834
11651
-14175
14549
-10653
-21018
-22299
25717
-12128
-5758
30600
-18408
-3587
-10795
25095
-14265
-6463
26588
-18792
14236
-17415
26371
5090
-3490
-26442
22364
-4166
28642
-26645
18039
-13454
16816
29234
-8593
20306
388
-22268
-10860
20761
-6524
-29267
-6423
1291
-3026
-23407
24618
-3258
24807
-2860
26691
14460
-21659
11514
-23969
11161
2333
29139
-1305
1073
21167
25980
15548
5516
-3909
-14101
21735
5308
-7107
-21938
-3322
-5420
-641
13420
-29958
27455
4821
29237
-31062
15876
-5155
-28495
299
-16396
-8587
-8042
-19966
8178
-26002
27097
-18879
29401
-19546
10624
6584
-26874
-24307
488
6616
-17098
23317
504
-14791
8530
-15072
-9066
-4841
5624
-28959
-754
13790
-29089
-2129
4022
22212
5011
-22798
14578
-2548
-14477
-9560
23332
-32406
24209
15379
17475
8187
-28536
-31820
30562
-16955
23035
-17431
-14634
5639
16063
-16176
7977
-6914
-11492
2180
32178
-27369
4413
18230
-27282
22004
-8454
27755
-213
19843
-7418
-28859
31367
-29773
-18867
-24203
25926
27265
-4228
22925
-26693
25864
1783
-1676
4135
32151
21098
-1249
26855
21194
6583
20150
5021
-13341
31492
-8432
-18490
-26188
-1203
5417
15058
-29931
-29128
26228
7515
17638
1995
6966
-21177
10358
8382
16390
-22879
12563
-10834
-28390
1392
19702
28821
-25894
-15722
1746
-19306
-7870
-32762
23716
19926
-3683
2454
-13610
-4140
-12574
-23672
-14594
31139
-866
6754
526
-20683
6906
-31075
-25842
4596
18931
28468
12051
21783
15162
-614
17394
8776
17592
-13403
-23199
18715
22719
26675
-17516
-2080
-20395
12000
-11344
21207
-18782
-21213
-8890
-24290
19855
-22198
19459
-14916
-3468
-18349
12619
-27868
11553
3994
32127
11613
-30269
16184
-17272
5590
-6431
-13087
-15471
-31951
10327
-4460
17056
-28540
9897
-14394
13301
-5575
28681
-12758
-11157
-1124
29601
5781
14087
-8582
-23547
23884
-32273
-10292
9847
-13357
-10512
24503
8235
31984
-16804
-13202
15948
14077
-24427
-9629
13097
22765
-30391
5051
-6296
-4444
-7288
-21827
-31733
12478
21525
-7679
4624
29665
-10287
15973
4445
-5831
27035
27197
31086
24105
-5330
21326
-30475
-18852
2684
-32024
-5733
-17745
-13630
8427
29610
19759
-5994
-20917
-19070
-2579
14719
-14589
14151
-15320
14747
-7207
-19557
-22760
-14204
-29943
20230
-6159
5804
22462
29244
29811
27748
27951
1229
-9026
23232
438
-7864
11212
-16381
-12775
28295
5404
-20535
15418
19910
14383
1163
-27600
1044
5689
-1468
5572
-13058
-23519
20311
17119
11928
3852
-10849
30535
4947
26389
-8834
-28169
7468
-18957
12656
12335
-24253
-30212
-14613
13381
27648
-28753
1164
16400
-31820
10716
11238
-318
12967
-20337
-26533
-11182
-21792
-19558
2808
-17774
29281
-15800
29042
13222
-28043
-29825
-8275
-270
-10664
29572
30017
-27988
-20979
-10892
-31909
31828
381
2184
-16999
15605
5248
6237
25006
-16070
16034
29751
-9179
-27806
22343
-10984
3179
-5348
8331
15117
10275
15092
3761
10326
13089
10895
3045
24144
1620
-5403
9632
24861
-3154
-25022
25234
-8288
-4437
789
13003
32100
-28395
-29048
-15526
-14449
6216
-27634
-23326
31406
15014
-11356
-8741
18715
-22605
-19038
6167
22645
12070
3271
6160
-15629
-3947
-7582
7655
14765
-6890
7782
17085
13447
5800
17759
-12660
-18757
-11082
-22878
23336
8873
-12930
22546
-320
3248
23698
13045
-8664
18519
11978
-11338
-13216
-12322
6752
28971
17201
23730
13720
20879
-878
21974
14170
6323
-14861
22552
-27231
7344
16549
15791
-13713
26981
-2844
8750
32211
-31998
-27515
-12751
-22014
-24002
25717
-19368
19990
-26040
-12219
-1899
-8562
709
8537
14507
11142
3013
-21123
14587
-24547
18052
9131
-14937
4689
-4037
1317
14813
13718
-8931
30067
-7693
6366
-7473
-18685
-16506
-2782
16250
-21936
-22005
16094
6762
1516
746
11215
-16688
-7736
-13237
9643
-18844
23645
-25507
9041
-9753
-19441
10325
29517
4319
25914
-31231
31148
21849
-13447
-31476
11152
-21461
-31878
-5456
9941
12056
6358
15702
-15302
-11156
31718
22251
-3211
-5610
-7349
12563
-21477
-14668
-14798
-13745
-26304
27054
23615
-25484
27731
-30119
1828
-16073
9623
21535
-4338
-13475
-26462
13427
-18044
31669
-25579
-16389
25220
29331
-11847
-2239
30205
20549
-29409
11413
-11599
-11492
-23260
-28870
19553
31463
-37
-27961
4011
-337
-13361
-30508
-18375
-6066
-172
-6743
-8796
28163
-11921
24514
-11282
7353
-25453
-26390
-28856
9668
1513
18440
-32491
-4650
-1842
-30741
-9422
-17361
-16283
-13799
13989
22744
-27696
29241
-10762
22413
2843
-31702
23906
22257
16480
23146
-10371
-31168
22343
5008
-24521
-21703
20798
20861
21031
7356
6439
-17900
7253
27164
14980
25179
-26461
11933
24773
-22667
28924
-29424
13375
-6548
-12870
16288
7380
28704
-10161
5686
12006
-18615
-31793
-23166
29506
-32483
-11356
-7550
15930
22164
-29065
-10747
-22032
13131
-21246
-11929
5641
30352
6711
-29536
-12880
28297
24109
-28471
10648
-19723
-23093
-3533
21669
13557
1853
15311
-21031
-11763
21527
-11298
11889
-12500
-27141
-11614
-12572
9249
24115
-3961
15557
-10829
-13527
-15571
13814
-2914
4486
20186
2263
-4982
-13666
-19646
-29577
21857
2211
-14497
23658
-662
24058
-17286
-15482
31563
-14187
18479
-25535
-19601
-7858
24166
3276
-7663
-15922
-10252
-14567
16394
3688
14153
-22524
-17865
-7466
-19617
-22385
-32223
27783
18778
9817
24121
-8726
31552
-12016
-619
-11170
-8134
-16034
-13734
-9926
-20456
-5899
-776
14673
27038
-19014
-20551
10807
20227
-24694
-6951
8182
-20256
-17744
-23550
25562
-11006
10244
-4643
-23984
27676
22225
27947
28689
-22841
13787
11396
13882
19990
6149
2179
28292
15891
8454
-2748
19356
11280
-26366
-17985
-11282
-32113
-29488
-9887
-29951
26997
27776
-15962
-21279
-26848
31037
-701
6008
-32101
4149
-2859
6011
-27305
-518
30279
-977
28271
-14254
-3169
-3609
-24641
-24954
-5777
-15223
-25945
25700
-25
28668
-9526
-15139
-4570
23985
7092
-15641
-25862
6157
18784
-31678
28704
-20710
-10619
-1192
32060
9676
2079
255
-20333
-16258
32475
29175
-4973
29133
-12211
29054
-21627
2481
-26170
-1756
-3071
31971
10515
8228
-28505
1013
19065
-31915
17618
25296
-3210
22581
12037
-14084
-30682
-19518
-6477
17294
19088
-28692
-8402
17850
27132
6302
-5745
-9732
162
-26351
32139
-28511
32103
5646
-31459
-3439
15707
8063
17974
18459
25158
-19550
26843
-15540
8267
30301
-16258
-102
4809
10891
-7847
30502
5677
-5288
27846
-30085
-29677
-30534
11134
-9001
-10639
-2835
24403
-24893
-10447
28419
-29663
-13764
-29116
-16632
10459
-12256
-27173
9975
-18394
15103
-6755
29577
22446
29832
-11260
12940
23224
-32529
9455
9838
6319
-1326
-346
6746
-15018
13522
-9455
31679
-11940
-18212
-15369
-4411
-8113
2361
-23770
12757
14625
-7694
-29179
-28171
15536
-22757
29115
-30169
14445
-7395
9465
32241
1236
-13161
25140
27276
2005
26766
16577
-7048
-1358
-6601
-31344
-3948
-4902
-4990
-26776
-5385
-11556
-29015
28462
7715
14292
-32080
-8092
11510
14069
-8341
-25425
-6954
29432
14393
32160
-23135
-21612
27754
-22317
-4314
-10482
18471
8602
-28682
30375
28468
-27392
-12518
-1066
12911
17645
13522
-29823
25965
-7600
-25434
-12594
-23783
8992
6256
-22624
-29633
-25655
-4529
7949
24620
15875
30317
1246
-20745
10087
-17456
15929
14715
5999
13718
19227
26565
-31201
4254
6592
-32378
-15228
-1804
-10505
677
-6496
17668
-7813
15
23293
-28403
10151
24986
-28483
-467
31238
10626
-3650
8691
7631
-6639
-24309
20504
1915
29260
25402
23869
-5291
-8257
-16014
24685
25466
8081
-30661
-12375
-22879
-19717
26745
32267
10423
18403
-2335
30027
25290
-29964
3248
10903
30455
-20467
27109
1451
-26632
-13135
-17152
24076
-14933
-3079
8137
23788
7236
-5409
-22884
-25515
30036
-18792
-28056
25572
-30958
-25385
-26186
-29291
-2902
-1021
25017
24328
30092
-1632
16630
25038
-12311
-31577
-29137
15948
25388
18878
11259
-7757
-11556
-25132
30957
29325
11952
-3002
27829
22713
-6075
-31442
-27757
-10711
14653
-27403
10795
9248
-4998
-14745
-21452
-21421
-24588
13237
8559
-22333
-26744
23420
-26347
-13580
19329
-13710
-25218
22839
32165
-16131
-18898
15910
-29222
-16755
-22897
14825
-25522
-27117
15858
4044
18528
-14929
-8482
13022
12868
5781
12719
-26334
-12998
13584
21668
13874
19611
-8691
-20584
25425
-15806
-5705
-24888
15927
26924
-32377
-3541
7228
22787
-21182
5845
26413
26669
-639
-18390
9214
198
20947
5157
4961
5064
17775
31767
23252
9429
-27381
-31375
-8179
7205
1882
-387
-29755
-16610
15214
25778
-15531
16837
-16930
25521
-27995
-8976
-7216
12732
30160
-8930
11259
-25036
2101
-10350
-15732
25663
17138
17919
5386
-26738
-15650
30620
-5973
-25794
-15847
-6322
-16160
-4810
26231
20208
5310
-18418
11307
4242
-20349
18266
-13296
-17867
-29670
28361
-19190
14875
-15344
14954
20767
-32288
25764
-2886
24696
5015
-11225
-3831
-22810
-23413
-701
7397
-29723
-27039
22482
-12725
-9782
-5834
-10808
-2795
31241
-25525
31327
-23674
8499
26686
23784
-24224
14040
-29260
1821
15279
-20633
-29918
14104
-21879
-15020
22329
-14732
-22149
25671
-21155
26601
7136
20346
1264
24125
-32029
15540
-1088
-28118
19845
11696
-6466
-19424
20463
-18061
29713
13946
27743
-23651
-31356
5244
3763
25781
-11022
2116
-29214
-3655
31950
30101
-22571
27943
-16316
-16713
31212
15151
7634
9635
-14624
14528
-4805
-15920
-23546
-12892
32720
7561
-3487
11865
-3116
20777
-21955
-31505
4325
22313
-32639
-20161
-27669
-17352
-13163
14548
17102
25538
-27495
25987
-8019
-24295
-3216
4828
-8097
9898
-19119
13864
31822
-8985
26804
12860
19234
-9630
10377
-6481
31672
-27347
108
-22854
-18767
-22258
-10771
-3421
-28673
-28014
-11536
-9747
-20429
-25361
15216
20949
-12170
8566
6505
5226
32357
-21222
-7692
22793
27308
-25398
17273
28222
7572
32687
-1738
15674
13046
4450
-30784
-11301
-14829
41
25264
17155
-30595
16360
-27314
32236
-29231
9585
11676
30939
-11424
-32297
-13142
7336
23878
3590
-21013
21686
24723
10012
-31150
28371
23096
23611
18255
2578
-22363
-30601
4734
23
31929
-19359
28492
-16914
-12167
31178
-24942
-6351
-15740
23019
-12285
-6533
-30901
3900
6594
12826
11870
2615
-26597
22576
28665
-23633
11039
-28375
-6880
14847
6962
7684
-27624
12583
-10256
15235
-6729
-23200
-22380
29304
17847
29149
23929
-16393
-1554
-7496
-29752
4699
-2306
-30883
-22391
30385
-28566
11202
26294
-12205
-25457
-25174
9457
-31325
12379
15118
-4280
24966
-886
-13832
28937
-15440
-3129
30578
-29952
11020
3641
-19379
-17323
3141
-3894
24776
-24695
8602
15042
23486
24817
-16201
-5336
-13512
-28607
-29655
27193
-2957
29599
-10800
-1797
32276
-8597
-11443
-10194
-17760
20749
-17528
25732
-15641
3574
30851
-9688
18061
-26350
31689
-1272
27849
-9925
-3424
15175
17788
-10750
7531
-30221
-17393
-22292
4598
-32668
23609
-7680
-477
12576
5200
-14321
-1727
-27847
29806
28524
10167
-5726
21678
-5597
-20854
430
-17938
-12666
23637
32440
-30018
14806
-28111
16704
-22884
-15785
-20379
20718
3513
-5977
23799
-21330
13010
31447
-17634
5348
451
29565
-22467
21337
-10377
22367
20259
-14445
8184
-30807
-19074
17606
16403
30249
-16929
-28874
5262
-3743
-21277
2456
12578
18691
-16629
-5662
14930
-15643
-2543
-19451
-22867
2168
31089
9204
-11439
-5970
-13642
-25827
-23202
-9619
-4631
17891
15131
-23980
-26293
10433
-117
28899
23715
15658
28602
11235
31852
-9723
23285
10874
6247
27020
-23250
30309
-11486
744
-15574
18599
-5089
6347
4060
3623
-23766
-13552
-9015
27337
21111
11000
-24548
-19118
-16779
-4674
-24946
-28964
-21532
23199
22461
7985
25885
-24527
22531
-816
-12728
20740
9973
10373
-25410
-10300
-31671
29853
2356
8849
27654
-26553
-23255
21029
32260
24558
18130
23114
27703
-28702
5430
7445
17541
-31368
9049
23127
20088
16172
-21783
29745
7744
-9730
18027
20700
13908
-31728
-4023
15364
-4828
4679
19358
25760
31585
28556
7561
2670
-5288
-15699
-15712
10573
2353
689
4385
-21216
15741
6283
-3042
-22395
-8680
-15906
-24717
-24237
-3723
-26396
-30097
-25946
15990
9609
-20547
-29119
15822
18628
-21761
11778
14697
10531
-25633
-13192
-19118
6747
-16910
-7562
18358
-22460
26944
-24249
589
20596
-3778
-30865
-11085
20604
4649
20023
17714
-22080
11942
11869
-22327
3259
10042
24803
22249
-24789
29385
-7070
-18941
15016
23835
14341
-29894
14636
-3560
10825
15608
-24643
29073
20484
-23602
1411
-15213
-24223
14888
942
-7927
31996
-21468
-26423
31237
19328
12155
-278
29862
8558
18019
6419
2373
15867
31510
23070
-18095
31865
-28761
17261
-5221
30093
4118
2351
31528
-16806
25871
-27717
-10050
22775
25529
25191
-7161
-5835
-20022
12477
25322
-12607
-14227
3682
-7415
-28901
31958
8412
20640
-19043
11440
-24279
14983
172
24050
-15278
-14189
4614
-20207
-26029
9729
24708
19786
-29728
-29505
-4399
14503
21783
23811
14012
24179
61
21167
137
-9766
1654
-31850
-27569
11384
-2562
-11762
-20058
-4230
-2098
-14262
-1977
6804
9492
9965
-3822
6015
-25283
16063
18945
14234
17603
3825
25703
8788
28188
-6142
-23861
6611
-7527
-5945
14000
12156
-29053
-15293
12228
6418
13901
-1782
5483
-21588
-26347
1475
24492
15588
9516
-25940
1704
2392
-24320
-11998
-19962
-2685
23249
-18646
-22742
-29329
-2210
29239
18703
13009
-23829
-20538
-19454
-30868
-7871
17209
-18338
13815
13560
9655
-25512
16567
-16586
-20487
19656
-17145
-11670
-13770
2852
-7332
-28843
-1289
-25585
-11256
-11344
22329
29075
-26902
-1516
-31403
17986
15802
11077
2986
-22888
20461
-23961
-17644
-10290
26089
16350
-17576
-19680
-16723
4664
15422
16697
12531
-19094
-3228
12011
3596
-16847
-11945
-18698
-13370
17770
18544
25558
10643
-19951
6645
-9421
23798
-15452
23479
14781
-25412
-16346
-16157
13625
635
10161
-30952
-17936
4476
-18978
20890
-16362
-26238
30250
-14525
-27167
12729
-11906
24783
-11923
6126
1052
-32694
17724
-19799
9004
23440
-25266
-28312
-27007
6388
25446
-6957
-24889
25485
-27223
23259
-27238
-15932
-16411
17209
-10888
22323
-12442
-30033
-31619
18659
-17723
15058
8996
-6721
28166
-1388
-8787
3814
-15197
-19397
29157
2239
-12386
5118
31350
25001
23419
-20135
13781
-21933
16470
17202
10533
12285
8146
-17332
1779
2651
17653
-29861
17621
22422
-216
-12802
-16006
25504
6278
-25620
16793
31521
-29314
-12068
15729
31758
-16932
153
17008
8900
-19948
-7276
15741
2261
30611
-26037
-1856
10260
28440
-3268
12643
12882
-1158
6090
1121
4527
26146
18540
-8183
-1466
1190
9904
-13500
20227
20395
20200
597
30159
31540
20327
16480
-19281
12222
26033
24
7653
24183
-23614
-31877
-23456
30346
26207
-14646
10573
13331
14497
-864
6862
25331
-4123
-27662
-9023
1894
-20935
12081
25242
19463
-19410
-9056
25225
-16107
17651
-23081
-680
-25346
32265
-30790
-21459
24817
-12977
-30604
-25685
1398
-3529
6217
4184
-6439
-27048
-15100
-12372
-14368
31317
12522
-30368
-30433
24705
31990
18918
4492
-15523
29663
12146
-22216
15546
-30029
372
-14820
3987
4877
-5663
-9611
-11154
20513
10148
-27871
5464
9136
-29216
7782
-7931
9492
14571
18019
31679
-20461
17927
3300
-31944
-22323
-11726
-31482
21635
-28384
-644
-11942
22145
-22473
-9023
2417
-4773
10845
-4031
18339
8497
-27257
14606
-24959
-22566
-1279
10098
-3303
-9877
-1633
26217
16553
315
-12330
-5537
-8849
-21932
29560
29961
6587
26753
-10678
-5316
263
-19456
-24528
10973
16370
-24452
-14479
4417
-17729
4717
29906
-17615
-6500
22284
-28894
-11183
-7762
-9401
17694
7251
-17126
21314
-18687
30018
69
-24033
4072
-5230
12944
-11152
18727
6788
10917
-1995
-11889
-5284
21973
-11000
-15634
10354
5662
-7097
8725
30239
20685
18374
-305
-22076
16334
31767
4178
15748
24749
-6341
-14038
-32092
27804
-11612
-24925
21143
1886
-3275
-16666
205
30140
5586
12543
27298
18853
13613
30487
20971
25923
902
14390
-4325
-20997
-7346
25380
25542
-19918
8098
15936
16823
32055
21712
-24031
-21642
27780
18646
2349
29675
20933
-4356
12925
-8996
-5835
32045
8666
13855
19069
-5685
-678
-27199
17439
-29630
-8949
-24736
12131
-24884
-16796
4579
-12038
8339
28009
-11974
3204
-24973
21698
16690
22186
14407
5664
6208
12506
24140
7560
-28194
-21879
-8697
15738
-27103
-4325
7687
4518
-25014
-3263
-6787
17831
4781
255
-29056
7626
-28498
-11400
3733
-27947
-29308
950
6124
29157
-15171
5730
-461
26572
-19463
9646
-18706
31925
-4152
9849
-16123
20131
28273
-28246
27068
1686
-15170
8509
21939
3186
17153
-16449
6822
-28402
-28613
-32109
28673
9081
6719
20883
5265
-15452
32576
8940
-30060
-11344
-22133
615
-29688
17757
-13114
31528
19132
-26669
12092
-5495
-23614
-7265
-31122
24669
30384
23314
31388
-27427
14113
-7687
28856
-8241
22054
9706
28043
-11577
17276
16473
-5223
13732
3651
-23232
3051
-21366
29698
27575
5856
-95
25558
-430
26083
-12532
-15488
32460
21723
7481
19598
23356
-25806
-22938
24300
-8957
-3944
2231
1553
-15331
18690
11707
-1561
-21718
-32494
24020
23075
-4054
32379
20414
1387
10712
14092
13527
-28927
31311
-12274
24827
5257
25249
27293
14767
21366
22905
3799
16916
-4027
-20529
6180
-25984
4942
-9200
-10143
-3682
-23630
-15091
11853
-6107
-25072
4273
-5054
-5438
15105
24571
-14956
17336
-13811
-1876
-5460
-31722
16991
-25273
-8153
24379
9681
-14913
-5232
-32759
-12169
-14923
2479
-31267
-30571
29764
24276
6286
5415
21412
30207
-25391
30178
936
-18847
26113
-11618
-11345
31547
-2034
-23088
-6321
-25197
6384
21026
1422
32604
-22678
22370
-852
-807
-26343
-23107
-4492
23939
-10514
-25550
3554
-30728
415
16766
11394
2799
9094
9645
-1983
5459
22566
-11961
12775
-14415
3456
13421
-6841
-23488
-6754
701
-4956
28799
31076
-365
1194
15461
-18373
8663
-10594
22570
-6818
-11358
6058
-22296
-19429
-19547
11943
26942
-13127
-8920
216
-8090
6973
3789
-32478
-24863
-24815
2210
12850
23781
-7491
-10950
-11193
27421
5261
-24844
-8662
-6224
-5033
-32669
-23959
-27337
-13860
9740
4461
-23214
336
8735
3761
2585
25842
-7049
-1660
-27087
28906
10272
-24179
10406
-28398
-24241
25549
14323
-26089
-27149
24155
-10791
-16472
-26426
-25501
11005
131
-29187
28591
5424
-5845
12151
-11703
-26007
-3076
2648
-28134
-27730
-14705
25386
3894
25681
-28654
5843
15526
3852
-23838
22120
-4735
3021
-16859
25668
8484
16138
-21753
27793
-11203
-4856
-26273
-3804
21434
17607
-9350
18161
-26631
-13719
-14275
-10972
24059
-1986
16399
-4107
30782
-31761
-26255
-17983
-21123
-2366
23220
-12779
18357
541
30355
27584
-6007
2236
-2952
-15577
-4066
-31405
-25088
8037
-30739
1816
13798
-23812
16407
7188
21715
-24942
-7836
-32162
-19967
-27479
14165
-4350
18946
27169
-14232
25274
10304
-32626
-7016
-2024
-15228
-6824
-30974
27727
-14263
24385
28184
2519
-18057
17889
-31475
-19341
-31079
-28128
-18940
9120
-15443
6000
-30566
24507
16072
17899
13290
22882
1820
2212
-24808
-5513
-11268
-20797
-8085
-16620
31109
-5857
-5082
10917
-3804
7188
18965
24648
-21904
-29452
13707
-2332
-14275
-29272
-5079
-28746
32514
10852
16936
-14672
2863
-7374
-15878
-28136
8621
-11424
17891
-22762
12916
-25720
-8945
28216
2783
14263
70
-28798
-3437
15428
-8889
5262
18555
-11192
30227
-8187
-1827
19297
1215
-8527
-26468
8476
1337
-24539
-16054
-15381
17063
-24047
-24179
-12951
30396
19502
17401
22299
32373
21701
-32545
-1063
-11138
31785
-12602
6139
7218
-31183
-3248
-19292
4481
-3905
-3366
13824
-13823
-9081
-31156
-16400
-12633
-26639
16557
-20783
10850
-25724
-12927
-47
-28813
-21638
3232
-782
-4212
28083
-18526
-6238
26732
24454
-6278
-26260
-8757
-20889
-25524
25761
13926
-4258
-14944
-27842
16933
-12206
2365
799
29710
26274
-369
8113
11287
9875
2967
1100
-12132
-7539
-6253
-13708
25234
9693
9412
-32037
-28757
-17537
-23245
-12187
8490
-8401
-23898
30440
-7829
-22950
30868
10181
25384
-17739
-19050
-21866
-30138
-18470
24918
1200
19007
-19937
-27450
-2993
15237
23921
25294
30489
-22131
-27978
-21079
23480
-15723
3725
15354
11476
30679
25320
6435
6817
30045
5234
19197
1027
-26606
8917
12299
-13977
-2489
4201
10623
-16695
3249
-17237
-10785
-10053
19982
6581
32202
12893
24623
-3240
20602
-20493
6073
30386
10774
29474
-2368
-18726
-18881
-29966
3258
-7388
-25777
2404
20529
-14881
28739
2421
9952
-29116
-17933
11325
-11889
2041
-19262
-14169
-24081
25365
-10368
31513
-14844
-7565
29646
-11170
-11124
-17651
-14113
-23613
28449
-6529
-18061
25776
1329
7642
17450
-12934
12528
31086
-3563
-21300
16924
20958
5373
-8804
26023
2451
-13897
-16932
13913
-5059
22071
14766
24033
6760
-29289
7125
-3397
21170
-14184
28297
-7926
22841
-14142
28246
-5222
-20780
30109
14355
18520
5064
-10934
28172
-9363
-8122
16262
28778
5473
32299
20721
-20313
26741
20898
6762
6264
-8671
-18790
-12327
-17452
-8080
-20074
18004
-6062
13228
27063
