27105
7001
14481
14397
-12245
-27304
-225
-24351
-12560
4553
6781
-6729
1668
-16819
-23832
10531
27808
7708
-5040
19040
-22105
-22704
-20600
17550
-32738
-22738
1182
18214
-2036
29783
-5329
11126
-21725
-20118
5458
5042
-22976
-14088
10542
-22009
12753
16913
-22112
-15972
-9286
-12669
-10030
-18566
512
28528
276
-22486
3928
21812
18026
32063
3278
1962
-493
8712
-15424
-19142
-6295
20500
-539
26189
-32680
8802
26485
-32130
7261
6678
-4872
-19579
-27178
-15932
-12472
-22499
25621
7522
16663
28359
5982
-107
-15181
-22648
9110
-12549
14895
-27511
-27663
-7232
12101
-16408
-16785
1353
29484
-14514
18662
-13671
-2493
-5116
-24188
19562
9525
-5074
28942
26985
7160
-25928
20173
25178
-2007
-30443
-18238
-29728
-10996
-4240
187
27238
-20109
-24198
-23579
-22542
-29958
-8460
-20640
598
