27830
-27241
-1050
-25085
-5853
30496
11288
28585
-24841
-8006
-29099
20363
23895
-26778
12143
32028
-22688
-4198
15897
6458
-7153
-3302
-16201
21478
-11808
-574
25197
-17684
9194
3448
16393
-29113
14210
-391
-24697
13795
2022
17477
13665
-23986
-20661
-28795
-31460
31072
4045
15052
-5964
-31848
19805
10862
2810
3229
4716
14574
-6648
-12094
-19904
21482
4914
-19724
-32578
-17801
29541
-29510
-7347
-28629
7360
-18703
31656
-23847
27298
-28613
15884
10431
22543
-5221
-27011
-4568
-23919
-1368
10047
-9262
30900
-15179
-14107
-12613
3940
-20069
-7965
24630
-29437
-21065
-32527
9222
30336
-25853
-11190
-21426
11077
29884
28224
31983
18799
23564
20939
-19680
-24156
-13009
2777
1099
-26771
-7956
-25476
-22105
10598
-24816
-13889
25884
20917
-23473
-11624
-5960
-10256
31013
-17543
17399
-30221
4561
