8180
25558
13971
27753
26142
30833
-7087
16215
-3811
-18904
-11682
19905
18164
23900
-23
-16235
2310
30936
-781
-9170
11445
-28349
25480
7563
4630
-5501
-7796
-29850
14156
12652
16178
16296
32637
-26226
-23850
-7237
21122
-32213
-25404
22018
-8069
-8244
-25254
31124
27919
-12989
-13371
-8217
-2217
30392
-23412
10043
7236
-16393
-24580
-8463
3756
23598
20855
-8910
-3231
24883
-29627
-7194
12287
-17425
-15133
706
1402
32105
-16973
28179
5135
-9489
20761
10435
-6784
-740
4699
-12797
-4094
-15198
11640
-27452
31602
-31263
-29989
-22489
-17084
981
-847
139
17217
-22108
-23971
-17849
9304
-20229
-27799
-27950
-25215
-20482
-10344
3241
14229
11936
-25321
-25312
13308
-2668
-16845
27618
-16620
-23197
-2980
-7410
2190
1294
-1552
6071
-5374
30899
-27832
-25004
30238
-2816
-24835
-25023
-28388
-21996
-26526
-11641
-2462
-31727
6135
11534
31799
5076
2876
30757
-3780
6733
1396
15586
13868
1230
-18115
-10085
-10573
-9697
-31641
32386
8995
-1148
21781
-4559
3257
34
-13293
-6858
-3854
-12558
10335
26808
-10685
607
-10354
-16242
-8488
-9149
-6223
19328
13486
-8748
4582
-15587
29001
-12377
28791
-14743
-18713
-31087
-8942
-9951
-10969
-28524
20562
-11287
4624
2810
-30738
-28563
-2804
7272
-1203
-26371
28769
14188
-12674
-29876
32310
-21474
10995
-18336
4387
-29312
15117
-17505
-9881
-16796
12003
-23031
-9221
-6716
-10449
591
4792
6239
6617
-10186
3783
8086
-30934
23753
-692
11833
31298
-22420
-17027
-2050
-20193
30019
16482
-11889
-16429
-15107
28165
20042
-3816
-7576
-14629
-6087
7525
-13851
1865
-11952
-2036
1704
149
-11435
-28579
12888
-26911
-18456
-20099
-12311
2816
6096
-15236
-9915
-29853
-23123
-17992
23885
-18032
7374
-13671
30620
21706
-11708
-20792
1618
8318
-5425
-24413
-12497
22172
-25798
29177
-17472
13042
-10586
-5891
-20830
-25849
16960
20205
-28859
-27099
-26034
-14106
-16194
420
20906
-25148
1816
-28600
-21012
26330
18609
-17317
-28189
20436
26712
-23675
-27410
-24329
20893
-12502
-32457
20183
-22995
31681
113
-1036
30319
-11776
-6158
23941
-27188
13037
-27338
18453
29657
-7662
25305
16023
8390
21419
-8807
-20367
21066
-13329
-2742
29765
-1815
13992
-15704
-13038
26579
2087
3968
165
-27536
14224
-5870
-3248
27107
31969
31430
21745
5773
23730
2755
-29393
24529
22795
-10777
23913
-12872
-20885
957
-17862
19981
12201
7696
-20854
-30266
12141
-29726
20073
-10286
-2927
9375
-11464
-17705
-12308
17606
-25356
4092
-26019
-16049
-4208
-19270
25393
-29670
13259
-11285
9685
12227
-11823
20901
-12703
31030
28568
-10648
-12985
-11995
-29745
-2843
24828
-32085
31216
-4898
-27445
17727
14653
-10229
3185
26511
11398
-18005
-25968
27956
7901
22199
17123
-28182
27260
2682
10646
-7166
5406
32463
605
19393
-9419
6787
28080
-4177
674
-26671
-30028
19841
-31784
21861
-7926
-4107
-1896
-11574
21782
-32496
-7393
-30520
289
-5012
-30601
29067
23799
-10145
-11801
-25877
-22693
-22920
17509
7518
-31892
-26625
19458
27067
3780
21756
12287
20236
5128
4707
-3498
31723
21082
24079
24028
23533
9055
25864
25048
25308
-24024
-8231
-31851
6797
-18069
-2007
509
20436
-5725
-28948
13768
-9756
-23566
19015
27824
-26737
18081
25845
-28397
5532
-11673
-25522
16879
32061
26112
2750
-1980
-6672
-25120
-23007
32034
-22332
-14804
13539
462
-26281
14132
24340
-6833
7943
-31753
-8382
-13075
5275
18461
-12112
28709
8085
-17520
-7917
-3026
3046
-3680
-20325
-23543
27917
-2748
29424
-30201
-29475
3161
-1147
-3213
20621
-29748
-11377
19527
-18998
26050
15543
28702
-15610
1822
-20686
27400
11389
21522
-31922
4725
-17313
-16051
21671
-23380
-22005
15538
15523
5004
-18617
-12554
-24358
-11587
-23468
-20747
-19346
-25126
-17354
25231
1820
17815
26865
19030
2935
-9088
27374
-26836
19393
32311
25967
13052
10492
-13011
-20934
5317
26284
-32255
31946
-4098
4721
25517
28403
22765
-1265
-6458
113
-12112
-27695
17701
8924
29438
128
-29339
-31250
-24583
31845
-12843
-19907
10604
11265
-12766
12368
-29212
26283
8747
31683
2106
-20149
-19269
-6061
26533
-13801
12210
25090
-22852
-20364
-27927
-21286
-17145
-28536
23900
-7642
-8059
31794
-1930
-27829
-3446
-17686
32311
11968
-32638
-782
-28084
24318
-1565
-26599
-12059
-20135
-825
17078
32093
-13570
31129
-23436
29782
-21197
13991
-30051
-20729
27147
-9322
-9711
-5365
20309
-21819
8834
21266
5232
-12198
-10801
30321
17217
-11335
9127
31344
27534
27605
-1671
17675
-31720
-4052
21765
22156
-9044
26589
8272
1507
-32561
-3436
-863
-18151
-6964
17494
15804
1708
-18793
-24956
8485
8460
31950
25577
-998
16218
5498
24011
-32521
-29069
13436
-30282
-9955
-12861
7923
-7231
-10990
-3668
-7371
-8739
6116
-15549
19625
-20306
-20606
-19927
27948
-8369
-16953
24754
11084
-15010
10108
-24627
-12100
20265
9557
10377
-8421
-1666
27760
-13654
22450
-19946
-22241
-31735
10810
-30111
-17782
19573
10819
23648
-13879
2335
14202
-25117
19715
-5153
15805
27940
-25579
-31961
-17502
8247
-3230
-24579
-12930
31522
-11822
3158
-23448
-17621
-21396
5277
8028
-16233
-16303
1963
-22442
-30479
-28981
30511
19818
-8189
21258
-17400
-31653
-17188
16532
27040
-716
-3306
30936
-32365
31767
-407
6327
-5784
-7519
-2806
-13654
11349
-9740
25656
19651
20054
29160
6385
9311
-17525
17390
-15189
-18246
-3378
-14910
-18002
2908
-21645
203
-10844
1171
4576
-3449
-17230
22621
-9601
31176
-23622
-13199
-15865
-25266
18037
-13941
-11195
-29785
-16580
-21769
-24019
-22103
-9295
4101
23813
-5073
18925
242
19020
-8210
12156
-2719
-21792
-13546
-32504
-29182
30977
17969
-22879
-15154
29513
-6943
24775
-14440
14544
-3895
14230
-5319
-15366
-10327
13898
-8308
13681
-11218
-13828
4805
31753
7445
-6922
22217
3683
8652
2104
-30027
5312
26405
30397
5105
-23981
15304
19122
-21781
-19641
963
6723
-24747
-31863
-31345
-19501
9430
-116
29976
24784
11821
-12233
-30701
19409
-12212
-1492
20157
-17095
1618
-11494
-11356
20144
-30588
26673
-3765
-12882
-30020
-2816
-6955
31745
-17980
-7310
21376
29207
32337
6176
-21239
-9671
-20713
26045
26678
23785
-23143
8884
-17158
11761
-27089
-18297
27899
2204
3691
-16022
-3510
-8756
-24893
17433
-19237
2280
3276
3644
-30472
-30853
-29483
28599
9772
8026
31542
-26485
-12738
21422
-17140
1733
29818
19331
21124
-15931
-3500
19726
26187
-29453
6699
-4379
5026
6051
20907
-27651
15998
-11451
-9830
-11467
-3524
-27417
-14889
27282
16104
281
4709
-17515
26703
-26269
-20520
22797
21023
15273
-25880
-16065
-22915
9137
-31950
27083
13205
-21609
-13564
17523
-11768
-16029
-26214
-25950
-6801
-30252
29386
18280
-6879
29221
15348
25962
-14620
-16490
24026
-2069
18292
638
3907
-4901
28894
-30504
6825
30635
14768
-25247
-14964
-16407
4103
-21543
14850
-18744
3582
-22759
-1151
21608
10380
18184
-3830
-943
14897
-16351
5454
5467
5863
32483
16378
8187
-2124
4413
9320
19797
-861
15646
19958
14236
27127
4191
-20669
-32095
20536
18636
12758
-5603
16521
32561
22402
-18874
-4521
20006
28820
22273
12444
20156
10948
-10167
28854
10858
-30847
-13747
-22467
10780
8320
19787
29502
27527
16084
23046
-20799
24108
-11602
-31755
-3271
-20366
23188
10739
28500
20219
-8502
5185
-28014
-5878
-23847
-23142
-27034
-16358
15173
31912
26598
-3749
31273
-22670
27038
-16266
-9118
23518
22169
-7419
30633
26870
7621
24239
-31202
575
13557
-29798
-28750
-7009
15468
26391
-4416
-27830
-14008
-22003
24561
-23987
13335
3407
779
-30506
-13552
1275
-2556
28882
-11249
-21051
16752
-3920
27377
168
-24952
-24692
-21432
-9376
19094
14398
-18223
-29205
-3859
-7671
19550
23729
4917
23596
-24356
-31413
-28350
16106
10463
31780
9297
14093
6840
-29853
-24669
29606
-29371
2842
18397
-20708
18613
-4612
-1953
3905
-21640
-10187
-29379
-4240
22847
-1426
-31080
-3139
-21205
6817
5205
27474
23313
26546
10573
1742
-643
24285
16321
-22278
-9599
-27517
-9504
-17328
17709
28766
-30863
-4559
4870
23917
-28909
-22043
-3655
16445
-31783
20786
4251
17873
-9519
11833
-6592
22550
-18409
-25887
2986
-20006
-15176
8827
-21290
3084
-9707
7703
-210
-13940
-22142
-29520
-30003
5829
-1228
-5322
13209
16630
11969
-7378
31760
14977
25248
-3106
4988
-31900
-31886
-1680
-23925
14976
-227
16793
-25742
9901
13722
7243
30916
10624
-22648
28874
-21017
15507
24078
17146
-2555
3485
9686
28147
-14451
32501
5945
-21478
8518
27386
29925
12092
-21099
10205
16219
12078
-27339
-5981
-7054
26575
-11655
7541
20930
-6120
-22151
-23837
-24533
3272
8651
16816
-7542
-19198
29372
1417
-15355
5718
-21152
14110
30484
1434
-15400
1715
-31108
-17067
-32725
698
-26452
14523
-28804
-25504
-1438
-14601
665
-24374
-14562
-8
31695
19372
-17198
-29086
-19228
7436
-28822
-28506
2019
-5131
2710
31932
22765
-30727
14595
23143
260
30631
-32259
-5440
-32388
-48
-12995
13030
20200
20397
31900
-32169
2412
-1836
-6712
-31188
-31138
-11847
-31358
-19424
31150
27473
279
17621
-2625
-29549
-11740
-12392
-25978
21681
-32744
-29719
-4642
20011
-31766
26406
-18014
-25093
-4829
14212
1832
18935
-26222
-1178
-23727
-1948
32376
18190
12017
-24410
-30741
-24879
-24597
27022
-7257
-14696
-4938
26850
28161
-10702
-19957
-8129
-31419
19864
1466
-22296
29948
-21023
-15389
-24480
-20722
-867
-17506
-31451
-7585
-21843
-10698
30538
3959
-31727
-28791
6944
-14778
-6553
-20132
-9036
-16297
-24373
-17578
-27384
-21439
-1011
-31178
-21783
-22344
-28051
11173
19164
10751
-12270
26497
-25779
-7120
29956
-30357
19364
7467
3207
-31446
3843
10797
2602
32467
5807
28276
1221
-17993
18429
-28741
-27343
-23243
-30107
25246
-9958
15580
14889
23411
-10839
5516
-30578
-30913
25433
6696
5843
26117
-31710
6547
-12213
22884
-24432
23576
22116
-5485
-1046
19183
-27322
-11513
-5571
-24999
-4744
27852
-2108
-26033
-3625
3914
-28364
-32199
-28691
-25406
-24877
-22052
16688
-20544
23677
14282
11684
-22786
-15323
-32217
-1975
-31367
15748
-28460
-11270
7366
-9408
16423
-30566
-27259
32621
1097
-12906
31113
14609
-20686
28110
-7780
-204
11234
-19192
1443
361
-28969
9228
-4737
-22979
-14288
14304
27164
11639
-12825
-2597
7714
-8460
10731
988
1189
4505
24920
-5237
-82
-5471
-5569
-8739
-9103
12648
-28611
-25282
31156
-14853
-8814
10437
24795
15006
10791
13780
-6738
17786
-1961
-20471
3569
-10954
-17332
-21819
4517
-15677
-31914
-24882
1014
32006
-15980
-820
32465
-19614
4436
523
-20916
11695
1071
7604
23087
15009
28083
20681
-2837
11006
32031
28370
-30682
-32463
23355
-28307
-31604
-10827
14815
-10413
12001
18743
-4614
-20059
-28984
3474
13269
25866
25659
7124
-4978
22209
-17892
-14534
-12125
-13509
-17508
-27586
-12150
-17591
9481
11811
8331
-3733
32045
-14429
-30193
-24198
9685
13088
-1766
24506
5578
-8750
10568
6014
-23375
-15165
-23574
-14798
-26128
27959
418
17826
2226
-26205
-24271
-31908
-21378
-32334
-5941
24921
-23285
-16450
-10133
3629
25589
-15003
32724
-28027
-15548
13991
18765
8199
15041
-23789
-11563
-24324
11498
29641
26634
18041
-13355
3698
-9214
-17016
-25114
25675
-29642
7292
-13338
-6338
-25462
-21984
11396
-23391
-26790
1532
-31108
-20876
-23666
25798
-2676
-30039
-31332
8013
-11712
7000
5771
-2733
-18190
24751
8169
-27563
-29500
20084
-5744
-5570
4418
-29520
31516
-25900
24781
-17708
23960
-21272
-11035
-28125
15286
-31317
-27965
-21629
3975
26866
31928
8965
-22995
-20969
13967
19130
6468
9428
13206
7698
-15660
6481
22252
-28820
21961
22859
-31599
-23139
3900
-3430
1890
9300
24292
10231
21758
-3152
30049
30421
-25614
31896
20004
-12685
22703
26955
15457
23147
5243
-29129
-290
-22243
31434
24111
-8754
-20446
13355
20523
27489
2698
-32453
20999
-30769
-25829
-9890
-17829
-4667
-2793
28630
9043
-17840
3688
9782
24077
6738
-1654
-31097
-30566
14532
6730
29136
1835
-13625
-19203
-15798
8563
-23306
-2701
20788
-28764
19900
-26527
22478
-1236
1410
-7074
9162
29562
-17158
-20002
-11732
32392
-2358
25840
-2399
-20527
-890
-12743
-17117
6344
-3217
18992
-30220
-25247
13332
-25240
-4330
-11550
21928
-31408
-20186
7303
30043
-21330
-30358
-3032
-29911
-22638
31292
24110
31133
-16079
16634
26449
-17962
-1156
-20292
13
-14729
-30965
20344
20628
147
-4880
-9044
-26191
22309
-9359
-20006
-11143
17153
-1482
22166
9301
-23275
-31640
9987
-8170
-16708
-9072
-31988
-25558
2046
-1269
20356
10749
15373
19113
28341
11468
-12303
-4073
8025
5706
9103
2221
16082
-15601
20225
25810
13327
-31666
-9764
22764
29629
7998
-28377
-11885
16034
31263
26214
11832
-10242
-28640
-22552
17544
-17840
-18523
14150
90
-6373
24513
7796
18346
29534
23349
-32479
4620
-7811
12450
-13725
-26824
3817
32405
-10451
3193
9382
32115
-10457
7824
-21406
16229
18346
9686
-32105
-15530
11728
24085
-27600
7024
23431
-15148
-26816
8970
-28367
15508
32611
-484
24168
-8637
29368
-31875
-32466
25278
-28776
-25765
-6586
-29423
6777
-21135
15264
28826
20280
-29278
-2112
17086
-15613
4023
29080
-20350
-25352
11485
-4965
-27354
27933
19348
-5424
-31767
19792
-30260
22115
-23113
10926
17412
-24542
-13300
19070
-3192
-18630
8446
-16154
27588
14727
-18745
21145
31875
15864
23910
14112
22767
-23718
-21612
20650
19172
12830
12415
-29967
-5236
-27591
6793
-16173
-18103
-7410
-4036
16121
-26375
32587
21468
-18125
-6316
4473
-3239
11460
12910
16261
-173
-25885
585
10057
6802
15812
-4595
12745
-20211
-4237
-9961
7770
26011
17073
-30110
8145
-12236
-20759
8018
-11218
-13248
18749
-26477
-1352
-734
24867
-6986
-1527
13107
21229
27820
-32255
-13290
-5248
28679
25436
1642
-13921
27056
-11429
8437
-7100
-22446
25880
-14531
-11745
-13415
11672
-4097
29393
7375
-29757
-10501
3022
7783
-16142
1140
8942
-24576
-18861
24478
-13976
-14084
-20055
-30036
15993
29894
-21849
-20283
30553
9649
-16948
6132
-8207
22182
-8006
20741
-11390
-10192
-23039
-6887
55
22887
11420
-20901
-3240
-19585
-19167
-9231
-8178
12069
31039
-21572
-7703
-28014
22639
1653
26641
9091
-6709
5380
-8160
-24956
26303
268
-30491
10637
8150
1711
-9497
-31064
4773
4378
14744
19560
-16257
-4044
23409
13745
-19518
15428
24455
-5164
18344
-32383
16646
12726
1390
686
32404
-8048
15799
-20924
15137
-20847
31506
-18325
-16067
-1208
15522
9176
-28588
-3664
13903
-5518
-25676
-9289
-24882
-10256
-30993
30975
30695
-20827
18250
30833
2899
-25093
-20107
-20318
13670
32347
-30302
-14264
-14381
-2078
13484
-23852
-31425
-14733
-11240
7393
-14337
28923
22341
-16399
31454
4266
-25236
-13320
12256
18375
28049
29718
17001
26757
32661
-10710
-1301
15577
-6103
-4016
22328
-14027
30961
-21467
28533
11702
4673
-8073
26243
29656
6591
-9579
18407
-21750
26040
14729
15012
-17838
27230
-17232
5506
-31486
3593
31958
11830
-11842
-15903
28148
18378
-24541
15210
21944
-12511
-16027
28295
4025
6742
31669
23178
-8804
23328
19388
-6849
-23162
-21365
-9888
30537
-14512
-19206
-15330
12892
30111
30898
-20674
-17047
1362
-10114
22565
-26492
8461
28925
-3687
-13286
13610
-13995
-19730
-6358
23582
-659
-4123
-6326
27445
-30119
22103
7957
17778
-31251
-15833
-22182
9364
-18783
-16971
-28730
31328
-19644
26758
27156
8028
20148
17940
-7625
30537
-15535
-9843
-32046
-25916
6314
30289
-32700
-30285
-28310
-5830
-15740
-1996
20950
1610
-23107
-703
26680
25570
13810
-14247
-21812
-26852
21086
30917
14178
4803
24187
31966
3266
-2893
-2086
-30527
-29481
-22528
8787
-28707
15013
23903
9145
12502
-20004
-18393
28401
-20744
-5368
-8546
-30999
23903
29105
-17081
-25990
17308
-21773
23542
-21572
-25407
17625
1213
-7680
19433
-26855
-18387
30628
6287
-11241
8568
-31612
-27061
-3654
-2071
30779
-24818
99
27511
-24429
24453
12069
14139
28522
12605
18959
29913
-27321
3149
26859
-19393
27633
-7757
-7300
20650
-18041
-5496
14456
21427
-24550
-15896
-15261
25591
27816
-26609
29745
29976
-5381
24180
-28623
-392
23324
-4432
-3399
27238
-27183
27930
-25395
29146
-18711
-14853
2707
-18331
9399
30790
-16711
12051
-6078
13882
18479
16717
23522
14769
-16355
-1486
-30216
15998
7696
19130
-1201
6670
25682
22672
6400
-12717
9493
2077
-27772
-9593
4618
-4311
-23385
-15258
-9000
31387
25009
-42
-1116
4550
-27501
-11023
-47
-14197
1805
14294
2968
10845
-29348
-15201
27568
27302
-12674
25942
21075
11157
-30668
2439
3294
25917
21259
-8526
31893
-32494
-11069
20872
31542
-25172
1590
25899
21299
-3222
-17768
17855
5272
-7237
-11385
45
32506
-30877
28475
-32456
17131
21562
-10757
22042
5432
-24131
4041
-19162
-32535
-30050
-23809
-31816
12609
5387
-9824
-30835
26385
29299
20241
-363
-4572
14476
24298
849
-15541
613
-24193
-11117
-10394
-10374
-29314
32148
-32364
-29574
6587
-13510
-12791
-22257
-30929
17787
-6082
-20034
741
-27744
-3799
2750
-9546
7416
-20421
28402
23067
-27846
-18734
21697
-29778
-20230
-28039
22873
-18421
10816
15761
-29321
27164
-3240
28380
-19724
9945
15029
19988
23274
968
4073
-8959
1224
-27101
327
-4348
-7559
28218
25275
-15152
21914
-1796
-936
23019
-3032
1734
218
-19987
-10760
11424
-13032
-1528
-14130
-2345
30975
-10930
-31085
-29089
12573
-8314
2611
16160
6879
16732
-3777
5478
590
-18923
-608
2296
14486
-24278
-19172
-32600
-27165
28696
-22486
2442
2893
-25171
10810
9530
17118
12162
-14482
-1933
14412
4090
5841
-21035
22421
-6146
-17000
11036
32749
-11258
-19301
-2408
32413
-25032
-28559
13404
29932
11043
8747
-28432
-11198
16124
8492
-1453
6139
3420
-10178
15519
10986
27713
-31350
-22820
11351
19457
-4656
-29227
8005
23302
25686
30695
-32388
-6775
-12053
-176
19124
-19250
-14344
916
3702
-4427
9047
-23571
-29047
-11719
12649
-19830
11598
24593
27937
4805
-21446
-20376
20348
22123
3230
-5594
-1344
-14893
-14297
31712
992
13448
3336
-7207
9602
9346
957
9586
-2730
-25311
4156
3683
-25572
8807
14311
-8600
32082
25899
1743
-143
-19703
20939
20756
20388
-5737
23874
-29307
22306
-3281
-21839
-24480
-16218
30230
14110
13513
-20689
13628
-5195
24876
-5129
18032
11691
25345
16721
24918
-11072
22729
-4573
-2129
18762
5907
19679
27876
-21172
-10647
3720
-23607
-27210
3823
-31367
-16653
-29540
-19116
-6315
4717
20363
-20314
12665
23624
-1361
-25433
11661
27671
-6632
-2038
4921
30904
28423
-4602
-9675
-3712
-4587
9433
-3269
13168
-32227
-2179
21139
-12668
22649
-17129
-3770
13543
19874
-28620
-24216
16815
-24273
27173
-18270
19098
8338
25523
-31767
-9430
-10773
-26045
-7870
19141
25984
-28237
8274
12103
24145
-6456
19457
20103
-23585
-4962
17069
32732
-25631
-12470
24356
11935
-21067
-17955
25567
7030
8700
-26361
-21814
29732
-3755
26398
28759
-31453
-31071
32385
-12842
-19935
-9736
30703
-24301
-8441
24036
-29394
-32317
-1449
5141
17938
3925
-5994
13558
6665
14814
-7877
25428
-6449
28602
-31308
-13906
-21982
16543
28044
16489
-21017
4676
-2283
-7247
-16034
9254
-2707
29918
-29931
8043
4906
9149
-23363
-7325
-7166
-18188
32623
4620
7216
11045
-608
-27271
-11591
13193
14874
10440
31060
-5309
16465
30189
30482
-2762
13463
-29743
-12804
7490
-23062
21584
17185
-27202
24336
-10905
7301
-26966
23321
13023
16025
-8088
21049
-6492
23133
916
9099
1731
-29927
-30614
-14046
-32464
-15600
-20870
6848
22139
28413
-10910
31918
10073
25399
9423
20910
-13320
215
11465
1766
-18174
3196
-11890
-24934
3506
21663
3744
21579
-11543
1960
-6279
12105
-10243
-28512
16239
-26923
-24239
-26994
-7956
-5791
-23638
12664
-9806
-16788
-8944
32194
11866
31033
-17021
19693
21930
31341
-14881
-2695
15383
-28748
15386
-4710
11639
1126
-21116
29338
13513
-32646
-24118
-6511
3479
-16329
-12387
-9341
-5499
20659
26279
16227
28356
18205
-5220
-1176
-3591
-20451
4936
-1569
26583
18581
-6399
-25226
-24877
9427
31631
26194
-10270
-13777
8051
21136
-1558
27616
16299
-28779
-31512
29796
-16740
9845
-20098
-24992
-13923
24651
-13054
30565
938
15423
27092
32578
-4059
-17275
1946
8375
5090
12828
4483
28796
-9419
-23662
12922
3029
-32765
-5097
-4728
-24473
20806
-31598
-16637
4184
31858
-14486
-1084
497
-17949
-21524
-12495
15697
12707
29941
2308
-7386
-14685
4113
15923
6229
-8813
-24793
21502
25227
-11281
-32328
8692
-31748
10071
14155
15775
25478
17017
-8054
13317
14677
-17301
-2529
26548
-26548
-4871
-19885
10015
29408
-32174
19014
-326
19701
6469
19327
19674
23058
-11420
-21535
-14767
28034
-3087
-22099
22239
-24937
19232
9689
-2407
4865
-1092
27412
4462
-11781
16592
-21766
30914
-6268
-7995
22594
-17168
8870
7027
5831
30132
25814
-4602
6302
27685
-2083
-8374
-12054
-15385
28929
27319
-18992
-54
-23438
-27031
11796
24319
-8198
4428
28378
1010
-25589
22443
2615
27074
-777
-12271
-332
-19744
1316
-22857
-31772
29312
-19841
23169
29383
32311
-1519
-2102
27790
-7967
-29823
-25671
5860
-21177
-10442
14545
-18812
-32604
-17111
-14399
-9786
-24240
-24196
12792
18790
-3411
-11756
9243
22095
-25364
24752
-22794
-12282
-5319
30322
19894
12640
-16403
-26179
-26517
5862
-13271
963
17930
16188
-22820
22343
-1802
-10269
-30853
-3541
13132
556
-19728
-10902
-19974
-5879
20598
4405
21550
7220
24670
14112
-32457
-23445
-26131
-27187
-8829
-30717
13517
7706
28767
-27982
-12391
-3858
28826
16964
344
-25051
11821
18270
-14975
-12699
-31380
22604
-21305
-20021
11310
3995
28041
-22656
-14903
8821
-16242
-18823
27451
-25753
25454
15676
16446
-13102
-13764
24557
-19239
859
-19451
-950
4421
-28139
-23870
-6946
4998
6375
-9979
-19126
-19371
8106
-718
-18332
11159
25336
16567
-19136
-27438
-5090
-6297
32314
19520
32753
-16576
-17852
-17944
-28478
-6403
-27230
-31685
14107
9849
10252
-26994
-27344
31323
-29653
23191
13457
-15193
-13994
9075
-24832
29380
-1353
-24639
560
-25938
29885
32732
436
5554
26198
7628
28601
-18449
3546
31173
2216
10063
-11459
-14548
-14622
-17888
-9274
-30446
10896
-6864
25991
-9843
-23210
28644
16227
14513
31058
2695
7364
12662
-11546
-11653
-6930
-22752
-13432
296
-16940
28227
263
23837
23821
-25494
-20321
9328
30181
25431
-22611
-30025
12819
22065
-11885
19251
-32350
-1736
-32495
14970
30352
30674
-27080
-3370
32043
15491
-12017
13053
-5493
18674
11669
2821
-11953
-18823
284
-3414
-18560
-25545
15455
23728
1157
10054
-25336
-27540
-13961
26384
28993
-17745
-20027
26297
-5215
-19490
16983
1366
-2237
12664
20584
-31422
-20115
-8706
29765
6512
18367
-26919
27270
-23184
10130
-30473
10339
23105
-32451
12350
30940
-12729
29894
3548
-7781
17347
3197
20968
10826
18130
-13127
-22127
24590
-19846
14337
-9534
16441
-19729
20134
-12190
4956
26164
31369
22661
-25383
32490
-2096
24911
-27543
-6276
17257
-2077
-780
19684
-25882
-8618
5972
-19786
25398
-9060
-13366
18739
5028
-2916
31579
-31757
-29472
7046
31214
-8543
-403
26549
24774
23995
12975
24770
-23736
-9833
9664
20784
30224
-5668
29204
26609
1547
9602
-32032
-5389
-21515
24196
24888
9053
-32273
20751
31233
-13722
14520
9740
-10605
-26883
6904
-8498
-26255
31726
-31342
28318
-13603
10384
-7240
20735
-1964
1390
-20039
27024
-5581
-26679
22186
26085
-12379
32630
-24168
5174
11738
-6306
1910
-28146
25285
7852
1662
7245
26774
-5011
-27311
-1621
-15682
-8994
-10054
-11307
533
-31702
28676
-23401
-23760
-19120
-8299
-27994
-7126
-28285
31353
15567
28883
-27454
6109
-11792
-21245
5609
32217
8786
9265
15025
3403
26208
31329
30590
-3318
-30433
17166
-14373
-15925
-24848
-26633
-30917
-1912
6845
-10163
-24808
28208
16375
16371
-18023
-24740
-3090
31821
-5540
18622
-8920
21446
-2364
16384
31786
-17044
11622
-28474
-7769
21000
24113
15089
29898
26987
-820
5023
-22542
26781
-30923
-132
29954
22476
30605
-32313
-6450
1524
16090
27889
29813
18981
20671
711
-23876
-21084
-25060
7962
19868
5326
25032
-1423
26681
16369
17558
-23778
27682
-14453
5370
31827
6960
22215
7413
12245
5952
-25443
18410
1415
26217
-19265
2951
-14408
-30141
-18199
-24581
12499
31706
29666
18035
13734
7681
-12215
21906
-8482
-6395
-32531
13139
-20101
-24747
15164
31987
25230
27598
7261
-15229
22969
-22708
-6875
10074
-20861
-25355
8008
-28235
-10925
-3523
-8755
3087
-12816
1463
-4247
-4700
-20920
15405
25318
12938
-13687
-16091
-2393
-24013
12835
19237
-15530
-7164
16902
-20654
-16167
-6475
-985
-12498
-23993
8020
23476
-20917
16897
-27636
27667
21954
-1276
-13466
-23705
23342
10630
-4504
16105
29788
17824
15707
-18644
27184
-18099
-9781
11748
-11750
3654
-31326
22536
-29467
-26302
-22686
-6363
-29804
-25107
-11046
-24008
-15682
13534
-15455
27838
13718
-19250
14616
13185
-27534
2934
-6732
-3632
3862
-5950
14995
-469
-12519
-10032
-9775
16480
25591
15496
-14630
31685
2118
4629
11842
14738
3111
20513
-11593
-26687
-27501
-28653
28383
-10870
31788
-31269
-8412
-27933
-1709
-11424
-29067
7020
-2950
-24497
-21386
3555
24410
-25524
-30366
-1307
-29985
-643
-5566
-31562
-4243
24050
-30892
-17185
29599
25158
-8027
11036
2849
-28040
1707
-156
1142
-27187
-13441
-27979
11333
-28644
8535
15637
15953
-7329
-4186
23076
-4091
-750
15318
-5355
22890
-8724
18036
29046
21146
-26459
-6794
-15027
18572
-22413
17203
23464
1362
2428
-3409
-23929
-11054
-28285
-31389
-8202
-6008
19442
-14219
-16857
12944
-28960
-18129
-22588
12155
-14494
31794
-22391
-501
-16375
-7226
28272
-13725
26642
-1000
473
-3447
-18613
-3843
28273
-23007
7652
18815
28135
-30023
1360
-14001
218
10020
-32513
30268
7745
-32401
-22866
-19813
28954
10041
398
6616
-10535
-31437
-20773
-20569
11941
-23291
-25742
3610
15707
19686
15881
18924
13153
-30252
-14226
31280
-24171
1192
17583
-21685
-29802
-31642
-20399
7428
29622
27408
29863
14900
3708
-15511
12280
-1397
-2960
24182
-31664
13216
28098
-4241
2150
-6610
-1821
-15737
-22462
4266
22975
12811
17694
-12971
21785
-30726
23531
-31553
20460
29589
-8477
-24938
-19946
3045
-1424
2929
11919
18797
-14177
-23621
10470
-21011
-20361
11
20981
-26789
-8674
17066
-27523
-9206
-20224
-25957
-6150
-27538
-13663
30188
-5481
-26231
-10091
17606
20161
-9161
-15100
11210
-7008
-12544
-9953
-15617
14787
30611
-9320
-17483
15993
-2299
21213
25065
1255
13873
29507
-26955
27756
-21978
3678
-5085
-6654
-16964
-15909
26192
-13486
-11823
-8978
5009
-2874
30363
8487
31533
15036
16411
26446
9004
28779
30302
9719
-1763
-7719
32163
-9608
28668
4089
17168
-9236
25602
18626
23567
2074
-18356
8912
2667
13494
7458
9723
13983
1942
31491
-2969
-31779
5589
-11565
18523
7907
30408
7778
16716
9849
-29077
-10098
19547
18635
-13806
3565
422
-2075
16821
18279
15412
-14942
-3963
32193
-13174
11002
-24542
-17929
-8400
18644
12740
-30305
-19594
-24027
-19125
-1959
8842
-6887
14031
15530
-5081
-10538
-21615
18455
-22141
15483
27878
17896
5691
-31657
1386
6051
343
-16119
-4505
-21598
5060
2481
11337
-27188
-3204
-28847
24822
2400
10459
13765
1925
-17767
-9230
26540
14644
25714
-17230
21034
-28039
24468
-16973
-406
-18136
-5670
26940
7082
-25108
-17792
8588
-6045
-22300
10161
8766
-8241
-32554
4268
-13441
-12525
-5116
20494
-32488
-28764
-25289
11183
3759
4433
-22445
-1748
5723
-6173
-26473
4448
-28059
4640
2770
-21756
-12869
19351
-7946
-4970
18042
19755
12219
103
29311
-30196
-19297
-26159
-31230
-11688
17309
-1102
-32435
2495
21635
3448
13239
19670
-15506
19179
28800
-31632
-22732
29604
1172
3901
22132
19045
26769
905
-968
-10822
-615
16766
-5811
2944
18196
14100
6240
-22849
717
6541
-13820
-6051
-25620
16110
830
7524
-7853
-30570
13301
-14749
-251
-11317
20685
21950
28501
29245
-21191
-23746
-8768
15780
-27547
10488
14379
27566
-17133
18595
-16826
-13854
29562
7106
-26003
-9070
2908
4626
-10127
24526
-32690
-23948
29202
15637
14895
-9030
8737
-13528
11890
-11094
-20426
10389
-24555
-17046
-774
12371
-7682
-17321
-22415
-16386
-19808
2052
-7117
-23773
-17525
-1831
2047
-21064
13511
7535
-9002
-16145
-19016
-22814
-4847
-20177
-25079
-1608
6264
17843
-30659
-4378
10453
-3285
-21358
9699
13080
-3005
20098
14415
-23005
14599
-1730
29656
16697
-25390
3581
9434
-19329
2042
5371
-24904
31346
20153
-28480
-31077
-9964
775
29653
-12252
36
-26360
19169
16538
-13319
-5116
-1999
264
-4508
32698
-5238
6497
-5703
17424
9596
-7750
27010
-8710
-30608
-18487
31604
8421
-11084
14357
-31854
-15209
-29429
16182
-12386
-3507
27156
-26337
-22667
-25829
-16160
27817
-15265
18288
-10650
11989
-21582
-6143
11552
17091
25918
9860
5089
25337
4624
-27499
-19338
29064
23084
-30504
168
16390
-18117
21014
17539
-20800
-15032
-12020
-13717
679
10526
-25302
7827
-29808
11410
-20880
19901
28769
-9595
-29074
-22456
4974
-18832
-11550
7658
-24603
-17743
24400
14487
19208
-24570
31199
11580
152
-3204
-25543
15413
15955
12608
-19529
-25327
-19707
-99
27585
-26591
15187
-25919
21761
16601
-26151
-16421
-15283
32462
-19277
1389
-3787
-7564
22083
-14783
-9353
13810
24431
-21502
-16685
-24759
2505
24147
990
-5740
17985
-18479
-15086
4869
8582
31962
21474
4720
14083
21218
19544
-28526
7810
-30872
-7583
-16210
22887
-7886
-17943
-16827
-28553
-3172
-25232
-26593
21418
-24262
21840
-32452
14204
3599
26704
13356
-10080
-9774
10323
-7591
-5147
-12863
3540
23099
-2947
-23283
17688
30146
26266
11808
17931
8341
-13776
-29927
31598
6510
27332
16993
-15438
22379
698
1581
-10398
9672
25450
-23736
20462
-26213
3455
15073
-26457
1978
-31768
7265
-30963
30362
7887
-31473
-873
7572
15894
-262
9863
31349
31324
-10926
-11839
10124
-3681
-9304
-24787
-20639
31721
7571
4989
10503
23682
-15714
-1412
23026
2306
-3603
-16812
-24356
13892
-21193
11566
-26568
26619
-5401
-2035
-21587
25817
-6273
-13269
8379
15274
-25354
24802
3540
-14224
-5768
183
-32617
-29743
8403
-4770
16440
-14234
29515
11761
-29481
28965
11955
15531
-31679
-153
26167
15007
4130
1934
-24591
29390
-3861
-27611
-24694
28985
28757
2091
31801
-25660
30174
-11693
2785
-22786
-10827
-29755
44
-11499
11468
31003
-29468
-20286
-32308
30499
7642
22891
-23212
14310
-5910
7791
-28669
1418
7740
-18638
27872
874
21472
-20028
21316
7801
-15764
-28850
16181
15949
-14973
31867
24672
17890
5785
-28209
-3852
-23504
-22108
-20944
-2025
8193
21145
23509
26201
4995
-4430
2236
13904
-28396
2544
-23031
1597
-27276
11001
28147
2162
30291
19994
-19838
8054
-15126
13111
-4832
5211
6903
7833
-27738
-3957
-31117
-32123
-2455
14652
-16461
-3025
-17550
6988
7241
16419
-7272
7861
-26361
-9025
-2006
9957
14065
-7522
25335
-30315
-4328
-18116
-20757
-17404
25478
1804
14077
25366
-11994
-15158
1378
31935
12397
-28857
18550
17133
-13538
11739
24165
28708
26971
-21449
-22701
-25903
4085
24522
-23099
28673
8842
10983
-24181
-24963
-7827
25233
-15439
17487
25257
-10174
7295
522
18661
-27882
21761
1379
-7528
-19254
-2859
8139
15447
-9313
-13010
-21979
-9341
12836
-26964
-2121
22973
10101
6440
13437
-25734
17673
-4238
25233
26230
-18367
7486
28705
-8589
-10661
8953
-4909
-20293
9246
12972
31858
5494
-28245
-26542
8935
-4373
-8135
-13987
-6268
31384
-32763
11595
1719
-19304
3679
28479
-11895
17007
28095
15439
-23208
-19972
-9498
-12760
24808
-31488
-10471
-7385
-29171
-25579
7023
-23846
1225
20026
-15278
30406
-16051
-14544
-2515
15424
-32178
-17215
22096
12727
-10197
15589
1175
-771
14510
21757
16595
-22050
-27539
-25121
10543
13778
6702
24460
-25096
-20152
3542
-24978
2871
28034
20355
1878
15212
-11497
24853
-23214
-15974
-8747
4193
28988
-21442
15276
30308
23603
-16121
20403
-27853
3170
-24499
-2331
6632
-25959
13140
-28240
-3728
-5576
29886
24046
-19665
31193
-2973
27821
-22359
5252
-26083
4978
21742
-25909
-14093
-1709
-12538
-30521
28409
-731
-16718
14829
-7797
16890
-27002
12653
7993
8340
6953
-18020
22389
25513
-21714
-24725
22779
-11977
-30487
-11061
7764
-27201
-18679
5563
12646
19508
8345
-24101
-8800
-10815
-9958
-6768
23861
-32757
15603
-10941
-28414
-16384
-14340
12165
30316
-4481
-17006
32243
-2913
4641
-20213
4278
29418
-3733
16210
-13108
-28108
22053
16752
383
-5461
-27965
-18684
-24235
27104
-12720
14478
28320
-7786
-14128
15268
30883
-19408
18028
16295
-2132
8157
-25197
5655
14932
-7704
13098
26482
14846
-5781
-26037
-17737
-17464
-26962
-24466
-12239
12127
-9477
-29058
10072
12485
-32114
-23804
-426
14550
29890
-2805
12963
22182
2389
134
14287
-14477
31320
22944
-30437
-20889
-14908
-11646
-5255
17750
-32145
-5084
23747
147
27000
-30963
-16579
-2248
29376
-25150
-31192
-9664
-21198
18733
2708
-22394
-845
-12491
-13978
27668
10013
-22987
-31523
21665
11652
-27450
28075
14886
-4401
19021
-13089
-5285
-11521
-9783
-31522
15386
29241
5232
-7093
-25715
24082
-32450
-32371
-26845
17421
-19406
-740
5412
-13333
-20271
31233
-9803
18439
2830
25421
-28014
1282
-595
-18661
14965
-30644
-21054
22888
-26339
9342
-8790
6446
19794
14880
-14198
-5318
-24417
10005
-8699
-722
1052
14695
20200
-29340
-8602
-7762
-17736
31441
-17163
11419
-62
20679
12785
-1605
-31982
18470
-14634
23510
158
27311
-21375
8222
6136
-1672
25111
-8677
17387
-9917
7030
4448
-4590
32007
10587
-10111
32501
21675
-26713
-10671
25631
10301
22122
-28478
-20651
-10861
5093
-13402
16797
-28197
-18099
8647
8576
-5932
32362
-28053
29911
-19126
-14114
18048
29858
-4281
27452
-21808
-569
-21627
-18455
17309
25005
-4549
9702
-26580
-12265
-5443
29650
19524
4391
-19751
19435
-4617
-14644
31227
18232
-18117
-23414
3731
25263
-22394
-16973
13082
-9437
26064
-9944
-21031
9966
-6071
21388
2367
29668
-28902
8622
-16551
-16264
-1219
30509
-28391
-5995
23163
-24452
-4087
7876
-27743
-4001
20651
-9084
-1344
-7532
12656
19627
26673
8033
24834
-27246
7469
1999
-27764
18018
28801
-18151
-10444
-2649
21937
7237
-15434
-13092
-26787
-18091
-15048
18894
26305
-32533
21138
-14703
16734
31757
-21704
25637
3531
-8663
24447
-1168
-25284
-17418
697
-11803
17424
28145
8343
-32445
-29926
-19242
15849
-25392
23445
-21288
-12758
21621
18263
-28367
8989
13785
-879
20415
-10458
25811
-216
7580
-2106
-1022
-8754
2316
-24552
-4881
-415
-3682
29854
25955
30329
25101
-2258
-11595
-3811
-6969
-10711
32625
-5289
15782
-29344
-26372
26950
-29665
1934
-21636
-30665
21796
-4833
-24052
21744
15226
-7411
-1102
9410
-8179
17083
21477
20740
17886
-7209
-32552
-27984
-1071
-13242
-29790
-13535
13683
22612
28510
8669
5075
-3315
29573
-2972
-11143
-27043
16284
14318
7107
-13517
-22370
30458
-23793
30375
17183
-8717
15068
-27520
-30717
-1065
-25776
-2509
25214
21588
-25434
22720
3597
-30748
22301
6603
-3301
10339
19647
12198
19397
16594
-4616
-13955
-9787
320
-7736
5805
11736
-26910
-11759
12947
-4111
-8283
-2108
26937
22976
-26661
10805
4224
-1050
9986
8560
2983
22035
22762
8394
-11640
13121
27388
20962
-19702
14660
-386
-19974
-9422
-27838
19972
32223
-12503
-23660
29407
5883
22714
2989
-1252
19846
-5097
-27386
-27067
-28863
-19924
7595
17305
13736
6610
4737
19242
-32292
-12730
-32520
-16080
-4431
-27552
-12318
32453
14589
-7027
32644
15785
27705
18262
-24444
-7752
19991
27728
-19120
-26320
-12622
18103
-31851
3935
-31210
23411
26521
26398
-3307
-1839
26883
-23083
-13902
-6031
-1991
-29512
-10147
-17099
-27278
-24135
-1369
16234
18373
-17129
-21570
-4623
-30084
12821
-14716
4228
16509
3138
-19038
1352
-28527
19795
11282
-30610
16100
-13246
10351
-10876
-7753
15034
16456
-1196
-8151
-7939
-24404
29
-19415
27850
26053
-20843
-6453
-27332
2911
-16872
-3947
-9523
28896
-12120
20946
10295
-30465
31237
-2741
27515
-1404
-9501
-19731
-1511
-25402
-18711
-3284
7199
-28630
6820
30044
30379
9971
22731
-10201
10686
-8498
-13855
19117
-21456
3053
2566
-14221
-15526
15782
29029
21466
13779
17736
31035
17174
-30151
-11483
-28496
-12369
28482
23356
-25654
-8258
5115
-3568
21335
-9573
-24303
20205
-10721
3042
29400
8022
10164
-31768
18473
-2636
-10487
-26547
-30043
-4022
-10327
25423
-23937
-8710
1210
-27599
13673
-8043
18686
-25279
-28887
28536
14948
-3126
-23712
-26725
-10895
-12284
29847
-1849
-4391
-1494
29249
-6842
-25826
15539
9701
29507
-15575
-23003
30478
29791
-27313
-13292
-19310
22894
-6060
23194
26594
-2740
-1992
14048
1350
-26827
9235
4961
-30532
23487
30865
4890
12556
1547
-17442
10177
-3822
-6013
13910
-5245
-29758
-5848
6776
-3308
12018
1682
18235
-31387
8524
8238
-11458
28928
31979
8849
21235
-31098
-22338
12021
3782
30881
-6200
6203
15718
4702
-4825
4892
-17053
-3342
-11242
9077
-989
9578
-27604
-18715
-27909
-14763
18525
21126
-8979
18164
22898
30324
29224
-22285
-2520
-29189
-18680
13068
24413
-13112
4185
5905
-7729
21097
-7842
-22511
-29081
17304
-22341
31465
-8377
2625
22453
-23372
-25494
27440
-24934
19044
22704
-27962
-21036
-16834
10986
-1705
-4338
-17620
25172
2400
-29102
-8531
29803
20711
-21083
26019
7952
-8469
26546
-12265
6799
9979
24197
-22495
8075
21510
31645
10427
-24966
11452
-12540
15444
-23010
-14697
22118
-12712
-2502
27949
7579
9217
-16491
31414
-18061
27254
-8328
28643
608
-4103
12350
-26106
-17668
14439
-14202
2330
7226
-20591
-19364
-10081
-8419
12277
-19263
23721
-32002
5443
31351
-18166
-24272
-7743
-21698
-6929
1058
3071
-2457
-14166
7849
-9706
11730
11472
6525
-19969
-25657
16000
2186
-9288
12754
-20899
-2031
-10572
-12328
-30993
12572
1145
-11554
-1018
23252
-8949
30698
9587
26321
-24368
316
-12424
-16429
-10224
31534
-20037
502
12959
26196
11579
4553
-24764
-8295
-23830
-8903
-11660
216
9643
-23176
-29475
-2386
5921
2100
16968
13838
-31639
27325
-11527
-23904
-12246
18923
23438
-17312
-16011
-10521
-18602
-20456
24447
650
28929
-6391
-1178
3271
587
-14136
-31821
10631
18408
-2303
-32578
27303
16474
-9033
-3048
1850
-24370
-21626
-11894
-16953
-7595
-8545
25532
13372
-32511
286
13116
-5811
-23881
18397
-25000
9237
19519
-20743
25030
-26145
7049
22543
31703
15545
-30920
26452
23947
22716
-8684
-30490
-10926
18847
2361
18490
-15730
-17621
-20009
-3926
2401
-14418
15043
7546
-21397
2151
-727
18089
-9647
25356
13758
-19271
-18275
-29617
-25711
-23891
-30005
-29701
16613
19068
11570
-21125
2996
-8859
32431
31692
-29462
-13562
3343
-15391
15998
-5360
29255
29810
28518
15899
-9280
-13149
26598
-16218
22708
1472
10379
5815
-16950
9696
6018
-17037
-29549
-32155
23019
17116
4248
4703
-19976
-11255
26533
-11137
2883
21941
-28423
11620
-2057
-19392
18425
25447
10459
-20706
-18930
17167
-30697
19648
-13674
10652
-8600
14619
-29582
14555
30772
25101
30273
-32410
-18415
-14071
6267
-14322
-4125
-2847
29646
-31127
-5576
-12160
-18805
-4053
-13421
-11230
-15189
-11878
-2918
6663
3418
-9426
323
-5433
8534
-22941
-16390
28635
-14023
6649
-18061
-486
28623
25868
17680
28424
31020
-10305
21652
31629
13344
-6682
22312
17263
28291
12737
-16892
-3543
-28183
-17792
-4069
23908
-21805
4846
-5677
18292
-11120
14419
-4967
-24972
-12603
-31896
-6200
14439
9183
5901
31971
4572
-8626
31382
-11856
-25467
-12669
-8118
-32180
6352
2731
-31638
-26941
28217
-24953
-24956
-7613
-15676
5362
-19537
30445
10013
-28813
6646
-21485
7559
-1608
-15905
-2449
31454
-21713
20470
-28207
-32668
-28531
30236
-6075
1096
32589
-10564
19809
-4010
18468
-20532
-31404
-27502
-3085
25535
30114
2725
3534
-16185
21514
11347
13936
-12809
-19613
5117
-13386
-6760
-31256
3337
-20126
1403
27953
-17762
-26258
-23788
-11262
21366
-18205
7876
1604
128
-14901
9127
-25221
-7609
6886
2104
13003
26575
-10934
-22278
14091
30301
10001
7403
-20970
-27520
-4012
-10047
-7949
-23942
5694
-16018
-13568
27945
9519
-10696
-6900
-19656
-25309
4934
22245
27652
-11383
16772
-20891
6302
-23438
-6927
-6764
19438
-18751
-24550
-21525
7383
-20923
19823
25368
21293
9069
18891
20755
14667
20878
25555
11763
-13102
-26018
-17363
-20886
1871
10394
-17772
15350
-12355
-7407
25978
-2814
19541
13547
-17346
444
-27709
-10151
3989
17830
32043
29400
4531
-7735
-6777
10461
-11947
10443
-31185
-17959
5353
-21563
-24757
-1732
-4045
-5649
-25118
2883
16236
-8534
-27279
-11018
6625
-14063
-29358
-11403
17588
-13762
-10629
-1601
-11685
-8514
12901
-21477
-12203
14811
-10312
6813
-6217
15672
21558
7829
-24540
-22052
667
2798
15027
-20418
21782
-23174
-24396
5650
-7109
-12694
-13993
-22654
-30831
-19685
20464
22450
-2371
-22674
-19769
-28406
-27714
-2232
-1199
-5533
8709
6181
22616
-2450
30911
7410
27513
-9578
-22596
-9531
-14870
-16476
-8641
-24603
18107
-20252
32566
-27955
-21905
21976
-9849
5395
-16243
23961
-8733
-9527
28659
24690
10313
-27181
-20873
-22790
12160
20991
20164
-28461
-28761
8082
27750
24836
-20815
-11971
3725
66
10332
32247
7071
1806
24761
15884
24144
17873
28584
-3618
-6500
31570
22317
30956
11513
-14649
-28984
-8934
8247
23669
8987
-28092
-14475
-3265
-29111
-4732
-3911
32010
-18746
-25668
30079
-29639
21434
17811
-23990
-11119
31048
15987
-10784
-4483
9411
16122
-21156
21131
20891
-21505
-3599
-24791
2892
-16154
6382
-13368
20767
-9902
-30568
29804
19466
-2640
22285
-20776
-2678
-12782
3962
1501
31810
20249
-16491
-1693
-7
-837
-18085
11795
19204
15000
2596
24494
-22252
-19615
-3900
23655
21010
-2006
-16018
-2798
14691
29561
-26317
31345
12817
-16320
18723
12208
-8046
21199
-30602
-6877
15572
-5721
-32287
-32622
5212
-31762
-24979
19652
-11210
16909
-30167
-7866
9042
2619
-28387
12210
5106
-21311
-10125
3808
8178
-18945
29693
-8128
-11831
16280
-8472
25831
-9415
12639
-29930
11648
8653
-10290
30457
-17832
-31919
-27476
-1805
7211
8692
-19400
-28800
6578
-17371
-11790
-17268
440
31381
-16220
16776
-1531
-3862
2177
24815
15018
-30796
17808
31695
25843
-14125
4518
13696
-9228
14804
688
-26900
-26128
-17299
-16201
-17916
-7258
10764
23732
-16535
28811
-30667
26131
-11540
12285
16088
30119
-2560
-28132
15298
-3368
16664
5090
8403
17468
19316
-24442
6985
-20974
-7118
-21655
2453
-29773
-1876
-7695
-32543
19247
28337
9113
8306
-6252
23208
7307
6457
27385
-20554
-20704
7187
-27748
-15787
313
-15586
23455
-791
2401
-4369
30655
-359
-24162
10173
-16954
27300
-29381
-26879
6163
-28133
-25896
12698
-24524
6686
-25183
-27930
21499
9493
11889
15153
1126
13572
17870
-23779
-20789
-9540
-4179
-12091
-30050
-29840
-19442
-17268
-29060
28802
-11651
6907
-26827
-4624
22277
7362
-16193
26106
-15271
-29818
5156
3249
-13392
24617
18559
-4525
-2589
2873
11478
-8972
-7452
28673
14125
24469
22254
21343
28599
31647
-929
-26623
27733
12592
-16528
-7063
24366
-23485
-28030
15610
-29894
-1916
5543
5778
24533
345
9830
-27389
-197
-9804
-18419
17618
15815
1927
9732
-24983
21185
5866
11648
10432
5695
-25326
16864
-27953
-23470
-19041
28206
3223
-27593
-27961
2546
-12670
-27815
-16222
-4204
24085
9092
-31010
18672
-10852
26337
-28701
-27783
8627
14657
-30497
-25187
22091
-30379
-28129
-6912
31754
-18725
-6562
20600
20229
18758
6963
29931
8693
32435
17533
-17926
16489
20133
-1282
30226
19714
5991
-21081
11653
19661
-25046
8302
13101
8431
1977
-19265
-20204
-29362
29179
-23352
22646
9018
22444
-7311
-11636
-26946
-28848
-5816
-2136
31577
-29151
193
-24963
-13915
-13959
-26544
-2934
4409
-27463
12041
-5689
25333
18421
-30067
623
-5786
-12050
26847
-19564
3503
-31550
-21531
-3978
-990
-24271
-4170
-31672
5763
-16856
2758
-8232
-4920
-20376
-23599
-20287
53
-5977
29707
24348
29667
5705
-7430
12029
-4498
9305
-19500
28403
-26833
15295
-25958
-32535
14266
31847
13397
-18306
-25082
-26537
-10915
31468
29364
9165
28967
-23907
31442
-9642
23703
26181
-748
-17032
25078
-19790
-24104
16548
-11623
5680
15439
32117
-8340
18817
20730
-22505
-13571
28858
-13803
10248
-4879
-13164
15284
-21215
5800
-25078
-16132
-4330
-14670
-4693
13101
-4423
-6026
15499
27648
5008
-5445
14235
-18543
-9929
13933
7880
19322
-21776
22494
-4038
31814
5983
-1288
-30329
17713
-14848
-4136
3061
32344
7462
11398
10321
26269
2498
16863
-11048
30328
-27427
-3847
27071
4465
-20202
-7222
-31881
-25779
-12561
-27027
-8990
-10205
-21150
-13149
-967
27334
10804
-31008
27357
-8908
-5170
20364
18656
10584
-11591
-14928
1329
26268
14080
-13686
8332
3346
-14104
27732
7468
-26113
30359
-8140
-7577
-24014
21085
-27402
8943
-15911
-4392
32547
-5979
21977
-11885
9201
-27051
25427
-3017
13998
-9668
2239
27708
-23524
-32135
-24887
-16716
-17339
-25112
5284
26803
-9671
27701
12277
3628
26066
8803
-5721
6913
28664
14921
-18528
13372
-10675
-14971
-32635
8886
-18442
-28426
-2081
-2055
20483
-31335
14156
8589
-22722
-14192
-30003
-19042
752
-6318
-8528
30745
-25985
7140
-17307
-7309
1379
27843
-31761
-4318
-1217
-13538
20647
15919
-7762
-24230
-14148
3453
-14569
-23514
8696
-3276
1009
-25930
12181
-31814
-15134
11543
-22206
26734
-32344
5495
24264
6034
-13542
-588
4529
30374
-5698
-16814
23932
-28183
8263
-11021
-2251
-21967
21673
9756
9431
-16534
-14984
22294
-29616
-4415
26665
-12793
5710
10125
-6369
-2866
-9866
16318
5796
5038
-9461
29685
-19711
-29712
23069
27650
16943
-7515
25344
-7094
-32616
-8528
3811
32339
-26839
32266
482
30063
-5843
4609
-25414
24919
-19644
-16927
-27287
-23040
21836
18362
-24512
13665
-1648
9276
17571
635
21419
-25265
28470
-12997
14558
-19504
-29607
19798
20828
7133
-15557
-2660
-21058
12588
21385
-8280
-23792
23568
25271
15328
3077
21953
-8144
10226
14558
22211
13266
-12921
13157
2303
10999
-19385
6696
17679
-10748
-3115
14462
-7873
19105
-16295
-21711
11529
-21540
-10673
-25002
14480
22882
-4170
10607
6683
1692
32713
-19639
-24147
-2187
-688
-24363
-28914
-28560
-1321
28733
9508
27060
-22349
5833
32506
-29567
-10707
-21743
22644
-968
-10395
-17174
12769
20408
6341
-27397
-20754
19325
9011
-4837
-14426
29073
-9976
1707
-16981
20942
995
1464
13827
27543
-31918
-2466
2171
-24520
5769
22833
14279
-12908
-32484
-23115
-6178
9372
-11283
9891
12011
22030
6612
8495
-20075
-19833
30591
-8432
23850
-19454
-11271
-31386
30814
-32537
31368
32574
5415
31038
31918
24467
7260
-6788
-27288
30780
-29420
2757
-9092
24434
9553
-28578
-29545
5113
-7886
6833
-3111
-4454
-30765
-3285
-14700
21366
26981
9823
20028
-20820
429
-22965
18183
23549
9771
-9411
28177
-27605
-18801
-22665
-30155
19354
30951
25340
14237
-12490
-2239
-29399
-15785
-1875
-29893
-9111
475
24154
32655
-22366
5022
24313
20093
-3251
-6027
-8488
1196
9177
-10361
12230
32162
17978
-18715
27585
-21806
12057
-31985
25141
-16716
-20278
-14853
24345
-30758
-21485
-4284
-26647
13323
17488
-12281
-9236
20708
30519
8424
6880
142
-5655
2160
-29045
-15554
17261
-31186
22312
1218
-32361
-21337
-214
9716
-31295
-3885
-16044
-16883
11290
19845
-11906
11529
8530
19444
16403
-23791
29363
-20278
-24177
26347
16496
-2738
12832
-15561
5771
20936
-23358
-32351
-17588
-10299
11022
-14572
20845
-21171
10795
6399
-6907
11302
10140
8273
-31140
-9089
276
-16651
-31772
-11063
1285
31376
1647
-30022
-15026
9599
12824
15228
-12746
-28254
3657
-32402
-759
-21853
-29980
-29652
-2512
-7194
24468
16233
12638
32470
32323
-11551
4476
18691
-27053
11820
-16553
13117
20635
32323
30817
-593
2647
-20273
26151
29035
-15846
-15720
7961
6094
-9439
7114
-27564
29824
25063
-14768
26175
-22782
26809
-26427
-14360
402
30477
-7301
-13647
25335
-13417
20527
-14815
-6488
372
6553
-4357
-2188
29545
27885
-23266
17446
19732
-8439
-11763
31692
1654
17381
-25175
12425
4899
-27931
-568
-7455
25843
-17606
-13794
-30269
-26923
-7998
26194
4393
-16714
-32207
-28346
12949
3853
-25754
-2548
13047
-6256
-24705
-21146
-2771
-28134
13019
31491
-21340
-32521
11999
11905
-12377
-17669
-1867
24983
-9601
-4325
15307
-16767
491
9462
29060
24875
14165
12755
15472
-29868
-22127
-29921
-455
15362
11394
3418
-29461
-24756
29525
31581
-24970
12598
-23674
-28359
19068
14072
1777
2097
10057
-9427
1357
12180
32015
-2565
25524
20474
16749
-22985
17636
9599
31006
-18390
20669
5967
-32514
15147
-23634
-2513
-25466
-23308
-17103
-3563
-26720
-20612
24340
-30079
-30261
-12091
19335
27382
10213
-8177
-16308
-14845
24547
-31310
-28963
16347
21910
19387
-1344
13497
-6390
-17692
-10762
-2278
9691
30752
-27786
839
-21649
19822
7055
-4232
-12158
3946
-4746
-24214
29343
-13521
-27938
3743
30657
-30412
2278
-29736
28780
11166
-24787
12749
-5802
5024
-18887
-18524
1213
-18522
31987
-26152
-27686
-1095
15120
-31854
17563
-10879
8569
28306
16668
24865
-14343
-15191
-12899
-10091
15875
-31507
28060
32617
3762
9016
-20852
11244
19755
-9675
-17816
-16253
-31640
24084
-6059
-3125
-31536
23019
-12889
20429
-4742
8569
16884
-505
-1137
13013
-22305
-29854
-7795
1834
-31969
16435
23026
-27371
-14540
-23403
2625
6737
11988
18145
-25274
19644
-14649
15066
-24200
975
22819
22846
29371
12901
-16833
23056
-2434
-32233
28422
31416
-28379
-6265
16414
9359
19126
7853
-25805
-1613
26730
-4182
20354
17477
-27025
-28529
-2979
-31844
-1746
18573
-25154
16309
6177
-20401
27786
16867
28528
-28438
5855
8830
-20182
-217
23443
-1350
7459
27878
7314
21252
29279
-13116
-21724
27404
22799
9471
-24508
4041
-20707
31139
27370
-20244
-18973
30584
-4820
21659
17954
6500
-19670
26810
-8223
23189
-22825
-4405
-29961
-29976
30960
-26512
3455
22721
9195
-10919
-229
-28039
18605
-20668
15111
17164
27868
26258
-4667
8128
16429
-11102
-9493
29888
8770
32041
-27480
-10425
26631
-16783
29718
-1468
-25074
-26896
3437
-2444
-15813
23916
-29276
15762
-8628
7196
-14505
20435
-13826
-14048
20061
-4056
11142
9003
-25144
-6987
19343
-16563
-12325
13711
6618
-13476
22627
2765
25574
-31709
-16817
20278
13824
19961
29546
1766
-14779
-4853
-4148
-7259
-25537
31985
-31442
-15135
-12422
-19248
-6144
30420
17803
18631
9849
30294
16756
-994
13875
23420
-28975
-27664
-14196
16790
18499
23718
31452
12849
23079
-12365
-29202
-3990
4954
24200
-6179
7141
-20300
24508
7588
9452
4529
10994
-14513
16128
-20628
19549
-6516
-5136
28691
-23166
-30226
-20339
14795
17920
23891
-7445
-17051
4586
7109
23251
-31699
-18283
172
2047
-32474
-10100
-6704
-24670
-26020
-8588
21497
3233
18195
2936
-4972
-6204
-4047
-7018
-28529
-23394
25935
-19087
-12018
576
2481
27195
-23957
4173
43
19378
10899
27860
-11388
-21316
-797
-10129
22609
8119
29585
18729
-5644
14386
-22627
10626
-9752
26625
-23281
-14281
-1966
-29172
-4534
-3597
23059
-24725
-5553
11202
-12744
18537
-21012
20994
-4013
-11296
-30868
21876
-9203
247
3408
-29114
8242
-19326
26359
25952
27852
18882
29019
22947
-26059
-11591
29338
-3404
9270
28835
-16031
5551
-30052
2140
15640
13839
-30948
3468
20386
3554
-1767
-17509
-10131
18199
12422
3765
-5664
-11040
-23405
-16224
27313
-22656
-8424
-31235
-17608
1626
-26253
24536
22697
-4274
4146
-14120
10791
-17009
22245
30778
16384
-23625
-3916
-7688
-22781
12094
-16988
26193
20026
13126
17202
-8262
31988
31509
26491
-9266
10959
6408
29232
-6291
8237
32471
-5352
17962
25759
21395
23609
-15179
31106
-18967
-32096
-8769
-20813
2173
17416
3548
-4210
3476
-20332
23246
-14912
-9236
-29036
12167
24303
-22296
-30564
28533
-31735
-28000
-16562
-6869
8142
-20883
-18643
-25189
6994
26561
6958
20261
-9941
12462
-29081
-10521
32496
4434
-4416
14123
861
9846
-21244
25672
18971
835
-8836
-12782
18804
2422
19860
17222
-31567
26409
4895
31357
12817
9108
19735
11302
27542
5
15494
17696
-14692
1979
-20018
-24769
2851
-13970
-25711
7387
-3570
25502
24977
-10015
2479
-21568
19700
11062
28720
13054
-1111
13258
-16255
7304
-17906
19092
28591
-17145
-10965
-22953
624
-27025
-1634
22443
6468
-24328
-14623
-27499
1738
-28205
5221
-4710
-13408
-5859
-4106
-17744
-22951
1277
21608
-13342
-27573
-5130
-6108
5937
22796
8248
-31845
1530
-1962
-16857
-514
-8106
16619
-29315
-9913
-26299
-25634
22807
-3013
-31806
-26628
29012
-11733
-19064
-17517
26315
-2534
-913
23423
30606
-23103
-8139
9166
17685
-32665
-31220
-404
23133
11975
-30689
-20636
-3602
27679
24287
26739
-28654
-1666
23137
-31609
5552
5551
21046
7553
-31252
-4460
-15837
9424
20072
-25328
-24541
18816
-1432
-25223
-25481
-19478
-26352
-30483
15205
-608
-28022
18896
13770
-18310
16737
-22140
-20554
-9564
-28446
5145
615
15210
3790
-22327
-6473
-13612
10126
-29646
-28106
-20758
-9170
21549
19600
-26891
10346
-6538
-13160
-11241
-15020
10303
-21630
-13058
20326
2768
-23658
-28669
17249
25684
-29806
-12366
18224
-6308
-8968
13867
2
4125
18459
-17490
25444
8804
18239
-9010
-4313
31872
10418
12562
31039
7272
16744
6414
25461
-6402
14207
-20170
-261
-3934
1794
5493
27593
10168
22407
1283
8278
-27488
11671
-23126
-5746
-23727
27992
4822
-16368
11530
11771
16752
25887
31890
-20059
27245
24163
12968
-17591
-27294
-12932
24826
-15746
-12479
3893
-7991
-16743
25479
-3059
-26098
32514
-27204
-22949
16215
-32602
27653
-11069
-29035
-12994
-12901
-10918
-23444
15386
21224
8764
-4935
-5868
187
-14655
-5943
-16349
6546
-20005
12420
11191
31776
10921
908
-14162
13803
-2816
-6677
31880
-1252
-21728
9023
-874
24082
6856
416
12236
8245
19046
22825
11201
-3551
-26914
-7359
-17936
8864
-11945
30207
30682
14595
-25947
8949
-1361
28904
8990
4595
-4423
14259
12517
-7023
25698
-15092
13935
7306
24279
32682
-1447
-6355
-31618
28681
-31443
32203
25495
-713
3791
-18617
-10970
-32
-2513
-21927
-29002
-2957
