-4830
-32570
-18041
624
28481
12938
18310
5371
24926
25431
15040
21510
20558
14448
-10019
-2712
24930
6159
14484
26254
-557
15341
17548
2887
15821
14784
-13834
3989
-17564
-25883
25320
16292
-8680
28548
22223
-8432
-26857
6849
-7206
-16537
27412
-30360
-24841
8994
-9757
-1179
-19346
-6488
17705
-16594
22063
-22493
-17818
32136
14791
-10322
19728
-9304
-15254
30778
-10281
-14312
4855
-17253
-3389
5316
16986
-29766
-1692
-21326
804
-8528
-22553
-13206
-23696
-7623
7431
27814
11386
-22130
16191
-3120
-16362
-14739
8150
-12556
-15370
26467
11796
31615
-13240
-3014
-5265
-19327
-21330
17981
26200
20602
-15378
-14794
29585
-2216
14143
-6731
-5836
9235
10269
30947
-3954
13572
4078
15885
9616
3898
31903
6806
18008
25411
9759
21274
17939
-31708
13281
-3531
-1667
-4644
-18660
-8644
-2205
26810
-13120
22130
-12503
-30524
13740
22556
17715
27825
15551
-4037
-9100
15333
-3683
-30042
27954
30845
8876
25187
-1227
-13330
24030
-21315
-26272
1596
20871
9314
17240
28929
12691
31319
-25322
17402
18501
-5315
26872
17501
32372
-28705
20894
14985
-11933
-20144
-9541
-16633
15573
17378
18291
-3847
-16858
7413
-26947
-5201
-20355
-8928
-14118
14964
-949
-30488
19822
-29888
-10101
17064
1921
-20288
-23414
-25254
10413
4496
-28481
14813
-28599
-2329
-13561
-29738
-15682
10179
27557
-18420
-4415
-3677
3308
-1761
12217
-23718
12461
-31193
13347
-19536
-13819
-402
-13793
13416
-30155
-24358
-28854
-10703
-18480
14626
-6424
14119
32091
13133
13499
-5683
-17172
772
20190
25675
-24144
25047
2643
-30684
-3028
-9885
12431
-14992
26278
-17800
-8000
29960
18143
26075
-16098
-9424
-11615
2912
-17312
-6840
271
26145
32001
-7089
21522
22024
12583
-16818
790
10585
-29334
15424
21920
-3103
-925
-5491
-1774
21286
-1278
-24459
19743
-11382
26781
28562
608
19742
22391
2866
-17745
9292
9025
30979
-20197
13995
-12869
-26582
-31161
9970
7382
7119
11813
-21422
-9695
19893
10017
-29766
29715
32604
-18617
1011
6501
-2784
15342
-5057
7097
-18203
-13047
-28207
5872
-10766
4476
-28722
-7979
8987
25761
17515
11892
-2174
-26424
-3660
-8341
27058
-6561
31460
28928
28901
-19702
-15550
-12779
4122
-5579
24110
21459
27590
-9594
5253
-15725
-19576
-14354
-14298
10702
-2772
-1701
15956
16861
-23947
-21309
6695
-2063
26510
-9786
617
-5041
3016
-1928
1778
-9890
18494
32426
-15583
5072
-25563
7364
-12807
3530
-19776
9181
-19982
18567
24260
4127
32587
-21546
-30146
14742
16686
-2658
-30003
31275
2738
17932
10105
-9795
-19909
-164
26357
-1937
30797
5637
-10504
22417
5267
-25868
-6192
25992
14651
25240
7429
-7157
-10050
-18083
3681
-32208
-1187
18924
-16365
10269
-18255
7438
-19096
7134
12607
25226
-18689
3519
-13157
-3678
5850
17599
-27632
29319
4325
-20625
-18458
-28671
-7355
-2839
808
-27355
-1395
19205
32660
2855
-28795
-9693
-24604
32674
-24599
12380
29411
-7403
-18947
23875
21418
17157
-18638
-5886
-5135
-1409
14463
5982
9064
-20661
-13109
22999
8851
-24747
29342
-13207
-9195
6790
-27985
19842
-28397
-29815
16671
23571
-4620
5507
-7100
20691
17289
-21752
32583
1393
-21794
16091
-14314
-17190
27680
-16744
-5932
20002
28639
-13434
554
-370
22764
-24762
2640
-18227
-10549
14543
-5668
-28026
18819
12440
4258
-9063
-26739
-21237
28338
6840
26217
-25206
14503
9412
29503
-10356
30861
27025
158
7125
-29741
-17964
-18891
-22925
3134
5747
-16096
-24270
10459
20501
-17248
-22474
-30859
1085
10823
-14225
-4237
19894
8129
-32688
-7420
-23349
9039
-3093
-2396
-24517
-14039
22307
-32724
13540
-8046
6997
-17377
15231
-511
1564
4573
31443
-29017
-10462
11805
-28003
31232
3065
15798
32137
-5784
30451
-9725
23896
-13021
-28590
13187
-31827
-189
-19471
-3024
28896
17562
14857
-18175
-9030
14917
-9372
-31414
30836
8910
-31418
20767
-29172
9903
-32725
-5283
7020
-25072
18747
-18230
-1847
-24451
-27785
16285
-3390
-21573
27963
-6080
1191
-6218
11255
12924
20211
-23217
7555
29434
10117
-14317
-23430
4287
26234
-24930
-7032
31549
-11448
-4786
-14828
27712
-6333
4917
18684
3651
29263
-15298
18219
23377
-19997
-18945
-9342
-31024
-4396
15124
-4824
8758
27713
26470
27636
21564
5585
7973
2258
20643
-13425
-18698
-12957
23117
-2070
-7805
-17733
10712
16225
-32025
-19355
-20460
-13379
20774
23122
21522
13271
178
4423
7592
-13361
20987
-910
1104
30284
27244
-18267
3756
-1711
-3936
9729
-26824
-12047
-6162
4068
26207
8210
8962
28329
-3490
-16025
-28620
-20410
32467
32736
-8470
-5212
-24256
15643
13497
-25971
-20051
11984
18088
-3210
16989
-5631
-12024
29589
8261
16011
7557
-15221
-30683
30588
-416
24723
-6374
25255
-28002
7612
20722
19411
31856
1303
20322
-5213
20919
-25697
2864
-29874
27947
31049
9443
-18043
16828
2573
8013
-24204
-20116
24487
-6550
6705
4261
-12320
15697
18157
-19067
17219
12932
-3475
16029
-2525
-4969
23037
-12976
9703
29389
16485
-6303
6399
-13364
22874
-28976
2449
9083
28577
27063
27467
-31294
15743
1965
-21112
-31815
1527
28854
7318
-26706
20198
18899
7948
31959
-4289
-22816
31429
22938
-3408
847
31740
10263
27499
24637
-32014
19472
22625
-8608
-3721
-28183
-28381
-21481
22470
20191
-10472
-23734
-13322
-30083
-22426
13042
-22738
80
4772
7291
25402
22665
-11418
21583
14121
-28584
5411
17106
-7350
14045
-10190
2329
-24696
-15822
-9303
31465
-23754
31640
-10180
25844
10649
-28842
24513
8812
23166
691
19725
10603
-983
26254
-26899
19405
24516
24610
3242
-7402
4127
16764
13961
22375
10197
13638
-22153
10637
-9987
6961
21671
-21109
4336
-23061
-9265
11239
12874
28895
963
-13210
16889
-21171
-11953
-13697
22290
17444
-12519
-15648
6419
26784
1974
-32513
-16406
7187
4049
-19744
-10685
-27709
-17150
-13268
-22301
-32567
13856
-31177
31316
-5338
15910
3300
-10398
-7493
455
-7250
-31226
-5011
-25579
26620
14843
28741
-22359
-6403
-4857
630
13285
-31953
18887
6159
20894
18227
3
-16115
-8662
-8633
29074
-11304
-9838
26747
32644
19600
-13728
-16259
-9181
-7846
96
20672
-4945
-15097
-3333
21809
-29969
-1827
-3768
7538
-15999
5501
-23313
-5465
22577
-10468
19228
-28891
-14203
-25100
-31962
-1694
-7327
14681
-7852
23695
-17724
-28389
-4806
25934
-19143
24011
-2726
-3075
-12644
9652
2659
-23955
15258
-14629
-5185
24534
76
13317
7529
-7136
-25566
12937
-14886
-16751
-7803
9751
-32126
-27649
21940
22969
-31778
-157
-14622
5679
18804
30955
-28392
-12397
-20494
22518
-10106
18877
-8180
-15857
-14161
-6941
-21363
12089
4114
7940
-20711
6140
-16988
18415
3779
15209
-1407
1186
-8344
-11688
14421
21976
-4805
-14953
-4598
13658
-4708
-3762
-17820
28857
11750
10735
-18898
18891
-27709
19410
13511
-11076
4348
-7495
11609
19425
-18969
-10240
16762
13361
8651
1373
29209
1966
4759
-22885
-31838
13162
9494
-18216
-11085
9076
22718
-3478
9991
-6096
-18875
29420
29034
-214
10770
-28864
6555
-29253
-10754
-9977
-7286
-15327
21630
-20468
1603
-10527
28306
4595
31385
-17684
-14130
32083
-13229
-24311
-4747
-24869
-1810
-31069
26031
-4933
13961
23104
14112
3117
21749
17352
1069
17573
-29176
31769
27381
-19363
25462
3082
-14386
15317
-8981
-4396
6639
19237
677
-14413
25709
-29173
10376
-24903
1353
-13154
-21493
32432
-6715
3410
21452
-24430
-8488
733
24839
20366
-18078
-5706
28090
-31528
10922
-15099
7830
7966
-12633
31917
-29834
25473
25079
4842
-24871
5119
-27004
-30352
-15776
8885
-762
-11068
15558
24159
-21718
-13692
29201
29577
-9282
-26324
-16398
-29267
-7925
3515
-10606
-14888
28584
-26829
-15283
3881
-8445
-1382
-18530
25463
-3727
-10188
9023
-2609
13398
15482
-22321
16702
-6440
-194
24667
10278
30535
6996
-7961
31872
30614
-22328
-18273
29962
-226
-17349
19780
25311
-7265
-19745
-31918
24473
-7100
-30795
4069
18392
-29982
-7631
13065
-3478
22741
23865
29673
-20069
-23677
13830
5807
-9780
5006
27293
21595
9497
-32041
14450
16287
-21558
3511
-14998
-27737
6509
-5533
-9848
29083
-554
32385
6792
-11982
-23456
6065
-13862
5859
7317
-20549
-21691
-1581
1368
-19891
5417
1804
30804
14050
20312
-14255
8147
-13890
-16761
8354
-11667
-8164
28085
-21729
-29070
-14480
18668
20774
-10162
-15805
-28179
-12841
13358
-21798
16212
-504
23031
-2529
20820
2
28231
-31050
-10001
4831
-18142
14789
3573
21540
16926
14171
-6455
30991
-4931
9490
29049
27739
-11804
-15313
8669
-30563
-29804
-24902
-20676
23495
7354
-12984
-3680
-4047
12713
-21254
-493
22317
-5801
-32688
4189
20643
21886
-27660
29304
15868
-10594
24203
19936
2110
28637
28860
-8281
-10024
-6750
-32076
-10368
24697
24883
-12249
25656
28745
-9166
-4017
-12046
17187
18823
23882
-7893
-17631
27066
-4320
-6870
-26
745
1490
29858
5235
19642
-24634
-20250
-16381
-15827
-28905
-12533
31052
2915
27221
-19257
-12623
-15558
-28731
-10644
9529
5695
4304
32377
1878
21780
-18021
-1862
-10199
-21903
-20709
-22805
-21301
10984
-231
-10898
28688
11134
-28379
-13537
-11562
3943
-26768
30952
-7011
-251
-10260
25216
12561
-17073
10798
8689
6051
-28358
13470
-28872
6456
24166
-22772
22247
-20224
22834
-13457
8277
-26026
19563
30106
-16845
-5609
-12457
4864
18506
25670
12007
-29765
-16999
-23480
25127
-26055
30555
30572
-10450
10356
30580
-16435
-31818
21918
25263
16044
17158
9384
5262
-13209
1491
-6450
22318
-26426
-32611
30055
-24374
20262
-21279
-30138
-15007
6273
-10164
-21884
4060
31735
31690
-6730
1943
-13150
-29093
15357
23161
24047
-19934
-5789
12647
-21751
22936
8230
-6342
14462
17329
18195
18630
14771
18161
22865
-31534
31720
-27057
32187
-8024
5782
-4373
32665
-15030
-412
-32536
26386
32019
-27043
12446
-20965
-8440
26674
-25122
17223
-31807
17427
25797
11919
8649
25926
-28737
32689
4267
21107
27898
30340
-31694
407
-17077
32468
21114
14047
-20439
4606
17453
-11538
1331
32051
6256
-14066
-2285
-19328
-20773
2685
-10373
-29679
-10376
7740
14134
-28265
-32514
-5659
-21296
-17652
15109
-20478
-11822
-14511
-21670
25510
12737
8766
27065
1881
-18506
-4915
24329
10567
-18506
12840
-27241
4801
-16502
-67
-16685
19697
-17498
-12237
-3656
-22791
-11443
31177
-12218
11200
-2099
7738
3525
14885
-19634
30013
23792
-22258
-17621
-6442
29208
-32468
-23027
6315
-18766
27594
-11346
-16208
1787
10597
29924
-29630
-19872
19332
-4518
21908
20931
16323
18726
24744
24514
-2850
20494
-73
18532
30685
24694
11397
9772
-29679
-13027
-1149
11073
-29562
-6601
21171
23147
7530
-4188
-7641
27883
-8820
26678
-25807
-26012
-11135
-9259
9791
-10376
12986
27774
24448
-31533
-24133
25070
-25719
-870
-11946
-8148
24728
-30885
22948
-7014
20512
-28165
17414
12825
2522
-31190
29962
-30193
8715
12326
13630
-7883
847
23186
-4134
-14145
20879
-9749
7667
-25091
4636
19674
-4656
-8706
-14890
19845
21795
4597
-8211
15823
5650
5691
675
-10
-8268
-24462
30786
-18289
-27935
-20062
2190
1432
11459
11782
24408
17998
13012
18605
-24491
1818
4501
-25209
-29697
25535
-7658
13201
7668
-6147
-8202
-4240
7634
-2231
-22168
-22884
-27108
24122
-18209
32129
4068
5884
12341
-31122
56
-9504
-12772
9004
21342
-29904
9758
-14076
8741
32233
26309
21746
3529
28748
27355
-17419
22299
23967
-15134
-28797
30686
-7690
13919
-20080
-7438
14805
-24345
21772
-14068
21670
-15909
-30730
18799
9104
-26475
-24527
-3850
28109
-23832
18585
-28785
32130
20306
31248
25485
3123
21997
-27280
22503
-16064
5681
12953
-28803
-5635
9769
-3168
19307
5874
9565
-6600
6381
1931
5771
32353
-12664
-3009
-19874
10679
-10510
-16251
22564
192
5687
5724
-15673
4357
-24579
-10670
28966
-32175
-11790
1203
10244
19476
19857
2599
3343
-29262
-21645
-22778
12323
-2652
6884
-20946
17944
18979
15948
-28760
14137
31219
-15924
2665
-23913
-22236
-19170
-32418
-738
-1334
-23980
-13547
-17600
-13461
23012
-13298
-25766
-5572
-15247
31814
32307
-67
-4773
8399
-1889
12143
18224
20008
-21528
-32566
13261
-31260
21034
-13871
-1837
-13764
-7426
1539
-16522
13675
31087
-19458
20859
-14489
-32457
-8897
-32690
-3849
-31079
-29467
-12828
-20686
-32431
5777
28100
905
26229
-26413
1006
-24600
6905
-25465
2421
14407
-16514
-31478
26414
4136
-9869
25408
32472
-9526
-13844
18891
-1164
-15794
-27013
-2646
23867
7233
-27294
29299
22137
19909
2477
25799
2000
-22129
-25175
9641
-18651
23767
19705
17202
-25164
-13417
-25332
-5926
-31351
28131
32752
-29887
5450
-8444
-32100
-21981
4544
-22462
4344
-3892
-17307
28208
-10296
-31423
3986
-6101
-17883
-11013
-738
-3894
18391
-21662
25271
13980
13439
-3705
2741
32548
-28247
-29466
-31234
6291
-24614
12508
9596
-1824
11782
-15997
-18479
12922
5411
-16876
-14328
14524
-29521
5589
-1125
20872
22807
-1446
8230
-10686
4302
-22124
-13518
30364
25379
23709
18105
18390
28453
18462
-29881
-21076
-22007
-30865
-20313
-7518
1170
-5574
21084
24832
1724
-25790
-9806
-17784
22112
20811
13954
21571
-8937
-3749
-19746
-11089
-14282
24554
14694
7394
10890
-32723
-22009
28496
-19267
-8690
-23046
27691
5354
17308
-3368
16976
21289
14651
-16152
-30864
-30972
27586
2712
-16587
-23990
18504
-20284
23254
21350
259
1215
-21402
-2172
-32638
-12221
9310
28802
-6922
13826
-1559
22236
20385
-12098
-22930
-9061
-4222
31214
-17108
-12811
19452
21748
14125
18425
18792
-881
5808
-19945
-32644
-25323
5920
-19340
-21478
-15244
-11994
-28916
-22454
19960
31592
-14049
23260
17353
-31765
-21458
-6719
8457
-12175
-12059
-26125
20449
-29687
11838
-4967
-14979
32183
259
23062
29737
2139
-1133
-22981
-22300
9464
19647
-19882
6505
13176
-15437
29020
-1148
9339
32639
3823
6017
7468
-15191
1360
25233
10634
-7730
24091
9452
-31074
-26037
-11112
26850
-10150
22977
4609
8115
9924
29362
7408
31751
25659
-32016
-27436
-9365
27301
-18491
6980
21169
3688
20928
-7201
-32207
18593
-29298
17643
-30203
3486
24642
-31018
32032
13466
6223
3380
-26067
25548
30164
21204
23417
-2824
-2496
-1649
-19812
-11390
32537
-8240
12191
-5247
-24297
12421
9546
-310
29070
-32515
-27424
18228
21734
-14631
-13494
-6370
14377
-11780
-17820
5535
21637
16982
-29514
2167
-24664
-18412
-26440
15088
-1293
-31438
23512
3470
-15986
-5887
11439
17677
-13209
1679
13796
-7090
20346
32445
25286
-32230
21190
-2544
-10809
-2419
-32768
-17014
-22736
4542
-19443
10056
-6581
22341
26438
32142
32419
3031
16299
20811
27307
-19074
13001
-19587
640
-4320
-27285
6411
-6883
-19370
14369
24336
-20246
-230
-29816
10263
-2749
15352
13307
1654
-14435
31145
-12538
-17188
-18698
-5217
-25211
-17666
7058
13504
-18466
8741
-31788
-10986
-6942
24041
-26303
31482
14273
24270
4683
15711
-7665
10356
-5567
-17071
32615
-1300
14784
-1179
-30816
15172
13112
-16766
-16657
-12212
-15016
9744
-4674
-32332
12256
16077
32005
-29249
6985
-20428
690
-7096
-11297
-10693
-29517
11705
-8726
-5967
-6140
20757
16163
-3707
29902
-28086
-11468
-12692
30436
4358
-14216
-27487
24121
-6453
8445
-192
7106
27165
3445
-6229
-9968
-2936
13745
-4147
-30207
-7758
-11151
-28667
8533
-22476
22508
-12973
7394
3172
-21443
-5868
-25578
-29031
-16433
8861
16755
-21917
-5184
8339
30986
3386
-11633
17914
6652
26976
5854
-17928
-5221
-32388
-7130
-7119
24455
4702
16063
19034
11859
10006
3529
28350
-19452
-19602
-24695
-31277
-25246
-12781
-29813
4250
-8107
-22166
-20976
-29978
6770
-11293
18382
23116
-10544
-24339
485
-27989
4197
20407
-28184
7288
1398
-19308
27143
20639
-3343
-26679
1340
20762
-14379
-3212
-1868
12181
17637
5482
-2986
24097
-25200
18521
26748
22053
13794
-23954
31586
-27268
13441
-30829
-25737
19847
17883
-9354
-23389
8760
-27577
-10869
12133
-26584
28360
-13617
-25121
29756
-21809
13956
26906
-13609
32502
-11901
7572
4225
-19902
1456
-8226
20013
-17390
-217
-22092
24531
-11094
822
-25792
17363
-25521
23197
-3874
12088
-7164
-11101
-12610
22360
-87
-30235
-11631
-19193
25001
29303
11748
-7921
-15630
-16547
-14232
-25614
-10961
2392
13406
8718
-7848
1594
530
27838
-23142
18292
-28876
7660
-1414
-19429
11606
28467
-11968
17369
25726
-18444
26179
3616
14258
3615
-14149
-16803
-24872
10756
27040
-6784
-18210
-12769
13721
-15985
-18205
-8091
-840
13973
-8259
4120
31609
148
-16272
21353
-3356
23483
-31191
3456
16222
4213
-211
-4430
23936
19764
30962
-17740
-23583
20926
-28703
-32493
31166
-17184
1156
32366
31812
31381
-16345
-2189
5613
18241
31499
31541
19299
15600
-11094
-32503
30612
30376
-3113
19078
-4142
-2334
-2932
-9356
-17738
16212
26481
28322
-12461
2084
-19325
24357
-22688
-14051
8803
-22728
29794
-3130
-9946
-22819
22486
26254
4412
-4148
18498
-24745
1596
-26081
29801
11923
-2172
20105
-12485
-5182
13682
-26497
-11625
-21114
-1601
-5592
13278
-24136
27284
30823
22085
-19359
1786
24055
21749
8023
32379
13028
-14908
12097
27241
-3130
-29582
-7130
-256
-31755
-26481
-31946
-6757
25317
-9286
-30093
2803
4199
4465
-27897
21531
-17829
-20791
3506
-6243
-9441
-3648
18027
-5822
12881
9149
18409
-24150
13797
10470
31796
-6262
-19645
-9287
-11551
1432
-30728
-14709
-13625
-8623
30672
2138
17544
-19319
21293
-32579
26971
-13758
-10513
25637
22696
-22299
17570
-9383
13266
-18346
-19102
18400
4228
31831
10964
-17215
-18085
27914
20468
-13058
-2288
-12111
-22311
20856
6204
526
-20680
5371
-17560
-18691
-29334
24296
-18900
-17467
-8269
20394
5246
32249
7436
-629
-9689
-3839
-29642
18612
20841
-20027
-7019
15004
-3056
1185
11716
1858
-2914
7770
-18350
-29078
-22694
4810
-17671
-29471
-3446
28685
-14148
1282
-10095
-21430
-8068
-29927
13558
-25553
734
19529
15917
4288
-3642
-29617
30794
23600
-14596
-8601
20891
-14474
-30047
30493
-29322
-11089
22458
25154
10836
-19272
30204
-5092
-19325
4391
-26005
-17885
10381
30116
-20610
-8668
-29870
-31860
26643
-10913
-24939
6821
-30076
-26582
-28984
4479
-17123
16889
-290
-17163
16278
22210
14063
24550
5381
7965
23331
65
13782
7570
11864
974
16840
29608
-18678
-23611
26959
22780
-30234
21533
8611
23598
-26454
-9404
27151
-27848
-15462
8623
-8233
-10358
31117
14316
-22563
-6245
16279
-15783
-19663
28205
-8450
9548
-18792
3195
-32227
-29174
4793
28503
9975
-27897
-13698
4960
7045
13477
28315
22638
-31933
-12248
-20884
15872
14288
-11270
4971
15405
24000
4463
10581
-16076
1002
6907
27665
-27350
21453
-20947
-10553
-15054
29791
-18001
23593
11467
22501
2896
28459
20233
4932
18619
4690
-32387
25434
-32596
13999
-5799
-23565
-27708
-11777
2682
-32310
29933
17167
-24762
27933
18159
-19411
-14613
-1489
30262
-12180
-3410
-17564
-18436
-896
-5202
-18403
17738
-5253
-20264
-17911
-14670
-21742
19576
12207
-19391
-18861
-15654
28197
18298
962
22330
14082
-31578
22899
-8406
-24840
-20571
5607
11103
25655
-13979
4020
-6489
-25409
-8966
-4994
18354
13489
6475
-15287
7234
-29023
9123
-23156
-7352
12072
-23807
23747
10236
-1980
-25332
-974
19234
19475
12505
-1308
10514
-31312
8749
29292
1395
-14282
31405
13246
9223
-27259
32516
24100
-3290
491
-1833
20871
-440
6256
-3174
-4086
17045
3795
12498
17729
-9526
-15425
-11061
-20539
-18938
13543
31274
-9634
3166
11516
-21499
-11029
30967
-8436
-20956
28388
25239
-27143
-21352
17006
17707
-29124
-30285
3237
-16729
-4773
-17728
14017
16963
30377
-29229
12446
-15442
30404
-10437
31760
6853
-14546
1011
-6056
-1479
18500
15574
23191
-17427
-18579
-2888
29167
-5506
10459
-25893
16120
31594
-22737
902
-26925
5455
-27894
-20650
-26186
-23735
-26104
12884
5747
-11483
-26807
-20469
-28065
-13147
17120
-9306
11217
-28208
-14768
-8543
21340
23064
-5319
3719
24018
-15983
-5867
24304
-2561
-7016
-10272
4862
-25265
-14545
-15936
-14884
-7432
-6262
-28970
-29049
-13973
124
10720
29352
26982
-3748
-30055
-27532
11989
18435
155
-6756
68
15394
-833
8290
-2429
26813
5013
24197
-21736
12776
15081
22669
27515
-28332
7071
26512
31312
-11830
31275
3197
-1161
57
16086
-9231
9670
5355
-5644
-19085
14736
10817
-29623
5075
2186
24468
-23932
29566
-22388
24860
18884
-30820
19950
-11006
13439
16340
-1731
26531
-20154
-26753
-12507
-9477
-3719
-9822
-28495
-32499
10745
-6212
29495
-26263
-25751
17229
27291
-23825
-11551
31106
7255
28342
-306
15156
-8734
29721
2729
11383
7401
18637
-28599
23211
11476
-4241
15636
-15830
-8121
-8712
14772
-27946
24838
-29950
29211
-32637
5140
-11371
23233
-11568
20887
32378
-18140
-27403
-29927
-23486
-26175
366
20364
-19867
6063
16743
15696
-28072
-22195
1991
27805
18859
4429
-1385
-8560
-19370
11043
-24980
21678
28832
-26023
1501
-12591
6973
6489
6188
-8052
13823
27176
-8898
-19685
27786
-18296
-15233
4287
-13052
24382
-30354
-11392
-6357
20798
22037
-8242
-3197
20916
5998
-5986
30959
-31559
-29942
-3022
10847
8199
30006
-28452
-20324
-1304
-21554
17245
-2149
-737
8303
-3354
-26178
-14225
31031
-21234
-15554
31296
-1815
11278
-19740
-14347
18775
18201
12121
27637
10087
-7492
340
-8292
-11929
-25447
25804
-27998
16555
12000
25092
4845
-7912
-21316
-17221
23633
-22443
8504
-2944
16029
9472
-12015
15199
30638
29801
-29027
-9558
32466
26209
17463
4837
4937
20071
10335
-15783
-5780
-15636
28813
27382
-18430
-5913
2438
-29853
29342
26275
2109
3087
-701
-31486
17552
14878
17030
-1258
-27324
-28481
28106
-31337
-7583
30082
26549
-228
-8864
-17081
-21003
29662
-11494
-21914
-17743
3757
-17304
-2807
6740
5382
-27851
-579
-24694
13366
-22769
32595
-29125
-10902
30535
-18082
-19887
9500
10485
-2018
-24478
-940
23689
-2747
-32689
-12162
-20232
19453
-816
-7844
-6595
-12018
-28930
32720
11725
1532
-7265
23445
8027
2254
-19943
-16993
29264
27907
14037
-25541
2029
21146
-3766
25247
13685
-145
-30162
13723
-7900
-26044
-23095
19275
-31153
-17389
3030
-32045
-29238
11176
-31662
6680
28471
-31
31315
12215
27393
-29565
-4391
-23703
30206
-5202
-1258
-1953
-30695
-6675
26588
14384
-9802
30911
-2
-25889
17561
-21414
-15630
-16155
-13781
23862
-32233
-567
-29752
-30921
30168
14833
17053
-25022
-30083
15349
8499
-30456
-11119
-31771
13491
26038
-17295
-27949
264
-15627
-25352
-25496
-25786
26065
-17683
2906
5041
7422
19645
-17579
18100
-22311
21854
16814
-13448
1080
25848
-28085
-17546
-16683
14574
-31
-19948
-28484
-28283
12171
-10527
19203
-32216
31607
-3051
17449
-15265
-9772
-11901
6169
9406
5504
22880
29932
-749
-4010
5896
24599
-25884
-6692
-10579
25996
4118
-24841
-16371
23827
-18300
10295
18807
-31156
10242
17738
8268
28226
-5834
-7726
28318
-29848
-25012
25728
-1099
-21549
10291
-17481
6088
2126
-16308
16087
21812
-27155
-17050
-12110
-7053
-27755
-4401
-26649
-10715
-32639
-6804
-17606
-22310
27189
25889
-22966
-18770
-11702
16528
11831
-5816
29212
-31939
2188
12017
29875
-18661
-27433
14348
-19812
5409
-22500
5968
-12366
-25700
-16027
-28750
20106
22398
-17495
6491
31650
10121
-22325
-9034
10237
-14030
-8595
-20581
-8179
-19698
-16170
-383
12063
-842
28686
-2502
-712
-16479
3691
16807
-13416
13084
2836
29369
-23761
7940
24939
29975
3772
-23611
9777
29413
3844
19500
-19655
-31671
10924
-22919
-12809
-14412
29097
27718
26787
13808
-28848
-13003
14094
7863
23732
-1883
-27164
11434
1711
9101
475
-8342
-15795
-26200
511
13581
3739
22423
-17086
29721
17920
17587
11502
16524
-32077
5641
4300
-2468
1568
16063
-26810
4830
-26654
-1365
4019
-23083
-32538
26876
-11611
18804
-5990
15964
-10677
5356
32022
30082
3128
-26562
-6334
-21878
4634
-28132
5381
7398
2681
9110
-17202
16075
23984
27216
-28323
-1366
-4064
-19775
13008
31674
-20306
-24286
18855
581
-19450
30517
-18713
-32603
-15878
946
-25377
-15097
1317
-29131
-4597
-25758
26663
18769
-14027
-22273
-31113
10392
28931
11490
27273
30165
-17628
26030
21968
8035
-7300
-32339
-5911
-593
-27421
20474
-2395
-20457
-10588
29007
25239
31889
14161
-8685
-23107
17604
-3138
-23547
-12581
-13414
15503
-8958
23737
-21153
-13643
20194
23027
3608
-13883
18604
21341
1948
5133
-7779
4104
-25607
17907
-5093
20998
-15168
29843
15019
-2646
-26099
527
-29863
24327
-5033
-9454
-5559
-28523
8432
31964
14203
-3740
30525
25541
13931
28759
27655
28657
-23196
21081
22294
31025
-27888
31473
-18258
-28016
-25224
9348
17521
26012
-20551
11297
-531
9681
-3711
7514
-30522
24151
-10706
9427
13908
236
-26888
-16635
12524
-14448
-5217
28236
2439
28696
-17481
32179
17850
-23164
-1541
-24281
24401
852
-11017
-23532
22457
22494
-4334
11570
-26525
-31765
16099
-990
-7440
20943
9281
-23212
-22514
3078
6356
-27219
-10034
-1680
18808
1430
25334
-4421
11655
-2298
-2504
-18448
17424
-13111
-5462
-6265
-20084
-5069
13141
-9294
5061
10839
27249
-518
-28100
-23696
-5240
-25778
-10892
15583
-1453
2859
-19777
32205
4453
-16193
8870
-30978
-22727
30898
-8430
-3111
-13759
18428
-2685
31938
20697
-24332
3021
-21945
-3153
10185
19322
-8403
31907
-17702
29436
-6388
1491
-3566
23022
29597
24488
18616
-32116
-3865
14056
-26670
17019
5683
-1529
25232
23358
5504
-12739
32513
18435
-4610
-22793
-16453
1224
-9941
-21785
23819
2372
15313
8428
20779
9156
13417
-6226
5634
14083
13990
14309
20025
21766
-11996
-7765
-10655
-24477
21660
19886
27195
-18287
18646
-3309
-1952
-14825
-11051
8234
-26337
2941
29140
-9675
-29065
-23845
28485
-8106
16009
21987
-25777
-32195
18695
-27065
-18431
1747
-8403
-20964
32243
-15925
-16079
31062
26391
11370
-1863
-26327
-18031
-31913
-5746
-12296
-32508
-17642
3391
5288
-30953
-13574
10612
25329
-7997
32526
-21323
-31339
22829
8913
-31299
5969
10794
32559
-26667
-24589
739
-25114
-27897
16523
-6500
10852
21368
1229
-11108
25017
-23971
-12243
22268
20361
24439
-28979
32198
-15016
-14389
-27265
-141
-21684
-9347
28350
-4116
-4292
2753
9073
8425
-26728
10618
-7050
4006
-23935
23693
-5338
23197
-3
9704
13096
26921
-26158
-17500
11733
-21270
-22169
-9319
-13801
30389
-9064
-22647
19232
-31323
16297
-21505
-17648
2036
11084
-29351
20254
-9120
-2119
-26977
8240
-13485
11569
197
21098
-1120
22299
11208
-24414
20643
-3146
-31563
-4359
10513
-20189
28182
-13810
-411
7664
-25886
13940
-9616
-6222
-21691
-30029
-12405
23701
-24023
11761
32584
10678
-14761
-17343
11871
-23910
-29738
-4462
-32760
-18904
-3340
30235
1677
28802
-28709
30281
-13878
17867
1714
14214
25637
17702
6575
13385
-17636
-18785
-10781
-12496
1085
-31027
11252
-24434
-8265
-20753
4308
25753
4856
19979
-8385
27267
-18426
-31860
-19925
-6630
5493
2260
-14519
-3992
-12862
-24212
5793
-32094
-28249
9118
31964
-24487
-25159
-29394
-4606
32530
10408
-27037
-15492
-9431
-21422
16558
-31947
-16688
-32356
17842
-32732
40
-18143
-24859
-32362
25369
27398
-28572
18127
4318
20472
11886
-32173
2256
-22836
-16924
-23762
23052
15558
-20919
-29858
10809
29681
14333
28244
24137
10847
-7747
8381
4394
-12579
-31518
14628
-5282
10235
-5251
-19927
25574
22249
2361
-1332
-29429
14411
-17543
21082
8470
22384
-4067
-25528
27577
-25211
-8444
-14439
25490
8063
31936
-31405
30285
-15815
-2193
-2546
18908
-7188
-25757
-11352
14013
-6952
-7065
-9253
-3403
10069
4750
22650
26377
25971
11336
17214
-30987
7232
19741
-21222
-6921
11137
-14539
22372
-10397
-6176
18278
-9882
10890
-5714
32071
27772
25058
17986
1781
23809
-32414
-30346
-10109
-25348
4781
5970
2520
-24667
18856
4183
17916
6996
30874
-7644
10866
7166
-8219
2801
2352
19759
16518
31958
26407
-20453
-977
29866
12463
515
-2357
1772
12589
15731
-29590
-10083
17257
26353
13887
5012
-26049
4551
25051
-23538
-11140
-22395
6584
-27159
8708
-11951
-23360
27336
32260
23508
16526
-13165
22176
-15920
26989
-22608
26190
15078
9473
-11191
31058
631
21733
11154
4138
-18411
4090
25524
-13587
19417
-13415
30174
-32281
-30579
-31031
-20270
-4417
20120
7087
-30182
14007
-28245
2249
-13054
-1778
25053
12752
16895
-29300
6824
-9473
2845
-8170
10287
14755
11859
17213
10985
7672
-23916
-29037
20669
29924
27124
-28010
7706
26115
-20877
-3239
-3075
11386
-9463
9513
28996
5780
22403
-6932
-15607
-23638
28264
9110
2694
3754
11750
-12419
-98
-20876
-8048
-32592
-2573
-14079
6190
-8915
13670
10470
25795
30558
3988
-28551
-24192
-4684
21961
8321
15451
-32563
-32423
-1489
25224
10993
-29562
27021
-16589
9682
-10766
5173
-23268
-29727
22006
-9770
-13854
16992
10204
12470
24559
-12811
-28271
-23305
-877
-9362
-25079
-22977
-15232
-27524
28933
25751
28035
8473
-17329
15397
-13441
-16902
8890
-6487
-27437
26343
-21235
-27001
-27055
22665
-4093
1691
-10248
-7564
-5165
18170
-9246
21341
-6130
-7806
-31848
-29006
26942
12419
-20194
18045
-3218
3243
31069
-1179
4216
-10591
27858
9504
-6025
29826
5778
-2625
25793
-23563
-20340
-9679
19274
21811
11977
-22032
-2227
-14395
14966
24320
22913
-19557
9097
-6558
3206
9250
10188
12173
19803
21263
-11934
-8030
31486
-19449
-17864
1102
-20255
11327
-26513
12076
27733
15470
5845
-5853
3268
20854
-4971
19153
24389
28720
1194
-13822
-13437
-12585
-31960
4166
15233
3631
-15432
-27706
-7224
-26574
-6867
11156
-16801
3390
8406
28689
2696
-1061
13231
31285
24594
14128
574
-12901
-19805
-17457
9988
24871
26537
-10922
-14670
-30360
6093
-9136
-18892
-3545
16674
27813
-7051
2319
-21608
21598
17371
-13665
25341
1505
14981
-7834
-8123
31873
29396
11238
-4720
29492
18448
-22419
15891
-20650
8965
10333
-21241
-30175
-20558
22778
-24819
7249
10389
-27956
-23788
-16499
-29730
-29039
18750
27483
-28266
-9443
13986
8537
31412
2694
-13795
27039
3994
8669
22447
12523
20905
-10993
-16983
-12215
5081
6468
2090
-9307
-15572
3943
10661
4634
1769
21278
22766
27853
6948
800
-31620
-20268
-2527
28642
13904
4069
-2957
-28725
-22903
18207
-9400
-28092
5279
-12524
6164
-9742
6501
-24163
7336
14100
9703
-20087
31258
15032
6087
25608
-22881
-17912
-114
29489
22500
-29745
12372
5892
-19378
-31454
25710
-26768
-878
10940
27233
21175
27789
27690
-29965
-26412
-1181
-23447
21870
12583
1831
-10172
28343
2829
-8499
-13309
-8162
-10514
9801
21079
-7004
14178
-28591
7471
19916
-26579
-5877
7761
31618
31421
-18480
-4097
29504
22940
-9531
25738
2825
21858
-28660
-7902
6095
20711
-29699
-10563
7737
25615
11339
17497
-7652
14953
-7107
-24730
-15200
-1492
-26577
7940
13216
1025
2216
27092
-4629
-22950
4064
-27511
-31161
-4523
-18002
13515
10808
27329
14306
26488
17404
-20487
15409
-15499
-27370
17570
-13797
-12358
30429
15640
30282
-19370
15178
-6279
8521
2028
8788
2580
9649
12650
-4016
-5352
19029
5879
-19286
27242
-5337
8708
8693
-21588
14058
-25704
-15890
-29848
-5556
13290
-25561
-31805
-11659
13524
-6812
27740
-29185
-2555
-17913
-29050
31444
22095
-4453
22289
-9868
3607
31107
20715
11001
-23316
-9468
-13759
32478
-28340
15363
-14600
-26394
-775
1366
-24936
-23409
27393
-11701
7822
18376
14811
-29616
-13619
-18690
-15942
8709
14472
-30635
-28980
-17043
24720
-13997
2088
15689
-21586
4842
25124
-10514
-10776
12539
4930
127
4109
2606
-18552
14002
-26769
30666
21850
26445
20201
6739
-9060
-13190
14686
782
19877
-17902
32153
-12065
-12170
-6914
-918
-4440
-19204
-15455
-27269
4671
-5820
12016
-21909
1582
-25009
22444
2053
-24424
-9476
20052
14789
20148
-16437
30361
29066
8194
28757
16334
17330
716
9000
12883
9209
4807
-28548
15888
29042
10735
-23553
-21651
1527
-17262
138
11651
-29086
-27578
17665
27836
2575
32721
28872
-18170
14719
22044
31977
-10707
11896
14309
-32719
7595
-2242
-32441
7203
-23006
-6090
18792
14020
9714
5339
32685
9390
-1818
9241
31657
-25332
30246
7920
-14049
30479
68
-20565
21147
-26507
31408
22053
-2550
-604
754
-25639
-31784
-23176
-20597
12428
22825
5345
-32300
30752
27901
-26520
-24608
30062
-18491
-16625
-27387
-8577
-27144
9317
14446
30751
10036
-11591
9829
12449
5207
16513
26998
6543
8329
-21562
11142
-10559
6846
22265
29580
9968
25084
-15788
10692
-27143
18510
8341
22370
25264
-29355
25044
3632
21610
6954
20101
-25181
-22561
-17103
10861
-27504
29117
-29068
25315
-7986
10940
13509
-23844
-14606
18301
11456
24483
17513
-37
-10793
-24108
-6165
3508
-9107
10698
-265
7819
12594
-30582
-2172
31166
26516
19107
24545
-4155
-20198
-8011
7720
20860
-21990
-2165
7528
-14910
-3984
19056
-10346
27414
-21220
26369
-16410
-11677
21923
24695
22526
29303
21412
-17539
-21932
31896
-12527
-24680
-8633
8091
19854
-5406
-18493
9454
8987
-7027
-24679
-28590
11854
20826
-13167
-21830
-10099
-21247
-8785
-4167
-19181
-29295
-21965
-30041
17487
-31254
17017
-21772
-21097
-779
-13247
2537
6945
15038
21250
-14867
-31166
-252
19141
-15824
-10074
20246
-408
-32677
-10979
28130
-4386
-11076
12748
-1848
25650
-10952
-24106
-18302
13987
8044
19883
-7613
-15009
-15444
14448
1620
-376
-7137
24869
2098
25694
-19248
15745
-19302
-28716
13248
-12748
8042
-5626
9483
-14061
-30623
-2495
160
-11906
15895
-561
11981
-28534
4439
21776
4084
1865
-26813
4370
14931
-32447
-6458
2435
1397
-19713
25420
2809
-16811
11386
-17739
21203
10706
-10836
15778
-4388
15770
25419
11897
5739
-16566
11109
27677
19112
-12638
-4683
9116
-24582
-26702
28464
21707
11940
-32463
32101
-6772
8159
-7416
-17449
27951
-24787
-5650
21968
19391
-13244
27681
-10861
29961
-4598
-5124
17317
1023
-21049
10402
-27144
4712
-26261
32731
15546
21916
20730
27640
31477
6741
16181
28234
-4320
20240
5059
6145
29226
-10945
21222
-26351
1059
22640
24296
18227
-20929
-24736
5328
29207
4727
-23162
-19133
-4013
20574
12564
14511
5610
5083
18674
9892
-4342
11106
-14445
-25290
24817
-5412
-6141
3259
19746
-9943
10404
-22210
13828
13692
-19012
-28215
-28030
20725
-24659
-23248
-26084
17596
-21382
-15572
-30933
457
24230
-21742
11754
-28008
6669
3891
13901
-14901
-13232
7890
-13100
9555
25190
-8094
13343
2328
-26463
29876
-31488
20998
27511
6917
-8782
10557
23380
13112
-21550
32135
-6029
-22065
-4250
16896
-20127
-25842
-24335
17364
-26519
-23351
29774
17075
-6424
30103
-25741
-21054
7328
31639
10610
-28233
-22515
30859
-13009
-31901
-27171
18883
23901
-29955
-18155
13657
-16624
5501
23147
-9910
12793
-26848
-4577
12289
5580
605
2411
32397
27579
1697
15790
-10290
-13560
20497
18352
-19600
18583
-8526
26849
-15566
-16409
-24041
-23934
-25911
-1237
13085
29675
6853
-4123
5815
-2910
18985
13576
10687
7502
13517
20233
14336
-22130
-20489
10076
-19214
-4634
-3961
25732
-18497
7457
-28300
-30466
12566
12590
16574
-31068
-13696
-6181
9903
-101
-11459
1902
-25854
20088
-29804
11096
8893
25689
27771
-17985
-11689
-30903
-20090
-26241
29056
19243
-12337
10950
1018
-9618
-16300
20620
5372
24641
-1204
-3879
-3885
14195
5551
31628
11417
-6042
26292
-22957
20370
-23215
28692
-23559
5101
-6915
29112
-23956
30320
25866
-17470
3542
2816
25173
-28707
5454
-29764
-15378
1411
10721
-455
26058
-15809
27012
-27345
21977
-8184
-4778
-26541
13180
-3547
-2560
-15133
-21324
-18562
-558
-3733
-2720
-10785
-1098
10259
29728
25555
12649
8429
9252
-32681
-9464
-14534
11299
-5387
-15557
11976
1811
-25022
9917
12729
-13366
2163
23219
-5523
-1746
-13451
-15789
-550
28182
-21107
-20620
-17641
-24340
2882
-8015
-30338
26558
-25008
-9780
25230
-12655
-32471
11285
27253
-27372
28934
-25362
28633
-630
22759
-12998
-2106
-23840
12252
19393
-2553
-21920
30646
-28075
-31894
12596
4776
20340
-9065
11765
3196
19510
-3848
24689
23768
-21138
-26571
-13542
26232
-9463
2725
26720
-13063
-20132
-9576
31665
-17796
-24407
-2888
-25119
23105
-6129
-8731
-11137
23662
-27595
27957
18743
32435
-3597
250
-7295
16819
19399
-17292
-21604
26617
23605
25273
-17581
23752
11250
12633
-29331
7863
23222
19681
-14008
-14948
7350
14439
19239
11268
13640
-8591
20603
4327
16680
24403
15853
-27695
16828
-10367
10415
14806
-21569
-12043
-19733
-2380
20335
-5896
-121
-24726
4659
963
-19440
-10403
-18760
5374
-32515
6427
-14548
-8018
-13230
17606
-30278
-26578
14263
-23453
14414
-28987
-8486
14405
23729
-32243
20568
-13821
1272
-12997
32609
-31972
-26511
-25431
-30923
27187
-6625
791
-9751
18130
-16595
-7614
-22504
-26217
7135
-8952
-1248
-21463
-3768
19992
4174
-22453
-10192
-16699
-8314
3878
24102
2441
-16965
-8422
17071
-14704
-2503
-2966
22832
-30314
-12215
13471
29489
-18487
-7020
30911
14027
10203
4200
23701
-10546
25344
2532
20644
32455
-27498
-10238
24304
21774
31844
-31011
14765
-16379
8138
21885
6768
-26583
-22511
-14421
-27375
-20498
-11846
-25481
-3131
28709
-31636
-30237
-13921
7723
6518
12598
24362
11387
14181
12784
-7582
-5807
-1002
31924
-13168
-18428
29423
-3911
-19103
-27871
19600
-884
2624
12590
4441
14486
901
8292
5039
-11147
-26685
-17633
15457
22548
3528
23022
-1647
-5533
30672
15118
-6476
19698
14635
-24515
3797
22167
-17526
-15081
-28021
-15859
19811
-7247
-7216
-14900
13950
20605
4134
27142
-18817
-12568
31515
-9169
-5036
-5883
7690
2110
-1529
-14852
11056
-6587
3788
-9253
16888
-16426
-29892
92
9437
-9736
-22470
24096
20115
-24745
-12764
-10656
32335
6966
-6635
-30798
6442
-17931
-4687
-25000
-20308
-21637
12597
20149
-25031
28345
25633
30941
-1484
9322
-9145
-19626
-5025
16026
-8517
17028
23028
30809
-26927
21342
20908
-30823
-26927
-19914
-32013
-3504
-8573
24755
-27991
-21132
-23668
-7905
-8171
-1004
15946
-13424
-23699
-25249
-24724
-7451
-1978
-18224
15782
-7226
19605
12718
21283
16138
-3043
1135
24107
10677
-22444
-10272
-5236
12081
-17720
1513
10383
-32748
12704
14363
-13568
-23732
14080
-19128
-12481
-29500
-16431
19265
-29376
-8669
12742
718
13801
-17787
-630
7694
23602
-11588
22680
5388
-31455
-10346
-6737
-32187
-3021
-7917
4332
10313
13251
23268
26511
-12555
-3046
-10799
1588
-7665
15368
13290
6934
-8126
-28395
-25931
19182
15935
10504
9691
-28875
-5025
16996
14541
18028
14134
20870
22007
-16762
13684
31106
20427
4836
-16215
18307
-22128
14354
-7304
-4025
-23155
20980
14083
-24786
2677
20409
-3476
5995
20517
-21712
29868
-13472
-18531
18625
-32753
-22752
30168
-21620
-20881
5940
26877
-404
458
-30908
19997
-16329
8179
-14820
-11994
30952
27182
-13106
31082
15052
-25896
-10311
-24856
1974
-3243
-22487
-19731
-5905
25420
-26196
-14164
-4436
13884
16337
4075
16329
19883
-19113
-1200
17556
-28864
-20469
-25223
-17425
332
13157
-6020
9728
4422
-8987
939
-9182
-26713
-5185
-30019
-4848
-687
-12537
25033
-5733
15041
20401
27556
-19436
11059
-19010
-26682
16088
12369
17262
-11388
28819
-16676
-22529
16664
1995
-27752
32397
-32632
-31231
16253
1390
31386
7609
-21510
32100
-7799
23664
5088
-13580
-4490
3392
-27350
20351
-26879
-10320
-14221
-21532
5198
-12216
27583
27988
21813
-18574
-411
-18521
-1573
8890
17279
876
16574
-13923
-13242
15079
14528
-31200
25549
-11042
-2062
-6184
5336
21357
26158
31420
26475
-31456
5664
13799
32131
-926
-23417
22818
9167
5407
-8259
-18306
22987
-15946
-11090
31916
6616
32469
-4109
16771
24392
10637
1120
217
14124
-3064
5305
-18365
-17750
-28802
-18932
20316
-2343
23295
22217
-7647
25870
8870
-12566
15656
16488
16295
-9586
-26193
-14005
22449
27795
2309
-26064
-23196
-32601
-873
-14746
-2808
-21063
27071
21543
-1749
25124
-28787
-31856
-19497
-16846
-30534
-32556
22376
-17238
-30305
-26461
26669
10731
11720
10356
4203
9084
28142
6596
-9503
-21116
6739
27934
-15376
23894
-23218
9669
-22311
25132
-7423
-27228
31446
-9909
4996
-20750
-19450
-21474
13808
6009
18195
-16949
21638
-21432
8785
6751
-14356
23062
7520
7366
5771
-10161
-16908
-23443
3545
16710
-32056
-3042
-17319
-2866
-1519
14643
-18833
-25537
13579
21463
7775
9084
-10979
-9605
-32668
-26169
-22427
-25143
-26886
17343
23301
10854
28018
11861
-21126
-31596
30999
-6960
12955
8033
13478
14020
-9793
9421
26835
17263
29892
-26515
20019
12487
-23630
-30088
-10080
18961
7617
-23499
-21111
-12154
-20504
-18774
17394
15910
18079
-16507
-13659
16008
-486
6588
-4840
19397
-20467
-30455
-12370
26607
19011
9244
5241
-30264
-23281
30227
-14608
-21241
3545
10095
-17290
29615
-10603
-4309
-21363
18507
333
-16273
-24987
-26601
-24532
30779
16514
2990
31520
15288
-11379
24719
-29530
-31416
-3557
6571
14197
263
2820
26410
19308
-32534
13685
-6535
16295
29595
9711
-16168
-17706
12401
1819
-10557
21782
-4020
11315
-28523
4267
22006
-1024
-32042
-17687
-7410
-27785
21124
22573
-18581
31210
-4945
24128
32276
13543
-14362
31120
-24163
5546
-15319
3014
16672
19165
-5069
28785
-25297
2897
-2520
4446
12602
-9973
639
-3376
10646
-25490
-25225
26561
-26671
-27219
16571
5167
6272
-20908
3717
31583
-23165
1113
-14847
30170
-22395
-25131
30456
9244
15702
-5965
-32635
-30845
-24724
5796
-27878
-31150
-13834
1537
14656
-7750
19600
-11271
-14321
17620
27664
-3062
-16906
-28355
14124
-14870
15281
7634
26495
-32076
-4134
28760
27439
-10360
-31559
-1491
8158
-6591
-14395
-20784
26415
-22458
8542
21642
-32461
9483
21704
11385
-14617
30296
-25095
15603
-23950
-32648
-805
-27170
7788
-22625
-2557
-26887
12358
-7797
7060
-6391
26647
-22873
7321
16232
23874
1486
1058
2496
30056
-4264
29512
-16554
-4429
28080
2850
-11145
1173
26485
-6421
-21741
-18820
29055
-41
26094
7185
-4385
-11798
14261
29703
-24104
28824
-31181
7354
19638
8351
828
-4502
31072
26088
10731
-14528
15658
-173
69
25440
24552
20955
-9403
-1474
-8147
4973
-24394
-27274
-4357
-3290
-30275
-267
14930
6643
-29740
26149
-14321
435
11508
300
-1818
-14454
-17731
20914
-6164
6060
756
27499
-18691
-11265
4728
-26152
-12158
6125
-31916
-9538
14406
23813
8912
3637
31304
-2020
5178
-28853
6573
30481
-32656
12535
-2485
5407
11354
-15537
-23062
-24774
-8248
-8332
-26103
-5083
2168
3030
-1161
32349
-6079
-18002
10411
21861
5347
-31101
-1513
-20150
28947
-24051
23563
-10156
17410
-7520
-29127
-9820
706
-29395
29807
1945
6272
24063
-15977
26360
-6992
-27440
19982
-3462
8102
-4560
-14948
29057
-4368
-5302
13684
-29468
4931
-21319
12219
-16701
-23620
12582
-21360
18379
21213
9600
1532
20896
18233
30537
26047
-9924
21634
16722
25690
29052
6160
-10734
22962
-18398
2399
22468
-20848
-17765
-7430
-1316
-20637
-12513
20331
-2343
-13042
25407
-17594
-18829
-3225
13350
2533
-27328
30189
-29596
-11745
2111
-32008
-149
-20558
-31863
7596
5549
31945
-1896
-10089
-25886
-19290
-22343
21099
-18006
29929
10998
19187
-23874
26937
28391
10780
14778
-13432
23306
-10518
8939
-6313
-8133
4023
-4398
18745
-8194
28858
25958
-16574
1354
-3997
-12150
-8469
26144
13024
-146
-3500
29653
31592
21287
18239
3748
1234
-27118
-13909
-16023
-2085
16085
5408
25056
-18987
18623
-32477
-11476
20992
-6629
-16331
-2080
-9349
15168
3725
23316
25512
4296
-30279
-26292
-1066
16759
-3298
5797
-24191
8177
-4415
31351
-24144
29636
20086
22870
31993
-8330
5370
-9903
32109
-31567
2229
7914
32387
7022
20720
16071
7535
18753
-26913
10845
28913
-9016
-6648
1699
-5552
32155
-31939
-25931
25635
20237
-267
-10443
3341
-29302
-20250
17913
-25709
-16874
32485
27184
-30438
-4924
-27298
25528
435
1285
25444
13552
-11676
2798
-25019
19513
-23439
29493
-18643
19279
8921
-29407
8822
-13925
-27138
-3322
28635
-30977
32525
-9518
-8060
-15435
11704
-13364
-10318
-20737
6889
-6060
-26571
21158
-15516
-13527
5619
17498
18000
-6712
-23272
-21107
1404
-25320
-14732
12119
-21480
30549
-24217
-32564
-31602
31686
-18432
9560
-15407
-9704
2575
-26305
22331
-25796
6265
-26482
-16740
-15811
20687
9325
-22645
-31253
629
23169
-25287
32476
-16126
-5897
-10990
-18347
-21313
20231
-32739
16475
21335
-27940
-8404
5525
-21462
14179
1963
17267
2124
15980
2624
8592
-25724
11335
8466
-27431
3788
-8635
-7914
15096
5281
6029
-31043
10713
8540
-5211
-484
25246
-20758
-25081
-10087
30487
-30788
-3730
-3384
-18778
-18762
1495
-14518
-23052
1257
-8564
9091
-4548
10027
-7483
-29822
27499
-427
825
3093
-25025
-31352
15885
-6122
-26488
30522
-13509
-29246
3738
26758
12479
31517
-27197
4212
2330
14427
-28859
3089
-25440
2598
-29061
-6619
-23250
-18836
4082
-6717
-32558
20848
-22213
23679
-14948
-2512
-14897
17698
21704
17232
27282
30159
1594
12390
-30014
-6280
-31483
6771
8455
19416
-20665
32219
31700
-14852
-4002
-4581
30918
19313
-3850
-25211
-5116
13646
-27580
965
-8189
-19733
-11163
31756
10835
13031
-23147
-12194
-20302
-31000
4398
-20701
22883
-14970
15059
-16842
24813
-17946
-7589
-3452
6028
-3385
-1803
-6665
-12772
32471
-10972
17411
31071
-23270
1267
21021
16531
17352
-21940
-12271
-13710
31744
-19660
-21933
-5309
-11265
21887
24121
-10332
27350
-13543
11340
-16866
1099
-13846
-6705
-22627
6444
-14297
8209
-28910
-27430
-28129
-17906
22258
-53
8131
-18172
-28052
-17880
-26332
13894
4151
30712
19800
15659
-18790
26709
-18226
-24837
-10746
-173
28247
-3313
22704
28163
-16031
-30017
31860
-10126
-3713
-29190
6280
7814
-1862
23448
11598
-20848
22987
-8033
1542
19319
-32275
13096
30291
3421
24535
-4356
-28874
21410
21556
25132
15279
4318
-10669
-21243
-24441
27932
-13095
-1064
9051
-1149
11431
-29858
2970
16377
-23797
-6040
-26439
-27307
16699
-28418
-23506
-17664
10444
-13045
1459
28358
19586
-21885
17096
-27433
8295
-18532
26775
-15742
-19079
-31161
28731
23285
16885
17705
-9633
-18535
30895
14047
-6584
30211
6601
17632
16668
-4099
17392
24119
22611
29076
16253
-24518
-30500
25763
11742
31306
28095
6484
25640
2694
341
-15735
25227
-185
2
-3870
24822
-16428
3726
-14510
-9024
12959
13992
18877
-31502
25468
6469
-4837
25631
14620
17804
-28422
13164
30760
8168
-17927
15765
19906
20468
1461
28221
28701
9608
11803
-11291
6830
8366
11602
-12183
26848
-2802
-7387
5279
-11558
21692
20313
22089
-5248
-32741
24336
22112
-14314
22470
15931
-3756
-1867
-18057
21462
-31165
1489
20367
30363
-15673
-27472
-12302
15295
11720
24090
-9505
-27401
-19868
-26869
-17853
-5093
-27962
-21880
-16035
-32649
26412
6135
7221
25830
-10218
19128
9391
15821
-18567
-13614
-4592
-31108
18298
7489
12968
-11790
19749
10347
-11749
-73
-9877
-27711
-28883
10034
-20051
-30715
-6498
22058
-11029
3526
29806
3341
-11524
-26987
7297
18570
27984
-3071
7710
20818
-1130
-17883
22146
-12504
-7075
-848
-8283
-13947
-20256
-27824
-13623
3897
-10901
-5082
18051
6237
-28793
29973
-22868
7782
8283
-5005
-28127
20562
24373
-28716
8046
19577
-4871
-14438
-21187
20073
-20701
9960
1739
3980
-9102
12721
-9518
25085
-20658
-4443
7630
5953
21593
19085
31525
5238
7799
25835
-32632
-26576
1625
29851
-22784
-6868
-24910
13597
12569
22135
-10984
17304
17128
-17331
-16956
31238
-12263
-13110
3757
-20582
32716
-1013
30397
-29226
-28610
5801
-26900
5847
-18647
3385
-20123
-17341
21447
-7711
24355
-19099
31944
22617
-18877
2526
-32159
29238
27208
-793
25591
-26145
-21796
10481
-22345
-16617
-9469
16287
15062
-7988
22724
1123
10786
-18917
-3206
31098
1406
12352
31677
29694
13957
-5103
18992
10398
-22298
9911
-26626
2400
-32166
-2865
-21226
-5192
28804
-24644
-15060
-2224
12235
-26641
2571
-13353
-20096
8871
25861
-29311
-9789
-6816
7386
26183
-14772
26239
-27810
14935
-12898
-19594
-4507
-26061
1245
27854
6446
-4471
31999
32298
5742
1896
-8907
-30060
29563
-31034
-19895
14367
-3231
-23714
-20927
20025
15788
-23184
24564
-2909
19939
-14988
-22027
-23476
17251
-7901
-30293
-4751
24237
31430
26158
-25152
-27174
-8352
10377
21003
5880
-22342
9869
2989
-12240
-25259
-5250
7583
-29283
-7542
288
-24664
17321
-17232
12303
4219
-197
-16741
-22414
-7540
27134
-19817
19081
-32110
-4922
21263
-21585
30855
23858
25896
21914
-25188
-9333
23131
-8384
11553
18688
-4383
23777
-22783
4248
21941
-27387
22407
19804
-25473
-15595
1281
6828
9299
-13197
4040
15747
7488
25957
-2641
15312
23523
-18900
-28571
-3421
-512
24689
4951
1649
11899
-24552
-25123
-902
-11120
15309
-25503
-5428
-19617
9691
-20087
-21263
-18
24415
-20728
-4251
-28434
28950
-5386
-15045
-25784
9954
20275
21092
27713
-8528
28458
-20936
-24585
-30099
-5137
4108
-23542
18918
-1428
18742
-24902
11402
-19054
11692
-6128
-20164
-4764
-9646
6788
27808
-23392
21029
4856
-2076
-25166
23502
-19055
-22929
16631
-29439
-12854
17295
-23601
2327
-29672
31916
16118
19841
20163
-21041
-6961
-12191
17726
24839
-27599
17129
-13815
27377
-27873
27245
-21645
29968
-8919
11658
-18931
6939
31179
19017
-22762
-883
-28300
-26796
28852
26831
411
-18358
-32524
9123
25794
11738
-6672
-4832
-26001
-13008
-22248
21735
-18126
-2402
-25070
14769
-13459
-30877
-23840
25071
-3442
-5438
22152
28561
1491
-25055
-4918
7011
-31943
-31603
-21677
-1586
5544
-26917
6517
6004
26640
-1677
-3427
5747
-16331
14622
4575
28750
17995
10161
4312
-15600
-7909
7192
25019
26578
-22877
-18084
21471
1447
-14604
-24338
3549
5795
-23825
30381
6131
17060
-22263
6913
-22537
-31632
24903
17603
663
-1411
-25907
-22485
18456
-5342
2989
-3831
-29388
6088
-27355
9902
-28999
14667
32128
7183
-31086
-10414
-3429
-9299
-22670
-15950
14736
-16
2134
-23523
-5180
23409
31148
-30048
16545
10224
4233
-26060
18490
-2379
-4019
19104
-28738
-16749
-24945
31363
17938
-10626
-15006
-2736
22996
-11476
-27493
-26447
-9576
4845
13785
8299
-8678
18509
-29814
-19235
1874
13774
7997
9331
-14121
23303
-23924
-25037
32054
18321
8597
-31959
-3179
-14905
29777
1804
-31883
-26603
7048
4967
13537
-7146
26950
-21276
21366
74
29563
5580
-21913
23395
27138
26902
-1927
26609
26780
18626
-2
27499
32527
17956
-28468
23940
-19789
-14891
-20221
10191
26688
-26125
4672
-27450
-16624
26198
12310
17146
-28444
-17170
29587
-25451
20250
-17958
12089
-2537
-1939
7356
-30598
20735
-25998
-9405
14149
23182
-9856
-14489
-16530
1330
26104
-2264
318
-963
-29001
-27726
25351
-18987
226
-18416
-2447
11122
8750
1129
28537
18632
17502
17576
-18785
-27708
-19470
6462
-27601
-22727
-18181
-28638
12887
27839
19866
-21952
-28537
27832
-5283
-23650
7932
-9976
-32405
-29326
16590
-16006
9991
-1481
-21406
-19936
-30857
11219
-16235
-15476
16832
-14001
23038
14355
29921
-30316
-32759
-22768
31573
-21015
2820
22280
23649
-18329
13215
14826
23759
-29325
-2333
977
-23849
32144
11012
18847
11290
2025
-21784
11499
17289
-9616
-32495
-15429
28487
560
25337
-25577
29194
21698
30000
28103
-6091
18258
7450
-26458
11121
-27732
-30880
-18039
-22508
22854
2986
-8530
29955
19317
737
9148
28763
6549
29702
13177
-26422
8471
19486
-5642
25299
-10617
5874
31533
-2913
2403
11752
-13876
29482
-439
4425
-26950
-11467
-13260
-20489
-15165
13510
14215
-13067
-14922
-5932
21788
25911
29200
-27487
19513
-3323
-21915
22923
-20182
-22248
18494
29639
14487
-15359
1901
9366
12131
2304
-22038
-10667
2666
5539
11121
3631
16779
30145
-12955
-3141
2320
22855
3208
16563
-6860
-22595
-12574
-21117
-15328
-17013
29513
9346
8301
23205
3284
-7816
-31117
16760
-28734
29880
21883
31192
-28878
-5397
-6877
-2850
28901
11906
1791
-22960
24142
25271
7030
13540
-29352
25689
30725
-12909
-2628
-30056
22601
18522
13672
28810
-15060
10845
12932
-31540
-14163
-32641
22010
26925
18876
22345
32432
-14672
12268
31643
-2594
-8359
20685
-14390
-21170
-11788
3205
-6516
-25612
-635
14423
19822
13982
3626
25050
-18847
16302
-11810
-10183
5336
-11214
-27992
-28656
-31823
12012
-4029
6701
6669
-5860
-20882
-7665
32665
-7331
-21091
13180
22837
29249
8359
18736
-30776
-23498
20437
13057
29780
-8552
7338
29396
-26641
-7029
-26691
-17947
-3170
-23666
-22124
-1380
-14712
3116
12330
10837
2586
-27550
23032
-13278
26318
-18814
-29323
29672
28895
1845
-9751
26642
7226
27929
-23942
-6934
-12512
-1734
-6586
27492
16914
-14287
-29404
31868
1726
14438
6302
6812
12866
24809
-1892
22713
-26633
-5166
16565
31967
23604
-752
-10158
6312
-5176
-22637
19788
9202
22257
-1345
3206
11644
-20302
13644
25307
28595
12454
27299
-10364
25442
-21332
23786
-7363
1193
-27883
18968
-9458
3171
2613
-28960
-23071
-26324
-12059
-13482
-3048
-12316
-2883
22945
-27174
22014
2316
31549
-8599
29536
15600
-25372
26928
-18552
-29740
-10796
22902
-27816
-28616
507
-21543
13259
-5205
-8099
-2046
18372
-15941
20413
-30627
-3269
2739
7851
-31978
-17246
-12153
-26234
4644
19846
-22116
26711
-15669
-29668
-31291
-26187
-22182
-2268
5574
-6175
3950
20887
-981
-6197
-14300
-12625
2306
998
8208
-16049
24191
3748
-3137
-15004
29394
-7578
-12361
32191
19113
27047
26831
-16194
13419
-4973
25225
27981
-17619
-17388
-28881
-29628
28665
16334
7950
2436
-12072
29436
16337
13400
22265
-28051
-17624
-28215
-7729
1710
17803
10382
27266
29239
17435
-26102
-14714
-25814
14899
20522
-13677
3202
-5113
-12286
-22499
-12326
-18354
24899
-22526
5520
-15599
14862
20022
-18299
27311
-22479
27292
20559
9766
-26637
-30056
-17122
-14786
7665
-29579
-26453
19181
-7805
30508
11825
13424
4867
-16923
-15778
-10668
-1145
-2278
-597
17674
32054
-15501
-13721
19158
3742
16586
8619
-9691
-24954
1523
13746
-26334
-3643
-8662
6995
-24007
15246
-17377
-12352
18499
-8622
2943
7829
-17014
-27110
6406
1648
-7037
1799
28851
-11782
-26947
-6410
27715
-16863
7855
18847
22111
15463
1126
-8726
-19940
-12127
-2462
-18747
17820
-11820
-27132
-1356
-17443
-13298
14264
-3886
-18885
-23285
-2785
25524
28835
9872
-23674
-4858
20157
-13193
31624
-6369
20344
5059
