-10699
-3803
-13346
19975
24016
5975
-23153
22872
-32587
-7068
21665
-25473
1695
-418
-4780
21272
-16193
12892
8622
10530
-6735
17785
-23407
1857
-13977
-26513
23103
1693
-25125
29545
-13033
23506
-20530
4905
32481
-18769
-2770
-17944
-31250
-11139
2655
-26787
1878
20539
25642
24945
8366
-13575
20956
-16817
4976
15075
-1555
-24918
-16802
3582
-23689
19523
-109
23507
1632
-15140
32677
9783
-20611
-31966
8343
7902
22214
9663
-14348
14152
144
-24891
3113
4803
-3594
3971
-2165
-24555
-22403
-7545
196
-4848
22564
25700
23164
-1625
-20573
-1603
-4520
-11908
28286
18252
-27142
10195
-28168
-32097
-16308
-28276
24483
-23188
-646
-5000
-30115
22550
-12013
16289
-26793
6020
8965
30804
-17817
31210
-32695
13486
17565
20412
-5808
26695
-24276
6169
-30269
1246
27552
-2638
32615
17261
-18805
5628
4453
-3571
32073
-6901
2519
-6085
30340
11851
-13180
-2525
24252
16657
-8227
17356
-678
-25984
-9955
-16226
-26498
-9240
-13744
-1650
18371
11400
-11630
-31750
-31307
-25188
18097
-22105
-27617
20935
-1353
30421
-7079
-18130
8038
-31965
30230
-21904
-27534
3082
19209
13610
-9483
-15080
-31022
-30814
355
2637
18746
26042
-9645
24615
-8210
21018
-24159
15536
3728
4106
8584
11962
19275
12022
2249
-32108
29293
-6130
23184
-22725
-26383
-11694
172
23419
2813
-9883
-19121
-26536
8503
679
24725
30297
24532
-25322
-17356
-10208
-15758
18253
8442
12165
-22828
-28171
12308
15901
-6046
17348
-4889
-16243
-7782
1242
-7102
11015
-5603
3317
-26059
-29911
-25086
31736
-31134
22286
25410
-1264
32159
7033
-7328
-16702
-28854
22753
-28372
-19333
-1029
-27525
5332
-31060
-23272
-8314
-8246
-28272
-4241
-12933
25914
-29007
-32448
366
1251
16644
17728
801
-18536
-14929
23657
11554
-27379
-25646
-24329
-6929
29178
2509
-12304
19893
4805
-14174
-5800
-16354
-11702
12713
6709
-9672
4090
-17556
25197
-781
-3419
-16736
-16691
31899
-7902
7481
3775
-22336
3071
10939
-8049
-23434
-6565
-8198
-21531
-27173
-3142
25532
28262
-21881
14838
19782
23238
-23392
20162
-13716
14457
6178
8544
7294
21633
28961
-1521
3023
-7930
-30824
3065
-8228
3904
28843
17012
15499
-6433
32492
19526
-8310
20001
-32175
-3273
8701
16515
-2433
-23385
26446
12723
-32427
-22056
21727
10770
-30388
-32737
26826
32461
22664
14886
-12490
-14422
9666
-29703
-23430
-27506
15884
-15713
-13250
-4644
-17937
12675
32565
26954
-8808
22545
-3698
-9653
-14837
7233
10700
11123
-29100
13319
-23300
-8620
17653
27819
-25510
-17515
-22800
-5775
-22973
-3859
14894
-32478
12373
8727
-30521
-22707
5386
3039
15590
1997
29094
-10096
21124
16174
-10354
25486
29581
5504
21377
30757
5492
18074
-130
-7646
-8632
-5670
-25906
5878
-17913
-9376
19195
1396
-25529
29513
-1305
-20606
15052
-21388
7175
5142
-12112
124
17689
-18592
13459
5442
-18781
-18818
19430
15834
-2076
25326
-4457
26882
-20970
-8872
-8768
-10915
-2324
-12790
30240
-2299
6252
-13638
-14267
-18034
26261
-8469
15023
-12901
-12951
-16462
7263
-9436
-9880
-5630
23240
-16281
-6698
-20022
24307
-29810
-31868
-3724
-14701
-29821
-10105
22086
-28219
14440
-3983
6416
-24558
20032
-23068
-29906
17708
11530
1902
-11922
15955
1419
-4295
-11053
-5637
5274
-24811
-12182
23343
21428
-7700
15844
3859
-20957
27481
-630
11975
28356
30886
-25793
-10717
-72
-10392
-15734
-16534
7430
-17753
18888
12701
24063
22042
-18662
-5495
-5993
-4532
-11814
-21309
27181
-13748
-619
29427
32212
-9792
-14909
15105
27116
-28645
27424
-17426
14501
-272
11875
-26345
-17296
-15412
-2329
-20961
6822
9892
-11942
24908
-511
29100
31682
-21874
-3283
-30728
28018
-30908
8289
11510
-23868
-27306
15229
-1531
27059
-14134
31335
12325
11227
-32042
12634
-4113
11724
25340
-18872
8547
14402
17829
-14644
-26185
628
-4128
27952
-29058
3396
-25527
29273
17486
-32198
-5813
-18501
15996
3387
14187
-10402
-15202
-29117
16690
25374
-22879
21077
16794
21432
3145
-26073
15567
1333
18716
-28876
13135
25084
-11379
-11280
24238
26842
8821
2024
-28037
26835
-954
25007
14318
22130
-6752
10886
2670
11373
-20433
-6111
-5527
-7883
12841
5299
17740
32663
-28524
20477
3634
24950
-31349
-9347
31849
-1405
-2059
-6383
8349
8652
-23514
-2272
-25424
-13788
14017
-2719
30592
26400
-12640
-31671
9285
-19008
20619
-13884
27296
24509
-15999
9741
-22436
8152
-25548
-8309
5443
28876
22895
20932
-10567
-14413
-31226
3548
-31683
32398
-9496
21145
13487
7398
-19574
-6240
-20998
16626
-30612
-14596
2313
-32570
32370
26807
-21052
-7252
13497
-17528
-7845
-12306
-10359
-23934
30148
12793
202
-1657
23213
-11984
26704
1090
1846
10415
-13714
-30917
-409
5356
8486
-4742
583
-32592
16501
-27003
-29427
-19719
8357
18216
-18383
-8364
-5671
-15308
5693
30046
-299
31940
23895
1873
-779
-15333
5664
-12963
2813
-3435
-28997
-9279
-13103
-23567
-24305
29533
-5752
-28723
13636
19384
-23549
4921
-29195
-16910
14419
-13102
17574
-1242
-21121
13303
-22337
-26033
-9614
-22640
25878
-3156
22601
28439
27665
32056
-10836
23767
20390
-8378
-32425
-20179
-25663
-11501
-8199
-18363
-9779
-22771
17653
-25402
-24625
-7012
-17010
-2962
-19772
-29052
-10999
30503
5917
-6952
-18548
-23183
3750
-14551
-7341
-12692
16623
-26339
-17999
-12010
-30869
-860
-4062
325
-11027
-23336
-22858
-7309
30907
22371
-17923
27643
20737
-25997
-24866
21337
-26893
11655
-13738
-32735
13698
-29289
-13676
-214
32484
-22751
2337
29859
-19178
11378
19323
17429
15223
-8682
28034
2473
26592
-20489
22539
8911
-31475
27495
-29929
-21248
-27151
-2507
4081
18517
-21404
30748
31488
8386
-4050
-18931
-28579
10245
-23534
-29987
19855
-23532
-18074
-15615
-24238
-3329
-30905
-4425
-19538
8091
25675
-27643
-16039
23026
391
-15145
-13287
-18516
-9673
15340
9016
23456
-7763
31733
-15860
27468
-14435
31458
-13292
10770
17448
-27686
4759
30378
-25338
-6203
-31049
13394
1642
21577
24475
8356
21691
11546
17292
3280
-7084
16712
7033
4664
6642
21225
11372
-6290
-1627
15682
-1092
32634
12210
-18872
-12123
31681
-26291
4053
20478
-23271
-13650
-1017
14451
284
22725
-11981
30094
31557
18945
-18901
24481
360
22617
30018
-252
-701
-13059
29647
27669
-19364
7665
8188
-30217
15061
-11001
-6104
-15535
-27158
-20752
30949
6488
-24792
-31119
26464
26803
-18905
-27574
-24388
20837
-10773
29012
-31431
-2829
17909
-32558
-9692
-7598
758
12367
18242
15240
-15343
-22487
-20196
-30869
20543
-28157
1000
26098
10269
24606
31334
-4299
10936
31988
18436
-28613
9015
-31240
24
-14570
-11718
-30459
-11976
-17770
-625
-11865
25774
-16159
-32243
-21883
32429
22565
-19776
-25549
-30854
31373
-7055
-22082
8685
-13503
19575
11423
-26173
-12003
13141
8432
16957
14542
21176
24707
26105
14266
-1287
-20868
-32590
-31975
28519
1104
19249
-27941
-19691
8204
-21153
26136
26587
1604
-2875
-31697
16737
-22710
-8402
7172
11703
-20047
-29167
15651
8658
5673
10849
16849
9751
8406
-2334
27878
22089
29930
2928
19480
-870
3344
9622
-20249
-8504
-31476
10149
30358
663
21735
12875
8223
24961
-18960
10076
-5284
-32705
-675
-19020
6796
8183
-5528
-8575
-14840
-15463
-25368
17006
4251
409
10391
8165
3431
-30629
-2470
-10770
-23393
3575
27039
-20613
6032
-29607
-281
15856
-4589
29735
30297
-32275
-30422
-4124
5953
-22346
-6135
8991
18415
-22206
4316
24584
12676
4535
12268
6612
-10816
16803
-7981
7463
27156
-6082
-10244
-20837
-6014
-26360
10974
8401
26182
11795
-19913
30941
-8110
-1370
-31529
-1976
-27075
18265
-7447
-17070
9638
-16974
-14874
-9060
21721
10848
32197
17304
52
11658
5455
-27151
13249
4097
3516
25958
28968
-7560
14251
-12426
31563
-27204
-8770
5621
-17367
16728
-17245
7646
1574
12950
-26478
-22881
-10107
-7500
24370
-9534
-24253
29542
-289
9731
-6740
-11334
-29306
-15556
282
26371
7479
31191
-14957
-17691
-23184
10970
-19892
13876
15829
4070
-28358
6717
8376
-28028
9540
-19490
7859
-16350
-7154
-18049
4652
23418
30939
26843
-8838
-2700
-4767
6258
11898
24813
27812
24217
-14326
-14936
-26894
5042
10492
3202
26077
-23996
28080
-18092
29140
-7935
-30927
-27615
-9291
-3469
26848
-27178
-2249
24423
-30653
-28145
7169
22695
2587
-4353
-22123
-4993
-17374
-30278
30598
25112
1347
-19002
-6219
-7888
-13839
-12899
-31771
-14442
-22576
-23717
4805
16560
10287
31267
14127
-13739
15098
-3584
-19348
-3258
19599
22837
22755
1093
-17349
24156
19465
22828
31500
15860
-24997
2649
-17039
7873
-27934
-5407
-20618
-6137
-27087
-14401
27471
8875
-18889
-24047
26203
22280
-7539
-10392
10150
-28534
19996
-3263
15537
-1238
5750
12104
20564
6829
1208
28168
16953
-16206
-6326
12394
30245
-25974
181
17842
-4424
-10266
1793
31746
-22409
-14163
23461
-578
-11255
29119
-26443
-31500
-29535
30848
2535
1831
-4564
31795
-27884
-25821
15344
30027
-22999
-9207
11089
-3786
-2736
8943
-29871
-15131
12822
13951
9572
27122
-27558
-5911
13730
27996
6561
19505
-7413
-32385
26619
-28345
-11500
7172
32619
-9866
-28640
16422
-26740
-6031
25149
-3194
24615
22941
8955
-23805
-21757
7882
32073
4506
11169
20974
11445
28885
5429
18286
-29132
-19823
-32588
-1027
-31199
4648
-28555
-20329
-7083
-26939
-27037
-159
12188
-3661
26715
8065
-26484
32519
-1175
-17677
7324
-10293
-6547
10203
31428
-5831
4117
-29871
28431
30702
-20049
-16152
12145
-13420
-20716
-30771
26239
25234
-14758
-1092
14227
25308
29045
28721
31869
-5383
-17419
-24784
-12405
27774
-7407
19531
-19473
26337
-26407
-7658
-6261
26922
-11462
14742
-20551
5181
-15415
7343
-16004
-16516
-9708
24003
10077
26110
21686
27817
6496
-10638
-12986
5872
-8263
21408
-24382
-5091
-21229
10186
30312
-21780
15506
-26632
-22315
-16558
8309
-2135
-28052
-26179
-9920
32552
27776
-29569
-13402
-23372
-17577
-31085
5763
22400
31334
-6897
-16877
27977
4716
24197
-13072
-4737
7074
-22323
-30213
24015
-6109
-24534
-9042
21515
-6126
21966
-28603
-12104
-24963
9619
-8086
24819
879
23505
-31783
24549
1703
3551
-2987
25971
29476
22156
25951
-27293
-12032
-24830
-30180
21512
22227
-13966
-29586
-20873
11743
-20728
27653
-17069
-27369
-32676
-17149
-6800
21980
-3574
-5799
-2724
-11367
-6030
8549
22345
-32178
-24379
923
16053
32420
3006
26444
-5043
-29030
-20066
10211
11940
13457
-23182
-2156
9426
26247
-3833
31455
21548
-20906
26187
-4715
10712
7808
-27787
-19194
16625
-31646
-28549
9921
-18457
14002
-28892
2454
30691
-5829
17179
14744
31463
21172
-26500
-29863
-12323
-30533
-22121
-31085
6381
-32401
29131
-29948
-24854
-30959
25464
1241
-15986
-19120
-24984
-9376
-16505
5517
25554
-27291
-19526
-15809
11243
2785
-31037
-8079
-31999
-22597
15919
8940
17157
12717
20694
-23649
26198
19273
-17678
27107
28437
-26841
-11794
9865
17859
12234
-30323
-15095
-15299
-16730
-5393
-24116
-4253
30881
29208
-32490
-3043
-27760
13313
-30311
-31410
-2401
-15068
11748
-19423
1616
25666
-18752
26165
12734
-1617
-22889
-4290
4386
-5150
-24949
22257
-7309
-21823
-9050
-174
7224
21758
-22385
-16489
7206
-11870
-12279
-26509
26078
14077
15949
-8938
32464
-24021
2334
29884
25037
16628
-20577
31866
-17326
-26922
15944
-19846
4379
-17947
-14138
-30548
10252
7557
-10789
11143
24410
1323
-12795
-30030
27594
3762
-29284
24252
-27156
-20369
-17817
-22578
9517
22118
-466
-267
17208
-17392
-29026
24299
-7090
-25780
7867
-11442
-31510
27403
-1372
-363
-13566
4389
12509
-15673
30285
-1060
-5752
-4053
-13196
-7930
20970
16813
2016
28289
30197
27526
12012
-12476
-4207
11997
-7035
-5320
-22695
-19965
10864
-28620
31626
-20738
-13197
26058
21623
4258
29383
12882
-28643
-2296
14543
22145
-26699
-26848
-20504
-26385
-8356
-13072
22080
-11797
-21092
3217
-21058
32273
-27047
31980
-14311
-2326
-5203
18452
-27375
30040
6528
7181
23178
-15451
15599
29695
20908
-17454
-13123
-13790
562
3184
-1475
-18296
-17044
16556
3843
31347
-19367
6711
-21076
2820
-29867
-21022
-27969
27164
32704
-13333
8565
21333
22958
-21206
32552
5641
-24333
-8155
8475
-23962
-17189
23600
-26894
-8378
-13324
-30817
-24678
-12132
14163
-26681
-15254
-27403
2752
-23499
-32123
-28234
-27628
3294
-14657
-12328
-17240
21845
19401
-7157
-17237
32496
-18730
9634
-5102
18646
-18679
-24254
-21950
9745
-13786
-14092
-797
-994
-11314
8748
12767
-29404
30665
-8458
-23936
11269
9292
13446
17311
-32486
-18081
16238
18270
1197
21338
-23520
-27388
5966
1239
-17115
29209
25144
-5347
-28313
18459
-24199
1685
28310
-1608
-15933
-29577
-14075
-8653
31357
-22609
4911
-3986
-16156
-871
-13911
17686
-2558
10087
8521
-24228
-17548
-24441
7393
32130
8447
-7303
15549
16439
2159
8869
-14350
-27514
-5454
-26650
-22569
-25833
32527
4570
2184
-11751
17753
3121
-11304
-13385
-8122
589
-10065
26313
28163
-22172
-19708
-18517
-18370
-4900
27567
13693
-30982
-30675
-24099
-5055
-28115
-17308
7259
-10010
-9711
-32209
22977
-18032
-31516
16585
19386
-18904
19912
-16653
-19819
23225
11764
2362
-14723
21794
23463
-23924
7861
16730
11215
-3550
21166
23133
24348
1962
200
32330
20566
-13382
-552
22455
-7601
-31380
8998
5804
11418
736
16092
16693
21419
16669
9843
9159
2993
24545
15120
8960
27677
29355
7465
-12845
11801
-366
12389
-11610
-26725
-16702
10501
-1198
4190
-312
6510
31197
17515
-21703
31783
-31481
-28177
22399
32694
8986
-15212
-31622
18352
29670
-16274
-28671
-17827
16136
-5162
7862
1910
-7895
32504
26656
29845
-4348
4259
7921
-22380
21585
11330
10738
26618
-265
15974
-30041
-21815
-134
-25731
-21955
31294
-31407
-21365
-17338
2861
10921
-9450
-3005
-26234
20820
12218
-10090
-31924
27896
19356
16512
-20492
-26778
666
-22099
28465
-18386
1494
-29246
31653
3012
-27393
-24100
-30101
31418
-17718
21923
-11574
-15665
-19134
-27217
4731
15019
-17031
-4490
122
1619
18465
-3598
-5700
26510
7245
29055
-5552
-22820
-13093
17550
9848
17195
3024
-32338
30157
-19249
-17305
7055
12254
32479
-31512
8343
-16847
-13547
-27354
-21295
-31503
-18741
-16577
20340
12092
-31298
-11933
-17922
-8590
-13466
-2130
16912
2454
16245
-15494
10387
25588
20862
222
7112
26217
-25677
30855
-6885
14691
10952
11035
10961
14498
-27330
14110
13105
31357
6182
279
22154
-9015
3563
23304
-20853
-24730
-22767
-10797
-565
6415
4437
-23883
2400
-26880
17843
-32571
25502
19124
18308
23569
1736
28322
18727
1692
-5712
22953
-11504
-2107
16958
-6996
3238
17068
-24804
22425
22196
11484
-30294
-2287
-19856
-30127
27019
-20686
-24091
22760
-18011
-6974
30301
-26279
13229
-13621
815
29862
9651
-2500
29101
-6588
-27291
17799
-3981
-21398
-24023
-20657
27684
-18110
8157
32203
-436
13323
26640
-15568
30793
21307
18219
9455
-6629
27306
-29689
-30089
25517
5174
15178
-12534
16540
11565
9637
2909
27070
-6921
-29902
13498
-32186
-14686
19140
-1373
-1745
21758
5923
30707
-18541
-26790
-16140
-28517
-31294
29401
-27661
-2766
19252
6742
8144
-18169
12679
20391
19953
29718
-30629
-14086
10068
-21793
-4927
16261
-20786
6457
-28720
214
-6591
28041
-10463
14552
27965
-17736
21894
-25686
-22441
32300
-18565
5499
-4814
19645
-1600
-7633
20383
9690
27701
-24642
-2221
30900
29071
-31583
19553
10652
163
30775
8891
-31458
15246
-24645
-24965
-18911
-3174
-27049
1027
-18570
-9876
-15989
-16828
-31609
-18494
7813
-1728
-6819
23970
-24215
32340
1831
-11615
20535
30647
9778
24684
8037
-16287
-15628
9870
-20732
31650
-24779
-15793
-23239
13296
-27029
19212
-25920
-22687
-17159
7675
19276
-2725
-14891
18618
9490
2035
-21198
-16903
-15645
17962
-8544
-28657
28816
-31014
-5325
30189
12522
21734
32329
-11079
-11322
6894
29688
10035
25954
24116
-15884
31034
-2283
21572
-19423
20105
13839
-10984
-13807
-5694
-8056
-28699
-1292
-12287
-16946
24556
-23361
-1685
-26461
-31039
-16037
-13863
-3494
14601
-5271
1875
28191
-9625
-20300
-6500
-1623
17752
-2520
-16029
25319
-24164
10186
28908
-14309
15024
-28378
-25709
-5437
2811
29520
21290
-31395
8220
-15999
15837
10497
-4454
14749
29150
-27222
31244
14836
-8228
27939
20382
24588
-16117
-4961
-32045
22763
8772
-722
-21626
17028
-32026
22425
16040
19794
26753
6140
10702
20645
2622
19333
-28227
32334
-8242
-7692
-2724
20858
4991
-11423
7143
31058
19755
9652
22783
15180
-634
1756
-4836
-20598
-5
-14114
-22667
4184
-14897
577
-9471
-27159
-19651
9917
-9046
1392
21011
920
-1066
-9678
-2142
10420
-16595
-20092
-25659
26777
-21557
226
22617
-8441
-31797
28238
-18036
-28281
25439
18244
-26639
-28088
-9188
-23935
25080
8921
29469
22846
413
-32447
6398
2695
-30551
-20397
-15942
-13100
24723
-3229
14228
8812
20471
-139
-9676
-3824
13157
-10804
4342
-9404
24840
-2107
-8843
7565
16490
23744
-25499
14517
28178
8355
-20275
6710
-15401
21370
-10648
3103
-13548
23066
30236
22863
11009
12463
9913
24719
-9957
-11929
-30139
-19337
2094
-30084
-11248
-6266
6010
-12230
23285
27580
30829
30912
23161
-12155
6927
32396
13768
-14676
4649
-26590
-2430
27588
12863
-23130
26564
5610
32342
24757
-13845
18019
-5260
-4815
3604
10565
-16130
9867
30717
12713
-17893
14294
-4277
12379
-18166
-16908
27793
17623
15407
-8860
14693
8324
1093
20228
13709
-23458
-24844
18506
-6965
12919
11012
-8885
8028
10118
-1968
6856
-23531
20616
22817
16297
20184
-9205
23252
3321
-9890
-14495
32606
29112
-12217
23573
1924
4407
1026
-31585
28548
-14720
14136
14618
13178
28640
17045
-25346
15659
-4931
-13785
-18852
-6105
-24365
16551
8024
21201
-14317
4519
4441
9385
15039
-16696
25761
8585
-17416
31588
7821
6284
18215
11628
23228
-16429
-931
15546
28757
-7340
14384
1193
-20320
-26217
-7217
13515
-20612
-25640
-27269
25934
-29988
-1952
28536
232
-23493
-29273
18552
-18590
10016
31902
-10719
28158
20233
-21657
18729
28746
15258
-19978
-11213
-21517
-22870
-24879
-3072
11254
32028
8298
19762
-30377
3495
-4316
-15626
13294
-25259
29975
20628
-5908
-31630
-5230
15235
-19162
4101
24097
3712
-31656
-13487
-14483
20839
-6488
-13773
-29142
19440
-7736
4379
14730
1033
17147
-3506
-15214
6017
1822
2511
-16338
10876
10282
-2904
27014
12189
4905
-31348
14180
23091
7007
15265
-174
5026
11913
-24825
-25119
-29920
-21603
22483
-23296
-15650
7858
2401
12006
-18200
23328
-5343
-1226
-22824
-9505
-29933
1372
21818
-3000
29413
-24261
-25037
14717
27581
5234
-7668
24167
669
3703
11317
8435
6781
13866
-13539
20112
19674
-7751
-6925
17585
-7725
25538
-8409
23872
-32448
-31257
-1
13616
28096
-13311
-3061
-23491
23156
18979
-25083
28948
-17976
70
-22923
29734
-22557
13957
23422
-23096
12603
17393
-19683
-7414
-23305
-7731
6940
23551
-31414
-11213
7199
-23301
-16302
-10859
11568
21210
-12252
-31546
27809
-27298
30915
-14207
28588
-27973
14831
-27953
22332
29724
-23935
-27957
18315
-9698
6979
-15636
-23844
22093
-17115
-14817
-3275
23122
-15327
28188
-24180
-17128
-19678
25400
10633
-10118
-28470
-5364
10254
10464
-28658
-6141
20068
-21315
23341
-18519
-14610
30585
-30065
15080
28338
30419
-7996
6809
6316
-10671
28793
-9452
-13061
21474
-29700
7516
-23149
14935
-26532
-5384
-20286
8204
8972
-26038
18012
15843
32619
-19914
21766
-10003
-13585
31057
2195
17450
15550
-22844
-24224
-10756
24971
-10388
27171
-25877
-22039
7340
29144
-23458
11851
-21218
23622
10822
32113
-18567
9045
18736
24023
20701
-6274
-26447
-4145
1315
-5571
3467
-22746
3879
-24586
-4687
-10948
4161
31577
-940
-1827
-30760
5767
27211
-18486
18734
32288
14558
24420
-22723
-4092
-17545
27886
6346
-20360
32303
-18750
1377
-920
-21078
30430
-19278
4867
-17462
22051
13299
-10560
-4844
24276
-15211
-17430
-31337
27571
5573
-10163
-11782
14387
-5334
24476
-21809
271
-1668
13933
8063
-4625
-16259
-26490
11756
762
-15477
-7306
818
-14299
-18082
7802
-1089
-1855
1135
31189
13616
-17893
7405
-7175
-1157
11884
21201
10313
-16541
-7783
-23655
30835
17881
-16463
5007
4380
26033
11900
-1336
15067
-20255
-16712
3088
-18487
-22584
30287
2217
10771
10536
-4970
-822
30211
16779
25301
-5399
-24601
25665
-20087
23755
12037
6861
22420
-29692
-19100
-10027
-31060
12374
-27659
17258
-13474
-2287
23011
-2511
19702
29556
-30607
15558
21335
-22455
-25138
-14081
19414
-18129
1004
-11158
21859
6060
-8368
14866
18022
23993
26153
18364
-11515
-14539
21624
19658
-25179
24760
5091
-14690
14138
-19643
18759
-27667
-26388
-6285
-22307
24672
2045
11159
-20598
-4133
16891
-14304
27472
105
5041
24649
-14143
-20385
1976
-18575
17999
1459
16616
-17582
10894
-28004
-8403
-2373
-26180
-25468
-2788
9878
-15086
-26436
-16995
6174
28818
-14006
-13877
31827
13535
27681
16119
23186
-364
-14160
4761
19335
-13996
-24954
11152
-5884
-17535
16702
-5600
-7010
9413
-23928
-14913
-27306
-10295
24800
17476
13879
23628
31547
-15068
24664
-23105
-16667
16020
-4940
-22708
-16685
-8630
3743
-12328
13037
-7834
-29761
19362
21701
28108
-16396
-14803
12630
-10087
21193
-27175
10349
20233
1326
22132
20748
-22257
-17233
18131
3873
32044
-3597
3726
-5641
29672
20552
14696
-13847
-26802
-11767
-10674
-11479
-18848
-1322
-13241
-6090
-19018
29315
17537
-20776
-18079
16087
6112
12881
-15111
21393
-7272
-30863
16495
-8884
-16271
-9058
-26243
1600
-15552
29532
-17088
-29889
31277
5156
12370
-26537
480
7807
-9464
25694
627
-15786
-27781
16594
4494
-12222
-3721
-32699
-19354
-18578
1872
8993
14921
-9760
-18041
-25434
-10951
26964
-19596
-21560
12463
-8589
-21629
21260
-15456
-13632
23426
-22718
-58
29943
-17147
30104
-23331
4030
5579
7803
20575
-27040
6870
-29026
-6635
5570
-9387
14994
10585
-12601
-25663
195
17785
10446
10347
13860
8855
-14454
-2144
-25159
23435
-10064
-28490
-17617
-16003
-15987
5462
15020
25527
-24050
-12632
19000
-18441
9456
-2460
27337
-29301
-18037
-31810
-32530
7947
11391
28093
25641
19673
-28837
-14139
17838
27068
-22818
-24078
-16571
19837
-22514
-14228
-20319
32722
396
-27083
-30481
31324
30373
8723
8024
-8510
-6159
2355
-4176
13726
311
4404
-25251
-19009
28659
-7395
-10806
-11730
28451
670
-4400
-3682
-16816
-283
-20627
-19220
-21270
32051
28351
-19890
-3746
-18551
30714
-10387
-15229
-3454
-26531
18402
29592
-21133
22399
-21796
11987
-11771
-21954
-27835
11045
-17996
-7477
-25807
19177
-24195
-28792
18443
10970
-2133
25290
8757
-6872
-17171
10294
-25464
10298
-25611
-18313
18085
27346
27542
-21454
-25414
31605
-20708
16547
-15770
-32303
-11219
-11632
-25862
-30171
-9227
198
3984
22028
25472
-28955
13559
-18521
18824
27296
-15106
8290
30609
6236
-18867
-25376
1562
6257
-9868
13877
-25493
-2580
-370
22702
-8366
6858
-9248
11864
-30118
22511
-3464
6086
-17203
-29142
11383
8681
16292
-20029
-11082
-24796
25605
5378
30449
14484
31608
-22150
-13283
-12189
-12412
-31587
4044
23838
-31868
6712
-32583
-15191
-14311
-6947
-25517
26301
-26685
-10371
-10032
-217
-17937
-18285
5256
-21662
18102
29137
9279
-15934
-23517
-2466
9150
22261
22804
3723
218
3203
-854
-16681
5538
10610
-9659
6033
25720
30186
27736
-25060
-27655
2728
5055
9993
-18645
-23992
-14510
-16962
8657
18492
-8642
-5817
22502
-17493
10726
-59
-28131
-10120
-3842
16914
28472
-12995
-1921
-9449
7303
-12924
16462
-6464
-22933
-22435
-31984
21481
28551
-19034
-5951
-12357
-32289
20698
-29893
-27149
-12899
-31709
13471
-2152
9612
7977
16341
-9162
-15709
24880
14635
14093
-4327
-30983
25942
-17232
23485
16350
-16190
25327
13183
-31115
24826
784
-24195
26742
27584
28305
15207
29100
-7339
-23749
-6741
-812
1239
-10571
-13783
14704
3744
-1271
16886
-344
-4725
-1393
-29998
-23856
-950
-7850
20912
24251
-12892
11748
28871
29736
-28076
30348
13302
11206
26114
-32158
8766
11724
-19365
-26814
-32744
-12172
-17641
17394
-17778
10088
-11829
-22474
26998
30445
22617
-24024
22997
-5372
11155
-22980
23980
-35
-23842
29814
-21215
-11735
4519
-12919
-2530
-14052
-2871
29800
3909
22981
-20542
10929
-20939
23437
20008
-13276
32355
14693
30570
20189
14580
-20165
5865
23285
-28714
17116
3295
9375
4098
-5484
9499
24644
-18733
-7522
-31649
24862
-29584
30128
5125
-17010
-7458
27040
23763
-26782
5222
3884
-26798
20304
20587
3500
28640
22451
7966
9293
18359
12353
-7439
-13212
10094
-14708
-17416
-2847
-9788
-20871
-26224
-4769
-3476
2000
22768
16345
-22208
31370
11975
-28765
-8975
32312
-24565
-32105
-20841
-7157
-24642
23427
31097
-3304
-26218
30572
21008
16479
-20265
13959
13530
-21990
-22182
5152
30856
24884
16161
-10965
-31615
19102
16018
10910
-8871
-7227
-2504
10570
-8658
-8626
-8969
3905
643
-10697
-7064
8722
-3968
-30571
29493
31445
30420
24523
-4070
9693
-29379
-20122
-9627
18981
13585
14069
10768
208
-31659
17032
-31346
-10072
8861
26793
-23527
12328
-485
-5741
-23788
30370
15044
5529
23252
18859
973
29400
-30199
-1603
19257
-2522
-7202
-374
13575
2641
15601
4201
-262
-2814
14959
13135
8939
26805
-20292
15020
24375
-3640
3467
-26672
11059
16974
11757
8404
-23286
-17766
17856
2284
10247
12569
-8001
170
-7483
-25403
3127
-3841
701
-26125
-26240
30104
-8972
4102
861
-18776
-24101
13892
-21876
29854
-25605
30669
-6160
2808
-5849
-26204
2077
21425
26821
-13672
-13411
7466
27826
26269
8755
20470
22491
14532
17707
-25255
-13287
-31280
18381
-4874
19748
-7938
12133
6763
-4262
-27349
-14659
-13716
3286
-3611
-16599
-11303
-12847
5519
-1940
15383
19757
-17592
2827
2052
-14715
27683
25920
-26327
31563
29326
-5445
-21610
-12358
13278
19224
11321
15400
-19060
-31834
11767
-31274
8210
11458
-20940
-31679
-4823
29944
-17992
-206
18830
13110
19425
223
-18962
-14982
-18414
15218
-9414
-13443
22871
-32109
-19946
8089
2574
-13330
992
3694
-4345
16049
2607
-6271
-8574
19742
-4533
-32116
-7917
25551
-6339
10301
22729
-24908
21589
28403
23261
-17396
-21169
-1450
-26583
19850
12754
-20912
-3899
-4653
3512
-32149
-20567
22139
-7696
-15008
-25308
-23493
-17861
-22759
24780
10295
20613
11459
-27598
-12315
-9189
-20155
23189
-29807
-20634
-6195
31970
-5891
6954
9862
30617
13846
-9029
5162
-4648
-25371
-9315
-20999
-16575
-9548
8588
-16600
21395
-31652
22130
6618
21429
17279
-11957
-11384
-9422
-26710
-30416
-24509
-7679
-16825
-589
28782
-20453
-22789
32052
15933
-16170
31880
-20530
345
3729
-1978
29689
4440
12017
-13624
32202
20832
19700
15680
-6621
-20566
22874
-6096
14062
28243
17160
8930
27601
25697
-4842
-7842
28751
-18085
-18065
5171
18423
-18313
-30024
24238
6345
5331
-20268
-18659
-27311
-22290
-18754
11900
24896
-1535
-24983
-28627
-8205
-20683
-23325
10840
10787
6999
21430
-3373
23284
-26485
-17682
-15267
-14336
-5425
-2381
-31276
-1552
16496
16368
20182
-14880
-18657
18603
-12469
28915
30270
4245
-10020
-17846
-5676
-7048
17783
12383
14062
-31561
23412
-5476
-16346
955
-7533
28347
-28127
8170
-7803
23462
-2037
-14077
-12254
9225
6757
-7760
12996
-1365
26780
-14269
-27336
-18481
-3921
12249
-19954
-6618
-23214
21988
-18611
-18337
26171
-12264
-31772
405
-10861
-13781
19391
-11799
-9893
-19455
28452
-11256
-13599
8244
-32488
17333
18009
-23188
-30068
30524
-18941
-9314
4741
31826
-16229
-29007
-12762
-26091
-31635
-20155
17536
-31669
31428
26211
17863
-13081
11656
7350
30709
7922
-68
23145
-5062
16921
-27512
15673
-782
-19564
-29140
13958
18105
14025
-30922
17222
25331
-28741
8384
8285
9856
25603
19774
-15561
-13794
20535
-4764
-11287
17070
-31785
14562
-18357
13604
-24462
-26203
-12429
25785
19700
-12772
-2764
613
-20731
5823
4765
21561
20142
-21953
-18236
2003
-5013
6849
31105
16779
-18581
21492
-23928
23608
-12651
17772
18648
12292
13812
4004
-20423
28943
30868
5887
10726
15856
-30613
-17490
29337
26908
-8033
166
-25123
10560
-29347
21948
-2005
18078
-19935
18593
11797
30698
-6481
-19791
-9853
-26777
29268
-31947
11141
13186
-18230
17097
-26302
-23487
-6059
25084
-31659
18141
7168
30978
25445
12669
-15327
12764
22208
21196
-10632
-25570
19123
22680
31639
25242
-11921
4941
-17706
3407
-10513
-4012
-22941
-24941
9846
24366
-9092
-17633
4688
-8876
19292
-9058
28575
-2087
21183
-27093
4314
-6189
-11410
22109
-1937
-18092
1280
-22171
-15542
21872
-17591
22469
4823
30756
11603
14601
2906
-10174
-5931
5916
-7502
4315
-25130
-3160
-23449
18395
-29724
28605
5138
31810
-3094
-3287
13721
-15306
12356
-1357
-4809
20670
9691
-23021
-23182
20922
-780
-21288
-5763
-9157
32697
-27984
20762
2316
6822
-26076
-31861
-9917
-20777
-32667
19125
-15905
26978
-26820
-10741
16139
924
24116
-12469
25621
26929
28957
12192
209
26968
12978
28804
11752
23264
12629
-10222
12005
25550
-27452
-30227
-30821
7847
21835
-9972
-21754
-8699
7964
15888
-19570
14197
12198
25379
12370
-15315
-28904
11409
-30870
-29514
-30644
23924
-8806
-17657
8657
21049
27141
16237
24782
-1205
2067
-20267
20661
-1068
31306
-21924
3526
-19233
-6013
14811
-24144
20017
6986
22647
14118
17171
32394
17608
-13647
-28449
-17069
-29643
16732
20753
-4416
-10933
19324
9437
3575
-5485
2637
-11146
-734
30178
18334
-21499
1685
-20038
21428
18359
9551
-11926
-11200
24655
2952
8412
12960
-10953
-2091
21035
31077
15137
47
-31838
20611
28539
-4136
17279
21164
-19067
-27698
6141
-22487
-19855
-17310
6084
4314
2417
23592
12965
-11908
-2089
29770
8504
-25699
-32220
-5039
-3273
31341
-28909
-22314
-14802
3338
6458
26383
8032
2101
-29272
2680
17058
7415
-31584
-7123
-24092
-15667
-1017
16445
-14676
20402
875
5301
31827
-15886
-18744
-5914
-25372
15817
-29446
-26169
18094
-4046
-31402
30275
-28832
-27360
30856
21110
-31385
-729
22833
1955
-3886
-30826
-4878
21099
1358
-25185
7013
4515
6062
27210
16640
13493
18363
32078
30035
24126
-18428
-23645
3523
-8410
25785
-4728
27398
11762
19014
21830
-3611
18018
8054
23646
22165
-3456
8887
-28334
8802
926
21214
22624
-16940
19801
-32240
-13469
-13175
17552
-6710
-22297
22373
30085
-8726
31755
6640
13878
9145
-11637
1785
13386
31387
6134
12241
159
-23258
-19352
-7035
-23316
5627
-13978
2294
11475
-17435
-28121
22883
25159
8461
-3502
-12342
2592
2108
17053
9341
-1538
3692
-28974
25161
-12115
6246
8522
11501
-9372
32237
-17089
8823
5523
30774
21540
-45
-5002
9209
15619
24883
-24285
-25351
28953
-7335
10395
31504
-20340
-31223
-5442
-29661
11500
-13435
-8076
-29733
-22757
18637
-17010
-32371
4202
-24135
-19377
3313
5814
2674
26928
-32183
5541
16537
17976
24544
26291
-20387
15653
-21990
14409
-2853
28976
-26104
-12941
28941
-30959
-14292
-4997
20991
-10853
-27717
-22910
32743
8484
-3112
13954
-27415
-13559
19382
22996
4058
-18660
30446
5823
-24022
14589
10033
16653
-13060
-32090
5921
19118
-3832
41
21959
-6591
15320
24405
7285
-31672
19161
11787
-14207
-29350
23297
663
10565
-27754
-1503
17252
-15831
-7821
5550
5900
-7830
20353
-5286
-29148
23525
9285
-29770
24078
-6992
-14645
-5200
13301
25344
20889
14336
-20904
29266
15392
11456
29308
23431
-25893
8382
-13318
28187
32068
10395
26428
-17537
15689
-24781
-14100
21824
7160
17282
-12184
23166
-27697
14796
-27237
-18176
-2282
19526
-27689
-13685
12420
-11098
8339
-3
13589
19465
9871
-23756
27549
-8770
21887
22934
22554
17594
17496
30879
-3023
-13285
4877
1488
17214
7696
-27968
-26577
-15851
16195
-13922
16133
-10032
13118
-30465
-21255
27334
-10499
19876
-23156
-26946
27032
-22968
-17808
-2901
21044
7097
-18031
18672
-3706
-14142
13634
-19105
-14637
30150
6207
5722
-30220
-15506
15713
-24061
-10401
6466
-1048
7058
-6599
15313
18788
-23694
16764
24725
-814
-17073
22604
15568
16571
29681
-28820
565
-25629
-10092
-26187
-30714
28388
-29823
4881
8200
-9716
-12713
-20134
19424
-23920
19085
15555
-7943
15607
5012
-18090
16512
-3496
-53
5095
30795
15670
12159
-891
-15100
31277
1109
24813
-6763
-5641
31962
-1525
-25269
32491
3787
-8810
-6488
-12593
-214
4300
-12936
-27647
12137
-11684
8046
-10425
-12897
29720
6706
7054
1595
-28625
-9957
-26036
-12556
-30834
-23137
-7174
-18198
26548
11431
30126
-12285
-3991
28732
-28077
1387
218
27288
-25534
-24303
-3720
19715
4089
25745
-189
23708
11593
-23089
29164
8072
-11414
23928
7482
26048
-19290
-22388
-9030
11703
11464
9041
-12457
7131
-15424
9927
-13723
-25305
18443
10983
27800
21096
-10088
-21912
-316
-25993
16165
5310
-6337
-2129
8689
-15390
-20216
27561
9117
12208
14643
16641
5683
14885
-11296
28240
-20786
16756
13735
29821
-17847
19533
-3966
9857
-24434
28313
-1325
19642
26204
4747
14609
15424
-25392
5278
10430
26338
19407
-30651
12331
6504
-2950
26435
29924
-24950
5589
7513
12386
3765
-6293
-9146
-3373
13515
19824
-31840
29999
-5598
-31029
30179
27319
-18757
11637
1774
16824
-13399
-6343
-12195
-32685
-96
23770
14538
8348
-30671
-8549
22097
-19964
23906
1636
-30584
-14644
6459
-20011
5072
21621
-7716
-24191
17069
26937
7500
8522
8413
24069
21991
8528
-3836
-21324
-17748
-4482
28637
-26496
-66
-7188
-24006
19424
-20187
25514
31463
26364
6644
-2436
-19685
21940
-16090
8514
21641
-13594
-13280
-14665
-8474
-12392
-15869
-26557
-5616
-13791
-30609
-23995
-8433
23818
-6130
26033
-5378
-5803
29180
20560
-6431
22546
-16200
27020
2626
26758
20922
-12750
-10103
7926
21717
25716
-1123
28913
14927
4907
-14072
31630
23966
5053
-27205
23071
-28074
13565
23148
-20703
-10532
17729
-18035
-12487
10466
27774
-30538
6300
-12117
14013
4974
-11774
-27956
9362
-29070
7364
-2805
3345
25820
11042
9714
-7808
-3426
5682
-29935
-28736
-23765
-22723
-22837
23133
21505
-768
25114
15132
15084
436
30307
29723
16853
27026
23776
5394
5849
-2590
10562
-16360
-5312
-12342
-13253
19421
-18893
28493
-1333
30411
-22251
5064
17177
19459
-23045
11941
26246
21451
14260
3876
-4568
-17850
-23330
-2821
-5846
7352
115
2918
-16393
11911
-19119
31492
-21445
18184
27502
-25350
4363
-25084
4733
-8013
-12730
22627
22794
18582
-19089
-829
-10664
-26743
8580
21576
-10921
5571
15
23436
24797
17340
31250
26617
-22529
26305
-29737
-6763
-120
-10020
21192
-21120
24992
-20655
-15253
-20634
-8017
6476
163
26017
18735
-22981
-18321
22496
23411
28451
-5860
-4634
32039
-9855
-20073
-24640
10274
-23789
-18230
18250
-31990
-23557
12217
-19069
-4645
7336
31188
-21304
-21496
-2786
-6394
-13021
29094
-4855
-4636
-17380
15629
-18478
-31911
22212
15017
-1364
-12361
7110
-13003
556
24915
10199
-18034
10904
-9647
21512
50
5721
-15152
-10423
-5847
23632
-9168
11354
-19944
-12467
-23866
-25180
9635
-23024
-29020
-15827
21547
-8465
-29835
-17317
-6896
30974
-29581
29937
9586
25971
15436
32160
29933
-13526
12319
11847
6514
27659
29529
14912
-23562
-25538
14543
14294
-20639
-29425
-26346
-29330
23924
-23973
-12792
86
26646
21382
-12041
-23450
-17608
-6832
-27901
-31752
4149
-31661
20096
22017
-19430
25192
-964
30864
10468
11991
-2890
6565
-20259
-29632
-22294
-16785
-4431
24454
3440
4911
-1163
-29967
-24114
-17609
9257
11594
3840
-16640
-16378
-29702
-32717
27836
11155
19211
-8909
6952
-22243
-21503
15529
11182
30221
29966
-27146
419
-21663
6796
-7763
3845
8213
-13912
19307
28878
-6382
430
-16569
-9110
-32240
26008
-1218
-3444
-9184
-25737
22068
-24797
-28395
-6281
162
-43
18498
24596
4540
29548
-4750
-21075
-20679
-24037
15732
-29615
-18458
-23551
3158
-733
-19660
6034
10610
-16361
-28940
27122
-13927
-15270
2528
10204
-31306
-6336
-16647
2031
16168
17972
-32128
-21707
-3283
-23609
-4178
-30851
15628
-12149
27268
-29368
2152
14023
-31527
-24271
10245
-10130
-16716
-17960
27521
-31010
-1391
32621
18932
-6119
31658
14392
-9244
14743
-17592
16034
-21442
4264
-20112
14157
30367
-16864
-24713
-21983
-6407
-28799
13855
-9039
-31537
-6582
21039
-12031
23268
31353
6396
-4502
-31485
24756
-7144
-8320
29235
23607
-13909
-22295
-18595
14901
-11499
10503
4432
-18503
7211
20964
-26698
-31473
17843
31490
-7151
23897
-9343
16271
-31723
14493
-18694
-25765
-22604
-26774
-26156
-18810
-19375
-23288
-20598
31553
24482
11961
15209
-7706
23619
-7657
8124
8350
-15734
15283
22614
-21757
708
11428
24277
20960
28875
-2212
21900
-9911
14705
22376
2891
31073
-11917
10005
20140
-7143
12427
7129
-6056
26818
-6690
30461
19789
5448
31103
-20256
29755
30698
-29834
9768
5901
-8833
-28287
-16197
-1460
-29121
30022
13606
12315
19895
2420
-31064
-5605
16079
-21078
8466
3086
13660
-567
19911
12474
28947
12639
1197
-11837
-1167
27279
-10442
-7057
29776
-18084
-2875
13319
2371
8554
13966
16019
-31296
-17689
-32566
-2195
-2023
-6373
-26907
30085
10554
-17811
14318
-9859
-394
25456
8402
17015
17339
15652
-12935
687
-19735
-24312
-6246
-22177
7643
-7660
25804
17707
-10935
31655
6675
-15711
11003
25893
-12074
6498
3506
-19152
-12996
9376
1992
-17267
5465
-23743
-32409
22959
29427
-21531
-15779
-8909
-19963
25028
8554
7582
15694
27603
-15576
-11300
10478
-3996
-17319
-24716
-94
-546
-2016
-18036
1387
-18816
-13419
-7413
31634
15328
15328
15589
17382
-739
-20407
-8723
-29189
3809
29822
1092
-20702
-31848
-24336
-5960
15819
-18106
10886
-23199
17553
-209
-21969
1431
7380
-16927
-4010
2945
-28947
24452
-6194
-10412
28683
5350
-2219
11310
30701
12573
-19761
16169
4684
-19551
23929
-11239
-6303
-6826
19034
-5834
-20113
-11122
-21056
-11527
30828
-27819
-15000
-11556
-12481
-20369
-17992
-29995
655
8540
-20752
-26840
-30444
-8911
27701
5663
21724
-1028
32095
-14280
-16082
28343
-23479
-26384
6119
7642
-2122
7043
-31900
-2976
-2379
2882
-5526
-14976
9727
-13952
-8472
-15727
30903
-19160
26318
-6833
-27010
15440
7982
-25697
-22135
934
-16868
-15094
-30417
-24678
-28932
5978
-9853
19105
15403
-16759
-25950
-17943
26567
-8408
-21536
-22202
-253
-3166
2949
-28296
21090
9412
2863
-19152
-17457
7558
-17670
17138
-11811
21067
-4114
10774
-21804
2676
12662
-2530
29334
28347
19474
4199
12505
16856
27078
-18130
31175
-21369
2887
9795
25612
-8355
-11242
22324
23901
-18929
-10410
-13945
13615
-221
306
29554
-8280
-23337
-9903
15882
13995
-29075
7162
30814
14484
-23065
17202
-11563
23855
15900
-1762
19184
-28212
-16813
-1575
-28099
-366
1538
17643
14582
-5805
31959
-22103
-28075
-22964
32573
17494
-21057
13167
-27404
20831
4101
-8241
21654
-14160
-27542
-11593
-4039
4630
-14044
9862
27852
17873
-12928
-31364
-6531
28442
19722
20061
-24762
-15314
24458
3825
-5100
-28446
28482
-22167
-30146
18686
-26084
31233
-9590
-24190
-2039
-24249
-18629
7333
-18718
-31818
24965
-15329
7714
-9320
31376
2650
-17194
11269
-4587
23920
-24806
13890
12925
-22604
580
9486
4695
-30996
-16156
-4991
-8341
-37
5689
32007
-6223
27677
19852
-25237
5825
32574
30309
-26832
-862
-3545
-16515
18100
2849
1342
21098
26179
-7245
-26438
15633
-6018
4373
-20985
-20056
8234
9495
26904
-17426
-27199
-29316
5270
-20246
23909
-20604
9295
21102
22558
-15879
-28599
27751
-3502
3585
32073
15869
14997
-5825
-22569
15378
-12721
-26676
-20970
-14028
17701
-24274
-2898
-6401
7718
-19296
10948
-7515
16408
-7086
21929
-28135
-11252
-3765
4569
-22402
-11026
-9571
14603
27463
-11818
-27950
-3695
26907
-19302
32714
-26565
14259
-212
12343
25553
9793
408
-14628
18783
-16198
2892
13430
25206
-23129
17671
23185
-22238
9064
13498
4174
-28179
-22881
17679
-5226
30524
10533
-3296
24583
28387
-11502
-21462
-3792
-6518
12659
-4044
-5428
13358
-30882
27533
7229
-11225
-6360
31274
-32666
19908
-2797
6562
-28977
-28466
-10126
-30761
-16278
-13009
-30253
6721
12218
-29288
-12659
20156
14815
25514
-22310
-26630
-13015
7300
1690
3449
-13453
-25813
-14140
-17604
-25076
4140
19047
25062
-16289
19941
8174
-25890
-14940
19992
-8527
6556
-16439
-30104
30208
5076
29345
18287
18695
27305
13648
3087
-26451
15002
-14599
11727
26286
8833
-3053
-18732
-24829
-2958
14278
-5514
8799
-9731
25761
-15625
-11545
25621
22691
2666
-14106
-24433
-355
-26960
-5099
14522
15116
31469
-25101
25683
-19296
25570
30283
14612
-15055
-10046
20090
16822
-4229
30628
-29569
2983
-13484
-28845
-22234
3270
-14595
-25171
-28965
30684
-17240
-24891
-30587
-22
16607
9062
-30683
-13974
-4574
1307
-22551
16605
28763
21533
25573
1491
-21659
20506
-9457
-17636
-325
32059
7920
-27331
21281
-10275
-24721
19606
13917
11865
-21870
-22850
24979
6314
7212
7745
-12159
8427
24532
1456
-17251
21852
5572
-11504
-32426
2005
-23363
-8890
-9442
-1457
29634
-19410
288
-1527
-24673
5985
6235
-30567
-19606
-14286
-30206
-32366
29265
12355
-12659
-7232
10486
-1133
8645
-7870
-5097
-18041
4675
3247
5850
25344
2850
-9108
-604
-14072
30449
14705
26424
10643
-9008
-28404
-20582
-21316
10498
-2276
-18010
-10995
10072
-12518
-12863
-501
10703
6218
7739
-30201
24734
8650
13755
-15910
-27179
-4286
31111
12026
16713
31865
10666
22859
24325
-32278
-26644
9622
-14040
-23772
-28746
-6137
-4076
20870
-25224
13293
-22506
-4451
10989
-23201
-11092
-32503
8313
11938
6360
26551
-22330
10484
-22146
-16514
-5070
17528
14585
-7837
-6887
19209
-175
32438
17371
-5683
-3744
1701
5501
7792
-4814
27213
-24912
-4012
-24905
-11268
21503
-30787
16914
-1607
12448
-6393
31156
16817
9786
27882
25522
-6333
13727
-29410
7680
1368
32683
-14707
-32691
3085
-26891
-28220
18234
-17724
6006
-2307
25008
428
-26953
27101
1511
-20385
15080
-1420
17635
-11616
19746
5426
31324
17046
-23849
-8727
4662
28801
-19182
19463
-1880
-8355
-25274
-27897
5111
-224
-15903
-619
-26719
17162
11199
6498
-24993
-29942
3067
5660
23793
-692
11493
-7651
16205
2856
657
32546
31855
-18696
2648
-10737
-19109
8700
-17811
14170
-4650
-12330
-26285
-12916
-4650
2360
-15343
-1875
-21517
31967
19096
13327
-2907
-24055
23075
18531
1744
-22711
-8806
30397
-14089
-24921
18822
17808
23851
14892
5461
27981
-28123
11223
27925
-15109
-12177
6382
9326
-23255
26885
-21734
26745
-133
21230
-28016
24189
-17848
2439
-14263
-28471
-387
-30706
-27224
17915
31817
23793
32074
6332
10290
15167
-13901
12345
573
13
-15834
21205
12479
28046
23054
-12536
-18540
26849
22876
-10325
-1063
434
22654
2537
19445
-24636
29152
-13268
-2690
3544
-14604
-32039
-7856
24837
4133
-8131
-12557
23235
-1167
-26475
-4923
-22266
-16309
-4290
-3170
-20114
-10601
-11235
15046
-23222
-7042
27176
-1113
-8219
-5560
-1741
-17182
-5204
-16778
24538
27591
1484
-20704
-3851
-21920
27831
-699
-1993
-11130
10410
-10627
-14779
32684
-30269
-25019
-31935
-23321
28240
22529
17447
18549
-12168
20159
-16610
-18409
13922
17820
-16749
-3446
19385
3706
-20963
-21651
9015
-20458
-22422
17709
-19027
-11368
-29964
2802
7840
3791
-7284
30402
-12228
-22009
-18829
-7862
8990
-25534
-32422
-14237
14184
-2536
-30051
-29379
4591
25899
-23628
5726
-679
-22174
28554
19201
21590
-13
-24369
-21228
18245
22628
906
6488
-18608
32303
-9659
8607
-17357
-26121
6722
-28200
18033
26326
-16719
23184
17047
-23063
28222
22601
15673
-14704
-23754
-13245
17600
-11371
12309
-15399
23667
18986
13657
-27685
-30791
-3341
-25466
5055
-32134
6037
8230
-6794
22848
32596
-31604
6032
12744
-27195
-14234
-2617
-30681
-28650
-25020
-4953
-837
-8811
6009
7407
-18084
-14883
-712
23343
5917
937
4278
-17042
21039
-1920
-17936
4430
-15759
-25960
-589
-2596
17803
1816
7147
-31750
-29168
17019
-7005
24202
22987
8881
-7029
20186
16103
-21088
-14715
-3099
26225
30593
-9613
28898
-28196
25231
32535
-25168
-16752
-26736
-16222
-27368
743
24225
26696
-6361
-18968
-18899
-17139
6563
-14560
22135
-22583
-21830
-25394
5115
8371
-32127
25420
23273
-15007
30915
29423
15577
-1969
30532
-17769
4260
16267
-1777
21903
-9641
9377
-15829
-27334
30910
32724
27677
8232
12708
12949
19266
17507
18073
58
-9248
9720
9040
5246
-1624
6391
-29313
-30238
-23562
-6213
-3223
7097
-28519
2601
-5110
-18672
-4568
26069
11128
-23459
15052
29105
12328
3708
-30418
1207
-18797
-5493
28457
-8861
-18280
13895
6954
-24613
13226
19174
-10476
12735
-18436
20294
6701
15801
8507
-27497
-7076
-32421
-4700
-7827
20753
32649
32588
13509
61
-24506
13295
-5487
6102
27783
8626
4069
-6111
6421
-21718
16641
-20640
-9451
27516
-29116
22288
29267
5502
-28068
-1412
-16494
-13638
-24886
-13659
-25770
-11477
17315
-22455
-13445
30074
-2429
-14267
26423
6594
17694
13390
-24482
14633
-11162
3485
-10331
5207
-7690
-11005
13958
24436
17042
-22452
4395
18056
11734
1581
-3309
-12007
-867
4151
-9191
-13378
5279
-20329
18615
22938
19314
2840
-5963
6068
8568
7212
4377
-27695
-29855
-20617
27715
9392
29438
10489
-16023
14387
7452
12738
6252
11157
6194
-26472
16689
23321
15796
10529
-24983
26979
14235
8702
-21614
-10089
-14081
9885
-18846
24580
-10765
5326
25148
9793
28916
-19312
7249
-12449
-10145
-7016
-968
15406
6619
-16654
-25566
4860
8471
-16309
22749
24283
8865
-30608
-29334
10500
25252
-1099
-3208
6884
18868
-18422
4071
-14946
-5913
26702
-26970
-6024
21154
-22352
16037
10065
-28787
20764
343
-16887
15153
-578
-13512
-11485
27891
-5246
20834
4182
-24829
31176
-21055
-1744
-17850
25089
-21333
-10189
-12505
-20955
20420
4264
-5263
-6303
703
26350
-4812
10018
25931
-32034
-798
2468
-21915
-4587
-15798
23902
26742
3652
-25301
-1509
18877
-29255
25900
-29897
-13134
1244
32494
-8054
-4001
29679
25460
-6339
-29557
-12599
10069
-13672
-27342
-13593
-21302
-8126
20077
3652
-4687
14062
31707
-27757
21091
6212
15793
-24192
415
-8438
-9718
17981
-28401
3556
-30512
32509
18444
-18611
-16251
-13065
-16271
22418
-25390
32406
22439
15902
17163
-10869
-22407
-27837
14802
-2691
-3476
-6204
-17368
-19997
-818
-30482
5355
30430
3654
30462
-6588
17946
14586
16639
7495
-16841
-11548
16260
-14146
-19842
-9620
-18571
6022
22437
-7485
-3402
-3309
-7650
31352
28674
8560
-20528
-1451
14517
3364
-11965
-1582
-11393
8783
11980
14615
-25006
-31296
-26938
-1211
13984
24001
2300
23214
-22122
-28483
24141
19509
5550
27616
-11810
-23274
-2816
24567
646
-24473
326
-7158
14018
29041
-18160
3006
4514
-6717
15792
-11898
476
23027
-20204
2224
-24853
1075
-20147
30298
-28851
29476
12669
-8692
31671
-7279
31675
18039
-26429
-29724
29800
-28972
-3268
-22594
-15064
5214
-30772
28357
-22209
2913
26462
6348
31305
-11205
4556
-28689
4690
-12586
1362
6224
24597
-13753
22767
20445
-31823
8894
19548
-28442
31683
11609
-19731
-18081
-16737
-32440
27548
-22337
20652
16640
-1902
-578
-31472
12701
26531
-31019
20557
-7935
-16859
-10366
32613
-14547
-18109
-8466
-6919
-16947
-2885
20570
-31323
10618
11322
2843
-26008
-29080
-12818
-12323
-9745
991
16151
-22582
-26346
-1373
14820
1818
29079
7800
8750
5024
21681
1198
-21889
25708
23803
27294
-22545
17394
-20616
-9717
1835
-23470
28257
-17054
-11156
-28227
-22504
22429
29088
-9347
-10529
-5936
-30645
-4154
-16796
-64
18778
-11395
-21327
-14801
31707
15141
24375
31541
-26196
-21095
32202
27400
-2269
5430
2037
28245
-24753
-12118
-10353
-15142
-32407
18382
14920
-8778
7981
4693
-17762
-29538
-15581
-17245
7978
-8336
19635
-14644
-5437
8855
32370
6025
4320
28851
-13303
3844
19844
-24522
-11560
-13770
-31268
25897
-29464
13731
-29251
18131
-21458
31066
-23477
-29660
3700
12302
21880
17626
-5624
-3035
-3574
13906
-16794
-15718
-14077
-24125
32465
-19959
18344
-17268
-23246
-31614
-8482
19726
17091
2024
-7353
30309
-25426
10917
-16895
-18686
-21700
-21160
32411
-6829
12068
1108
27835
9997
23182
-2779
7769
-10792
-15336
15795
-26587
-3385
-32652
20903
-9353
-8249
-30071
-11201
-1406
-5756
-6430
23681
29893
13774
31520
-9446
-5104
28972
15849
19132
4772
1059
-9254
9194
-9407
27370
-29219
-20955
8682
-22879
8188
-24645
26184
-1039
26688
5775
-21660
3662
-11068
-13551
-2738
-15468
-14010
9133
-2544
-25060
-10027
-7417
30508
20020
31889
29312
-4081
27671
-29500
-31876
-10061
-22185
4897
18782
27203
12372
7848
-5610
-18663
-26741
1185
28792
704
371
-26345
-8821
-18250
-8413
16989
1679
-32203
-8429
32553
-32552
4814
10235
18717
-28558
15682
-8178
25082
13040
-17534
11891
-23101
19180
-27023
5490
899
-12661
-24474
-5334
25841
-21988
-8722
17339
-12149
-8416
-20019
10912
-19350
31477
-30263
30742
17868
8436
-12479
20274
-215
-16003
28142
5222
15835
29889
7791
-14804
26587
-7211
-5482
9443
-14730
-19667
6149
7616
-4250
9089
21355
-40
-17876
-4989
20437
26774
22707
-28920
25203
8208
-9011
-4075
27253
-5123
4741
18426
24200
-17686
-11097
-3959
-26539
-2530
-2919
-19069
25392
16217
21114
11311
-8062
11846
-30013
-26507
-4837
-19000
-18210
-18718
9873
-2098
-27333
27173
21799
-21540
10894
-9701
14298
6190
-12322
-27226
19940
-31967
-5650
20991
18238
15661
-6323
20068
-12668
-26785
-28676
3020
-7048
19385
28097
5185
14970
31987
-13100
-23226
12209
-30997
18615
16596
5731
-12694
-8997
-2978
-17287
-22403
23502
-15722
-740
-22207
-30884
-22078
-21576
11428
-17248
15343
-10101
-13288
16277
-25715
2670
10131
8834
-20273
26599
6709
18805
23797
28200
-2750
10012
11030
-1830
16552
13940
-6178
-26825
-12486
24725
-4351
-12408
1813
1546
-24873
-16591
-20211
27172
-24605
29879
-24320
-24317
31139
-1093
18090
-26834
27233
5498
-22161
12299
-31431
32464
-13336
-14174
-3066
27082
-27987
6401
-25643
15895
-18679
-11208
-14689
23648
-9614
29034
-9804
5359
28941
-3740
-18715
14730
-11947
30013
-23613
-9121
16065
19722
20832
9844
-12635
22724
30060
32702
-7831
-16534
8696
-3998
-17407
7102
13513
17065
-20067
4234
-6860
-5091
21715
149
21357
15739
27009
19435
5815
-17935
-4815
30366
13616
27497
-26841
-20318
-9551
-15895
-8725
-22387
-26726
-23973
18209
-12162
29595
31818
9993
-27420
-16127
5594
7997
-1622
11436
-2596
8747
-27928
-22028
8732
-30577
10550
-10884
649
23373
-9486
16278
17065
16348
-14910
31939
-3474
629
21955
-13185
-16995
29371
-4167
-10216
30306
-1553
14178
27147
-19624
11671
-13903
-920
-21991
23172
23467
29450
24086
-1892
25913
4453
-290
-23215
-32625
-7593
4847
-24248
21017
4567
-22457
-20384
-29589
-24914
-29552
18851
-23065
5142
-31910
9778
8438
4016
-31712
-22055
-21175
18346
-1117
-6587
21194
-12776
-24433
-17833
-17980
25936
30894
9168
-30544
-25566
-9773
-27116
-17240
23251
-18347
14550
-32315
4639
22394
-7118
-105
5365
-32247
7387
21279
-32193
22880
-16005
-9244
28855
17370
31706
24056
-9223
-21953
22730
26005
-7988
-761
-3424
20625
7243
-28018
-24622
-29502
-9956
12528
3148
-12959
1987
30408
8301
-10417
14272
-32572
-18260
20489
13521
-9260
-9388
6785
-11164
16974
94
-31100
-31182
-11421
11553
-18221
21932
-7009
12923
-24982
-30762
-13464
31209
30380
19793
14379
-5994
-20501
29025
-3231
23602
-29580
23928
21576
-2051
17960
-7133
-167
2718
890
-4514
-21844
32573
3560
1138
-18465
-28404
13391
-1063
7301
31384
-5491
7491
30306
-17651
-5846
13993
-8553
-26120
-20195
-2962
-10784
16342
16266
13944
-1894
-15636
10144
-26738
-28161
12667
-23635
-12344
-20251
17215
14862
22556
-28
4419
-18453
-5459
-10315
28357
-2722
6494
25026
27022
-11019
-1137
-12410
-18307
-21487
7152
17628
6213
-7718
-18035
-32753
-13358
29093
-5752
-19423
25329
-7255
-3665
-27404
26919
-25259
-22665
3614
5299
13098
-12304
25187
-16327
1039
-13875
-6592
-13878
4947
442
18899
-13971
18971
-32244
5467
30630
-29333
-25748
-7637
-2413
-26001
-15004
-20965
1718
-23680
32212
-19446
-28532
30408
11748
32372
-1108
-27391
-6367
15288
31613
17565
-29033
14442
-18497
17805
-4803
-14406
24304
8152
-18012
-27
-6794
-19698
-195
-12636
-12426
-566
-28982
4237
30721
-15682
11924
-16030
-3746
20159
24474
-10959
-4083
11334
3858
20349
-11740
3807
15201
17031
-22950
24795
-8386
-31892
2671
25750
-22909
1578
-240
-6556
-27256
-5311
4358
25351
-8280
-31525
20198
19874
2807
15669
-30726
-1027
-17649
8712
-11389
-30169
-10806
22944
-29968
-22454
-6993
-28673
29314
21644
-9167
-25272
2856
29528
11255
-29660
27675
-15452
-12502
3991
-18856
-6697
5886
31334
-9363
5006
-22844
-14971
28181
-13634
3696
29132
-10168
5116
-19365
-24786
-25619
-17891
2138
25025
-5612
17124
31240
-564
-9139
1629
-21420
-26921
8415
-8863
19843
-23652
26477
3979
16958
-18536
3741
27028
23162
-4900
-5668
-28954
20259
-6559
-24884
2918
19059
28368
-18661
12418
-9693
3619
-8772
-22520
31172
8338
-23102
-23129
-14338
1957
21961
23783
20103
26884
-30499
-20399
-14833
-29548
3061
21665
12895
-26913
-2130
-11404
2260
-32239
1076
-31209
3180
-28781
5583
-15733
25867
-19781
-443
28526
21091
13315
-31633
30415
-5965
-23164
925
-31807
27317
-30001
18742
-23829
17356
29423
23111
-15641
-9924
22854
4784
-31054
3191
30918
-22122
-4041
-20475
-642
4881
21147
-18927
-7437
26663
22160
-30466
-21966
-16407
15816
-14984
15876
7166
-17293
-8117
-9674
-7825
-6605
-30731
28251
-3466
-38
-2333
-32583
1572
-7323
22957
-10564
-17618
-19083
12313
6919
12805
795
-32213
702
16562
11308
-15317
7082
-2229
3039
-25942
-24475
29433
-1266
12757
17243
16442
18743
22644
15106
10616
470
20877
-23588
261
-8650
28289
-6981
-14878
-12355
-3058
27454
6861
-26126
11916
-11481
-5005
15697
18686
-2228
4508
16794
-27675
13905
-4622
-31766
20682
32611
32444
-7193
441
24025
17835
19881
21854
-14166
-8169
-21896
10718
2297
-29500
-7480
12473
-23067
9648
10583
-21697
28071
12216
21018
9010
16703
15972
-11264
-30829
11859
-1093
-22162
-6810
8738
-2888
17645
27584
25693
25788
15686
13841
-31408
