-11908
-21649
-15557
-32444
30368
2966
28985
-695
-12958
-5462
-5105
32147
26467
-31687
-13966
3546
-13614
-16763
-3687
29123
-21698
-4494
19483
-19631
3878
-28693
-28111
-25980
30930
-5664
31248
22553
26302
-7307
-30274
507
-5788
24313
-30231
-1453
-8805
-30321
5154
1221
23002
-2582
-6083
-1590
16900
31380
-5062
4534
-25688
-17452
26708
8613
25659
-16214
-861
11021
8744
-30570
-31828
-10777
9193
-18854
17038
-6346
8147
10676
-28412
-29172
6118
24874
-23102
-29859
-27483
-15679
-5020
-26296
10049
16309
-15084
23015
8336
17928
23717
-21890
11376
-11274
31557
-7639
-15546
-26375
29901
-16788
-30227
-30039
-20507
-16075
-19729
-7376
-173
26196
13601
-5938
-574
26942
23874
1109
8987
32129
-3889
-26857
-18301
-22532
-4383
-11150
-21068
25582
14289
2498
-16013
32746
-16590
20873
17950
31249
