-4509
-7830
-3326
3126
21912
-11968
-18657
-8198
18301
-22096
6703
27876
-1241
78
-32710
-22458
10125
-14191
19999
-21510
25762
19128
-24665
-25614
23779
20199
8625
24044
11326
30460
6578
-12289
2960
-10081
17556
-4961
3838
2063
16677
17814
-11289
-26444
11215
16800
17877
-28184
11138
24341
19763
-29981
9942
-9867
21294
9255
28245
12487
-4057
29305
12441
1332
20520
6074
-19623
-30379
32020
-21789
13611
14127
11725
-1566
-18112
19635
-1014
26988
9235
9855
-8995
26535
-24571
17048
24734
31786
4364
28240
3972
-8554
-19120
-16445
-1439
-13223
17305
14260
-8366
1351
-24972
-1302
-26086
-3030
-23510
-25470
-9234
21701
-15202
6044
-29160
-32625
-10324
-26141
13587
-3433
31108
8429
-18073
-25660
-17733
-24102
-11408
-26506
-22188
-22563
23616
-9042
4486
9090
12705
-9034
22788
28499
-1458
4697
28103
-16068
19974
-9074
30060
10914
8360
-23102
24043
24386
16877
-29638
-7394
7494
3557
-4908
-110
19160
-10065
18479
-17021
10912
4328
-545
-8794
-12576
23117
15279
-26302
7898
-1187
-24015
3539
-27714
32175
-26382
23411
10580
-20840
19507
15078
24436
-18582
-10285
25756
2078
-32377
18036
-16961
7046
-29937
-30173
25018
31848
-18299
13587
8608
-30184
3666
8375
-5627
-8210
-7732
-18765
14955
-14814
14160
18571
-4673
-23118
32364
14984
25371
30027
-27083
8514
21390
23177
-952
-19513
-19134
31353
5893
16373
23677
17841
3535
-5105
14298
-30641
-20162
-31001
29466
30154
-28636
12460
-8416
-27825
-27569
6726
32412
-29067
-1494
-14925
20483
16453
-6342
-14712
-32077
8692
-7479
-6827
-16171
28956
1923
-20131
29375
3219
16627
-17105
27242
-24969
-29893
-14077
8349
21569
-19395
-7164
12378
-17208
14502
-14252
-16185
11918
-10155
27564
-7755
-57
-27585
-12374
7655
-5751
-2893
-29585
-13119
-11584
22747
-24418
-29214
-16468
17671
-10706
-9845
-767
-28018
18518
-17631
-30337
17775
22569
13598
31188
-29595
-15548
8906
-25046
-4254
-11230
-29631
-21663
31041
5814
25048
26397
-24120
-24638
-26981
-786
-3391
-6547
24001
32471
-23984
-30480
12448
21569
-9635
-3102
-25468
11741
12031
11451
15316
2966
22161
19079
-7812
8817
24209
-17407
23731
17349
-7165
11790
2283
31919
30358
-10356
-21234
-16837
-25044
15140
25186
6377
11633
31785
-13406
-5929
-7388
14193
25696
28569
-23878
19364
960
-18276
-2660
17327
22021
-30381
25707
29619
-27450
-3517
19776
32382
-15615
10158
14819
7350
-10076
-16539
23353
21787
11231
-8539
19358
22189
3360
-27093
12587
28601
25708
20388
32297
-18603
2895
-6613
-21982
-21240
213
15907
-26847
-7177
-15259
-11049
17827
-20553
3716
-31968
-20483
-14162
-23777
20879
18734
675
7513
24915
-30169
-18403
-10742
-9164
-25310
-17884
16259
21073
3452
-26539
30740
31220
24321
25856
7659
11134
24977
7591
-4432
-32502
29453
-19517
32395
18363
-3169
-28193
-17962
6978
27462
-16069
-13010
-10709
18144
-31153
-25442
8857
-23414
17129
4886
-73
-30969
-6351
26955
-5974
-23849
-31184
18831
-29879
-3861
-23610
-987
17860
12096
27462
-12457
-17639
7079
-23802
-11717
27488
-25838
22504
-11613
-10169
26772
-12370
7350
16724
-4508
523
-28357
18457
1849
-21649
-21826
11086
-10466
-17261
-31280
5220
25563
17418
20336
-25385
13061
6633
-31717
12089
21626
8369
15518
3529
-529
16943
-10854
-1916
21392
-31788
13876
-5408
9756
-26110
-25729
28256
18264
-15450
-28781
30045
18540
11290
-2116
10035
-12283
14999
-12170
27446
14219
-3292
31841
-3711
10434
-28700
-21398
-28179
5518
28238
-28334
2884
-25711
-5143
-31375
-29728
4200
14207
20005
5945
8905
18553
6611
-1002
15701
16333
-13618
-21415
20847
-10297
-3778
-21869
14575
7668
19843
24896
5598
24328
21189
-20730
-1658
-11356
6165
13300
21065
-5604
24389
27606
17922
7775
-12728
-14711
-10298
29216
-6267
19981
-27828
-26772
28226
9930
31962
-15312
-2725
24441
17176
9076
31504
19282
21945
-17873
16439
-6900
4383
23409
-5026
8717
27171
32672
5911
1679
14958
13166
-16840
-22857
15778
9366
-2633
-9816
-19025
22038
19505
-5062
-7092
20942
32332
9710
22740
-5802
30232
-20709
24108
-24708
28986
-18079
11193
-635
-5187
-15888
3205
-32751
21438
27387
-23066
-16140
-18178
2512
30003
14188
9387
24400
-21495
29369
9409
13148
15068
-3716
8180
22912
14303
11008
-30179
-29071
-20614
7467
12386
24978
-29865
-7700
11770
28913
-26584
12329
-10541
-10472
-21462
-25117
12932
28206
32674
-30741
-8690
-18958
777
24330
22728
31827
-2147
-25318
8252
-30201
-3592
-8464
6606
29172
-10643
-18087
14465
-16496
18857
-14362
9274
6511
5992
-30081
-419
17983
12673
21582
-28758
-8188
-16846
-23482
-12768
28741
-26988
-22962
-24661
-28528
-9320
21797
-24602
15248
15240
15873
-1550
-5596
2219
15736
-11918
20839
17330
25622
-26066
-6587
-17324
381
-31393
-2793
15475
-27298
4185
12620
29888
-14444
-18740
6608
14870
-28939
-3909
-29690
-30682
-10025
20878
-13045
21008
21186
-18762
-3856
-12668
-5392
-1549
-30754
-26139
19887
-1547
-3289
-19208
20586
28769
-1739
-19170
9936
16474
5430
22721
30152
17653
-5887
-12873
29292
10946
-6186
28430
-22054
-25399
-26391
-15543
7167
24936
-15376
-17206
14777
26207
9627
4244
-11245
-12587
-13002
4603
11406
4058
-5425
905
-18821
-21602
28202
19326
-16560
-4703
17960
-12440
-12307
3154
10193
-14480
20651
27206
8991
-4793
-15633
28452
-13238
-14650
-347
-880
-17642
-6049
29822
29446
-13602
17192
17384
19166
15177
1085
30123
5465
-218
29238
-30445
30563
11417
3746
4381
31453
21691
-25920
-21769
23667
22996
-9143
9042
-23883
27739
-16665
16836
30870
-17905
-18117
-20484
-17442
-18695
25244
8470
731
11770
-16008
-22808
-16341
-13494
-25939
3737
-17734
30994
-7417
24017
11044
15609
-22698
-10394
26501
-1691
-21130
18326
12535
-10351
20762
24903
3716
3053
-14121
29652
6549
15786
-17161
-18363
4951
13434
29355
411
30891
22340
-5489
22606
6630
-30164
1496
4190
-28948
7296
17139
22780
-32278
-7320
-31080
1209
1341
-16992
-9333
-29682
13078
-31113
-16480
5281
-22119
-8247
13103
-26656
-20948
-31686
-22488
-17004
-29364
-16666
23753
15889
-29459
-6554
7562
-32087
7735
8522
-26766
20789
-7907
-5524
19461
151
-12039
23760
-5420
10449
-22767
16189
-11192
-5627
19008
23545
14344
-16529
-1348
25515
-18673
5386
-17503
24805
-22244
19812
-13984
-5420
-15625
-12253
-22650
-188
-20270
-11200
21063
-27195
1530
-3135
27407
-3080
24406
-18769
22842
26747
-11027
-27567
21775
9705
-29940
31982
28978
25029
-3215
15075
29637
-396
-9745
24518
13300
3125
25934
21324
28849
-2620
-14826
-13172
29013
-26156
-25824
19505
-14341
25779
10347
28494
-18772
7917
-26438
13482
-2220
1963
26535
-23445
17037
21487
29586
4476
-28053
-3179
-665
-17887
-16493
20346
-10095
6749
-10346
-21374
20409
22885
-12790
-31386
-32356
2801
-22065
-22103
-15983
13898
-4897
14299
-32289
-24454
23106
8110
-19196
31833
-12668
-2755
26880
26292
1063
-6681
-4845
29547
-18589
14390
-2423
11852
10062
32192
6362
12205
-20793
5292
14022
-11599
10562
-231
5154
-8380
2914
-8996
30820
17749
-8421
-21848
8583
-9355
29883
-8875
-26711
26699
6230
8907
-14283
20609
10769
31453
-8553
29212
25291
20518
28372
18836
-9997
-18135
-3874
14436
-20650
12991
7829
-4687
-25795
1701
25505
8149
24203
24870
-18402
-9369
-31773
-2172
-15748
-9844
-3984
2388
14672
31748
5638
-21930
-4942
30273
9413
-7396
-11467
5194
-32624
-18283
-11417
-7234
21660
6404
-31391
-16958
-11368
29267
32692
-18996
15053
28296
10397
-18711
4498
-18373
-12659
5127
-32269
28901
-30634
-20188
24729
-24230
-24820
-11221
29793
-16732
17366
-7736
31306
-13077
-7471
17143
27510
-1338
-14717
17037
29386
4693
10185
-24687
19320
-4093
6744
15956
-22069
-15819
-7908
-27533
-17690
21141
-14159
5293
-11967
-16007
16829
-22532
6688
4507
25323
-18661
3652
-21081
14521
8468
2001
8717
6982
-31699
14521
8622
-30493
31529
-29919
-17092
22431
-9842
2216
24757
-15170
6890
17275
-7346
30332
9183
7336
-22974
26389
8721
11969
-10447
28084
29339
12504
11342
30845
-24765
-27370
8031
25435
7919
28350
28219
4590
10612
23486
-22342
12026
20422
3768
-15339
-6925
-28620
19916
15990
6313
28582
16058
-8350
-5524
-13469
8781
7858
-4049
-4113
-3293
-31984
15469
29837
24027
-9905
28502
7207
29113
-14627
8781
10371
-29781
-23527
-30525
-1866
-25605
-27996
21286
-28666
24239
10117
-14124
-14627
31424
13604
23371
7042
-7244
-4473
-22780
-26316
7293
-9943
20048
-8252
-15082
16547
22026
-27818
-3755
-15142
19255
27086
-2127
29756
-10031
-29578
-19064
-18274
-32071
15642
-46
31403
-14890
4591
10559
-649
-12658
-32085
8192
28338
27633
-14355
30361
-31412
-29885
-6189
8985
-28420
-27616
2019
31281
-21357
-32343
16844
5462
25260
17685
28454
14273
1178
20520
3604
-22533
-9667
-20661
-1329
-10362
18055
-11184
10182
6599
18028
7543
-25016
-20782
150
30451
-22705
31448
11252
-8720
-28437
-3925
-12048
-2426
9456
17805
19198
-6637
22531
14541
-4916
16922
-25623
-30354
-7834
28752
11888
13876
-9141
-16079
-25704
-10231
11201
-16030
22877
-5864
-15921
29341
6174
-12179
23716
10622
11978
8667
18579
228
21388
-31248
29662
15146
31277
-3281
-29338
-9977
-1348
-12903
4737
-26337
-31586
5424
17857
13244
-4483
-14508
-2127
-2840
7900
-31476
-11433
19826
-27467
31195
16440
30365
-30352
-18000
26469
-14767
22671
-10509
14856
6619
-28542
-25122
-12483
11518
23001
-4109
-32524
-18197
-3683
-6907
26200
3230
4382
-15593
-3424
-31597
-30119
8454
14084
-11535
-25665
-7270
-7380
20475
27907
13745
-24790
21526
-3857
-16160
-472
21156
8854
32599
19490
-11505
12503
9183
-18409
26143
14149
2790
248
-22698
-1153
-6776
13281
-5726
-30931
27011
31730
5630
-21339
3121
2985
-5437
5224
16686
13324
-16458
16904
30053
-18845
-24808
92
24903
-19223
-13821
9489
19941
-28658
-22128
18144
-28540
-1376
-3117
-10723
-5906
-12027
9442
-19357
17191
-2779
22503
-5399
-4681
30145
4797
4699
2236
9757
25594
7206
10968
-30438
27399
4589
29445
1124
-31192
7775
6981
232
885
3673
8436
-1973
-21922
30690
24582
-26638
-28504
32514
18476
-23349
-24395
8696
-10144
-2910
30881
8200
-26267
10565
-20441
6031
10794
30873
31071
-3697
24940
22374
-15453
-10384
5368
14826
-32553
19553
8416
9482
22616
-14513
-21205
31689
6536
10239
17402
-31616
20419
-27996
-30858
30624
-6533
-19086
14440
-11795
25889
-25909
10352
12068
7810
-17239
-2403
10842
-26854
-3310
10347
25380
24274
23021
-27182
-446
8701
-11898
-29812
12566
-32751
28446
20748
-12260
5455
18135
-1586
-27534
-27813
4571
13283
-21717
12781
3619
-26102
28722
-27425
-20266
-16155
2645
640
26392
-4173
-10882
-29009
-2750
-26983
-8179
-7967
25639
12541
647
1060
32307
-20383
14425
1049
-13667
-459
19143
-15985
-27199
11055
25825
2713
26862
26071
20542
-20265
-11659
-21706
28948
32476
8949
21521
16257
-5771
-29544
-29789
-25137
-67
-31898
25920
-30802
-28113
-1993
11181
18613
8940
-20039
-26200
-9368
17244
28873
4847
24074
25363
-28932
1610
28994
22714
115
-3377
18880
14105
-17329
-12420
8826
-27241
-22093
-2967
14394
-32670
24538
20675
7086
5157
-29134
2736
21189
30449
-7894
11219
17202
26025
14863
-8233
5526
-23354
-17003
-28503
-22482
6895
-19875
26920
-16768
15957
-7602
-32087
21041
-28936
-31851
8219
-12308
-16229
7470
-17388
29179
-18416
20769
6328
-28831
12804
7081
-1632
21189
20237
28932
-32489
5793
-11386
22388
-26589
-19241
-29789
-14079
-30755
-23804
-20823
-1032
19737
-13581
-14599
11813
-4508
-10724
-24732
21067
-16942
-28245
19494
25197
32582
-574
31746
20817
22096
4293
24113
6355
17363
-2417
-16861
-2027
-20018
21818
-2467
28318
-2981
-20199
-20979
17427
-14079
4614
-6484
1191
-8707
-29153
14413
22201
-31170
-22872
-22320
8957
-6954
-13366
811
-29114
-2997
24983
-14628
-27199
-14309
12461
530
-20501
2489
-19991
-12788
30270
-25145
22246
10614
24799
19680
-25312
-2421
-15573
-3094
-20788
-26981
-17905
431
-30161
10050
-1326
-22419
-32213
23452
24057
32029
25442
31188
-22481
-27816
-12971
7885
15988
-18972
24384
-16187
6806
-27135
24329
29585
-1371
-18928
-13758
-15657
1789
19965
-18522
2621
26772
14260
-29644
-729
-24205
14994
-11883
27596
9215
3015
15096
16303
18215
-31417
28857
-14943
6333
-4211
-22583
-11187
19652
-32373
29050
23144
-18488
-8559
-4915
-3384
18878
9266
31644
13514
-18713
19701
17708
23695
26571
32767
-16062
6279
31750
9483
25457
-25616
20591
-4203
-29030
-27756
-11836
15193
32491
9097
15036
-21087
14092
32419
-14842
11890
-32065
-26543
29792
-25752
-20899
21012
12724
20210
-6996
7548
12373
3305
17900
-29561
9076
20239
-13067
-10179
28431
15347
-5042
8171
-15076
-13052
-15502
-2910
-4621
-27803
-17476
-10931
-18113
21208
-23613
-27376
1674
-16769
-27541
2631
12578
28165
-27704
10833
20273
19759
16221
-28642
-16590
-22408
640
2577
5080
-32108
-25355
-22025
-8489
23030
29726
-18131
10448
3027
-1726
-3599
-4923
-5923
-26332
-11125
-23362
-8360
-19207
2486
21432
20380
9831
271
24479
28340
17779
-3531
-3693
3171
1097
-27414
-9617
-25101
-29645
218
20027
-10199
29516
-19314
26805
-23184
-15835
-14262
15229
-611
-7315
21113
-4401
18056
9658
16309
-15704
-19405
1920
8244
446
-11352
23470
-11356
-3548
24791
-31625
6859
-24539
-10407
-13006
-30979
-22397
-3936
-15796
26153
-17446
-18668
-22023
-1626
23017
-14622
17443
-21503
-2912
22570
-3540
-25184
22132
26682
-30840
16247
-13535
11151
-27132
7206
-477
-32723
-32744
-31115
3802
-6330
20796
595
5896
-25757
15686
13356
24618
-19523
13466
6167
17981
26036
-14303
27447
22043
-9165
-351
15479
-2459
6734
-18325
6678
-7665
29289
20841
-27792
21250
-15684
-18412
-6540
-11759
22741
8805
10168
-6574
-21256
8243
1720
698
-4262
-26478
-16181
-27490
2013
24376
-22637
-7108
-31491
10335
10271
26119
-778
23691
21905
22051
-2285
-20578
-30725
-15296
8659
-2476
6630
-1986
17076
1523
-12621
-26029
3330
-1319
-17290
-8790
23905
-22232
-19908
-7233
-10154
-29137
-17555
10747
29451
-30470
-12423
11205
-5441
8876
15719
27042
-550
-23426
10003
17554
-25472
23060
-26637
-5035
4817
-31691
-24047
-13002
-19062
17067
-9572
1061
-2045
-31414
-1049
-6055
-413
-28008
-18507
-6139
8425
30316
-27078
-30598
12267
-17881
5626
17137
-6310
-939
-24294
30765
-7051
17351
-15091
12028
5029
19726
-23743
10814
-3548
-4179
2606
-21582
28023
4864
-29926
14239
8712
-20957
-23608
-22100
9588
18731
10978
15403
-29523
-32234
1830
-4563
-21913
15194
-224
-3610
15109
16163
-11711
13764
-5935
23997
-21157
-29232
8364
-14628
-2907
-31129
-7310
-25019
12714
-18200
-26001
28688
26404
-24425
-9944
-25934
-4012
9184
3347
-26942
22943
8774
2586
-16849
29974
1306
24690
-14
-28157
31200
-3720
-3794
-31722
15446
-586
30888
-19410
18818
14964
16345
-26910
29537
5470
-3785
16015
-15843
30020
7480
-5395
-16493
-4758
-15970
19563
-6564
-3043
-952
-7663
32300
-21133
-30634
-16818
-7819
7036
-20059
-4104
-29278
25731
-5041
23262
-11007
11308
9454
-1710
29572
-6189
16463
-15635
21349
243
-5735
8869
-26327
-15239
11667
-30396
-12832
-4903
-18320
-20068
17796
-9628
5663
32011
-26872
3492
-18665
-4072
10534
-1497
-11837
-21963
15913
-19009
-12832
-19574
21550
28734
27566
25824
-30485
-18526
-18388
21585
-17669
-3258
10937
18849
3074
-3918
19228
2079
-31997
27667
-1767
2493
-3606
-21887
7126
-10407
-12310
-17562
31996
-2833
-5237
27412
-12925
-12370
3923
-28187
5295
32554
14091
1651
-21381
29445
3953
-16153
27250
-17607
29666
14303
-53
28550
-29612
-18632
25732
32600
20543
5155
-8130
8344
2274
7695
1676
19336
6694
4483
-13110
-30916
-3705
3881
-16286
-25259
4395
725
24523
-25837
11377
13772
29110
27260
2476
25474
21311
-15827
-14669
-22412
-22623
1914
29628
30828
2744
747
10855
-10506
-30367
25171
10158
3847
-12024
9770
-21877
7082
25182
28640
-7663
-27137
-14068
-2036
-13940
14311
11473
-21743
-26486
-20109
16355
13684
30099
-9188
-1407
-24196
-32375
10540
8192
3563
-30184
-25922
-5329
27986
10101
11134
24716
-5300
-29804
-22415
-14094
-21194
29545
6170
-19476
8999
3312
-543
-25393
-6011
15250
3730
29978
-30989
25372
14943
31474
-11340
28496
-14339
3232
-1964
-20500
-23094
-26282
8525
-534
3916
19912
19185
29963
31221
-21465
-4661
26387
-17002
29618
10071
-31563
24068
19907
-14925
-20982
-6692
-24989
19990
-2611
-1370
23954
11251
4422
-19804
-27886
28541
-2218
14155
5295
21076
-7454
-31173
11902
8024
-5266
-31651
29153
-23569
-32231
24041
-12976
4343
9526
-11379
29234
-29195
-8531
-28096
20743
7111
18158
-2235
8505
29056
10379
21607
-17100
-16761
10584
-5421
-18203
-1398
-18229
-3560
31872
20720
-25330
-24643
16865
-25126
22956
5768
-10792
20162
25196
25193
29727
14520
-24931
-30445
628
32633
-22515
-826
11019
15147
5524
-15471
3046
-14927
5727
16440
-21434
-28892
-16232
25557
10105
18935
-21729
24807
24398
5383
8054
-15449
22495
22379
4155
28300
11415
-25648
-11036
31285
5314
-8572
20671
-27323
1189
-3970
5841
18218
25740
22054
-20163
23639
598
12125
10960
27054
-18890
-4616
24259
-3100
23805
16965
-23203
16264
9140
-7388
15882
44
-19601
-21857
19605
18566
2112
-3143
-15150
10405
16533
-13308
26519
-853
24845
-1537
-548
-15040
10170
-8006
20626
3503
10388
22214
-3910
2551
-18423
-5116
31417
-30015
10287
-12511
22009
12053
13023
28216
29325
-25689
-19875
-7753
-27370
-19664
-27408
7405
-23471
11984
-7267
-13996
3241
19501
-25531
7801
-6511
20166
11210
-27133
4093
-10347
-29120
15947
310
-7364
18022
-20496
-2610
-9513
-2866
-9206
-7135
246
-9649
251
21483
27370
28720
-2321
-7739
673
511
-13757
5045
28130
29254
-17252
-22174
-25927
12645
-11773
-30843
19294
-12946
6468
-28120
14995
1584
31322
-29779
-18517
-11158
-23434
-14333
-3368
-13594
-18864
2279
20655
-2827
-29783
-28020
5177
-29114
7324
-103
5025
-19331
9966
-12156
-4427
-10021
7474
2717
19840
24786
-1254
-3303
-25439
-22278
-12456
7053
-18250
-15750
-1507
-6429
29525
21016
275
16498
7195
-10476
12982
-4885
-25513
23000
-28695
22232
14978
11223
-476
6981
3859
8667
-7278
24813
-3438
-22196
28965
-30384
29781
-31269
-8759
-4223
18879
-25035
-6340
30024
-1375
24256
30444
31536
15641
-120
-21340
20946
18250
-17143
-1516
-15252
-12912
-13641
11896
-18956
4850
-16405
-15295
-10994
-9331
-3131
-24673
-26080
-24430
21063
-9026
32500
-28014
-8772
-14146
20563
-19469
16467
25723
-25921
29217
-231
-22894
-3566
-27282
-21607
32679
-18296
10507
932
6154
22767
24182
26018
-17786
-12540
-31309
3246
21049
-16639
2313
-2465
27791
5793
-7782
31003
1778
-20003
-32571
16806
-29111
-15823
-22302
14774
-15964
25935
8692
-26573
-21007
9854
-19633
17065
-27224
18708
22754
-26738
23497
32532
14675
-7677
32443
18499
-30874
20124
-18855
32220
-15299
-27635
3201
17150
-15255
-764
27284
24353
-24858
-24969
-10357
-6858
697
146
-12183
-12744
-27092
-32235
2912
1115
26920
-4103
12938
-4231
-31522
12169
-23046
22986
7972
17944
-29588
-7386
-20623
29047
11056
-19215
-8578
-13576
26619
-20333
14882
-21171
27168
2582
-9495
-21110
24389
20418
28033
-7762
8077
24928
-30205
32519
-7125
-644
-11060
2218
-3442
12148
-4617
-15499
11951
15893
-14319
26310
-22671
-14988
-6417
7458
28636
5996
30577
28184
20188
30533
-21799
18336
17963
29668
-1320
5624
-4309
29871
19929
4409
-10412
22527
7937
32757
-30912
-13738
7259
-14869
-6555
-18713
-30210
-22429
27324
16400
-92
3251
-1000
-31190
-5697
10293
5722
15609
3785
2105
23208
32759
2360
29836
-24915
-26283
2391
-11126
-15453
28125
31101
19089
-15236
-22566
-32762
-14765
8903
-28189
-3432
-3153
28999
-31059
-13423
560
12934
13008
28308
-27284
29869
-7396
17951
-6086
8980
-20164
6365
-7520
-27334
14930
24250
30668
16626
8154
-16559
-6955
-13886
-21245
4152
12125
-796
6151
-7774
31148
16921
-21090
-25386
12829
-677
17560
-19318
-32236
22116
-18300
25504
8480
32632
22043
-17012
-2363
-30300
851
-21694
30229
20358
13959
-25859
17589
5209
-16719
28534
27035
-17065
-16306
26756
-17445
-8628
13884
21359
13437
8499
6448
-30747
27627
-28823
745
-32127
9196
-3596
-20666
-1177
-9221
-23252
-19720
-14702
5479
9781
-31536
-29512
-7759
-24468
-27058
-23568
31089
-26186
24250
12440
26239
-4458
11488
22470
-12843
-7991
12205
-15875
-7034
-3877
-6940
17214
-16132
-5925
-30495
-27193
4257
19080
-895
9076
-14698
-13210
3556
22526
4372
25863
-61
17410
12764
-9560
-14655
-26675
-19039
20870
-21405
-31336
22423
20282
6091
-72
30269
-353
2668
-9862
14456
12407
4540
-3438
-31226
-8791
-9011
23844
-24982
-32031
12971
-25336
11531
-26761
-8360
-2416
14045
7347
18994
32454
-2269
24486
14597
-29940
12607
-14466
-4645
14930
12561
-10477
-13823
29914
24753
-12385
8312
-23663
16076
28446
-10663
-31722
-22203
-28726
5471
14278
-32410
25695
-16375
26910
-10074
11031
23741
-11154
23122
-27627
30760
19320
4267
-139
29546
31281
-886
-31306
-11779
-31185
-1969
-31803
5554
-14002
8269
-7819
31324
12750
-17273
-18122
30139
12180
-3767
18562
-8269
-32085
-12136
-8338
-11070
24867
30556
-3027
-1153
31792
19602
15399
-18674
25145
-18722
-16699
26624
17028
22410
-22463
17177
-17158
-954
14422
12813
27930
-30217
-28501
-27039
8706
28537
-24713
-10240
16980
-9866
-1695
9416
630
-6456
-8284
30688
29107
-5146
26683
3198
-19050
-32724
-19578
-10520
32289
-2812
129
-9106
-20001
-3495
28543
-15658
5994
-10063
5465
6171
8370
28951
-21987
13372
-27122
-15923
13419
4629
13605
-11886
3527
11097
-24772
-17680
-31104
-24258
-28964
21776
-14145
25198
-22251
-29250
10492
-25008
24750
-9765
-8337
-32683
17870
-25756
-29697
-5978
-20345
28630
21391
14769
21894
7528
-5202
26951
-4455
-31827
14128
9592
31238
6752
-18418
-30764
-20238
9641
-3200
-15630
24387
-19518
3301
6436
-11847
27739
31829
4384
12400
-29375
-6786
19550
7111
-29752
-23851
-15569
31874
25940
-3705
-4751
32277
-15810
-29477
15256
-6662
-13553
-24135
27890
10870
-31721
4925
21682
27116
853
-26409
-23880
11277
27657
3811
17636
25882
-22612
11890
-2941
25616
-29959
-17510
-1666
13114
-20476
-31756
-11110
20682
-4213
-12082
29867
-27769
26227
-10927
-1590
13051
13459
-17805
-23840
-300
1120
30110
19851
9862
22028
3431
26845
-9469
-2033
-8515
2504
6268
-5872
-27580
3832
-11521
25202
-17919
1929
-16261
32638
32123
-9411
-17837
-2105
-31826
18103
-7876
26961
-8059
-207
12418
-14291
32443
9275
2191
-15635
10457
6808
-3498
6523
-6556
4638
30841
3196
1902
22623
24391
18451
7933
26639
19243
24462
20471
-1202
-29059
-28984
-28034
-23044
2083
-3723
-25723
9448
22241
25094
24588
-18330
30134
-18906
-28425
2749
31691
29766
5637
-11182
14922
-24330
4281
27410
-32616
-19085
8895
-24188
29923
10957
-8576
-28311
23714
-26221
-21741
-7396
-16334
-10960
-22631
10944
-24120
-28286
-4753
6309
11502
-18881
-20276
7765
-16866
27745
15065
21811
19952
-15556
-30857
-11884
-15171
3465
16180
-18527
17306
-8405
-25642
-140
-9801
-10760
-24592
-16936
22069
5265
82
-28435
-19744
12138
-16842
11809
31556
25974
-15972
6136
-21342
14202
-7578
14555
1661
-28135
-15763
28252
22148
-19740
6213
-30615
25258
22625
18033
17596
-8832
-30422
11507
4025
-16995
10591
-23325
9775
31762
-8853
-7980
-32336
-31858
21733
14526
-16410
25580
6841
-20025
7367
24208
31513
-15078
-217
-31651
-21181
-22406
27186
-7096
-9846
7847
19617
32367
31195
-3755
-17330
20174
19461
-2525
27012
-17195
5114
-5897
8185
16571
-1674
24046
6308
9668
11491
-12034
13530
-8412
-11860
-2907
1822
30779
11098
-10033
10248
-2420
10065
-9791
-18765
4816
-13628
-724
19613
23621
32100
5074
-28546
-16270
27976
136
8592
22926
21547
-18328
-29876
24881
-29637
12274
-5418
695
645
16888
-29410
-5820
-26226
-12969
17483
-27309
-11716
3035
-28391
28328
-27120
-22842
-27780
-5465
18322
-32650
-9284
1650
-5667
-15096
22752
-22842
14167
4871
2209
31838
24227
13271
-32478
26541
-27387
-31670
13780
18333
-1337
-364
-4600
6795
4742
8700
-20641
-21047
8600
209
-30857
7700
22887
-2674
17160
21911
8009
10741
16071
22626
7906
-25377
-29716
-21317
22425
1517
-22002
-25932
-3256
-294
16341
12510
-17067
7816
29389
-13873
-14960
-31035
32502
30038
12137
17119
-1982
17151
-7419
-13449
-27415
-17396
18788
-29030
-12326
-18636
35
-336
-3388
-12304
-25415
15711
-9512
5313
-11176
28162
16658
2733
-10985
24354
26086
18153
-16658
11254
-20317
5743
-30810
25745
21635
-23796
6475
18214
26717
-569
17728
6613
-26255
-28720
26830
-19156
29793
26012
-4567
-18672
-14059
-3436
4612
24994
-8371
22213
20680
30588
8850
-1697
28156
2855
-22489
12321
21311
5544
18436
32067
-12441
13462
-32160
-29523
-24434
-18590
-21940
-9050
-6519
-10843
1603
15734
24784
-26634
-24666
-2321
2620
-21782
9050
-12627
12723
11155
-1352
-3945
17840
-29809
2866
2269
740
-11915
-14575
-9392
20769
-69
12797
17153
29868
9591
19149
-1869
-30890
21141
-17004
-20072
32230
20799
-11065
-10100
-12631
-9594
-30806
-16139
-6817
1823
19673
-9548
26985
-20357
32119
17453
-1337
-6298
-19360
19724
-10680
-8046
-12373
-27284
-11172
-3466
20872
4343
-22189
-12719
20560
1034
-26926
7230
31415
-3762
-28069
23276
-15853
-30902
-20552
1480
-1341
30377
26329
8553
19287
21126
-24915
-12827
-2558
30598
9629
28611
18766
2325
-14011
1504
2433
-6187
2977
19902
-22159
-22659
-31913
-26063
27815
-15805
-28363
18798
-25587
30336
18618
-31739
30931
-32163
-17479
4611
12749
-5841
13634
32423
-30739
1823
20254
-9308
-23208
20375
-7294
24761
23975
-26045
-28925
23085
-2793
-26792
30890
-19523
12341
15054
15261
-59
27538
-27803
10220
-10793
-8061
4716
2380
-30126
7747
-24603
-29321
6481
-6874
10853
26561
-963
-31441
-677
4708
-28784
11695
28178
-23997
24224
1025
18993
-9637
-16847
-10530
11086
10987
-9772
20867
3381
27486
-8896
18997
-21305
-2607
-11220
10934
-8056
5903
-7300
-4806
10059
-2413
-2042
-17872
26237
28723
16041
-8189
-15382
1379
-12154
-22527
-13737
2995
4047
14450
-2140
21945
16451
-13222
-20136
-5444
-13090
210
20869
20559
-5757
-9129
-23826
30743
-3672
-16252
-11898
948
9681
-12937
12078
-17146
-3532
-17895
10187
-18505
-2591
-19707
-19683
-25383
25322
14990
22859
-19443
-14060
-22379
23557
30361
21592
-14599
-18585
-22440
-13694
-8815
-18119
-11936
22700
-4514
31507
18347
-15214
-29019
-5602
22520
18539
-25270
-27158
2668
6706
24310
-21154
18516
-23738
-5432
-9460
-20037
-22639
-1112
-3982
25415
15354
-19626
-10766
29002
-1336
-12233
-19493
-22700
15989
31057
6726
-16269
2506
-25755
12386
-12932
9389
7809
28012
-5118
30529
8008
12218
-12909
43
-3098
-18523
-23416
21659
14319
-12859
24783
1767
-17915
29383
-2167
-4301
25275
12677
20337
31195
-4653
-16925
-30821
19445
29507
5045
21255
-16103
30616
13218
-27913
16674
-32655
-22506
31991
4266
19051
-6636
-10925
-28722
-14439
-26113
-22594
-18823
-8402
19483
-3008
-19298
13216
4972
16142
-29971
13146
2371
29800
-19134
-20972
-13368
-32602
29601
29260
-7015
24206
30232
-18543
-2346
31664
-15731
475
-551
8980
-1606
-1996
7312
23230
13962
13642
-26491
1074
15056
-31906
-29858
1103
25683
5676
23265
13206
18485
17003
32430
20140
22937
18213
-5919
27646
-10826
23635
-16765
-5894
-13857
-25621
-26652
-12874
10388
-19954
24796
1953
-21344
27703
29187
-31934
5798
8961
32316
17670
-28352
-5251
-6654
-22904
6392
3412
13
-31941
17793
-12745
25252
6815
3660
26448
15450
-29332
-8318
28691
26664
-2065
14398
-32543
-5864
-2181
-15243
-27029
30287
-21246
14235
-32427
736
23616
-13360
11974
-3617
-30199
856
2814
13134
-23721
6578
25312
-25069
20943
-19368
28967
-6443
-12461
30356
2535
20030
-19945
833
26089
3056
12243
-18857
-29477
-11984
25694
12049
28327
19692
-18631
-23504
-31066
-31589
-1080
-10335
30809
-5863
4928
-407
21073
-4505
27705
3952
-3636
-21772
-14986
23418
-25840
1527
3565
-2167
13804
-14391
28913
-8375
5225
-9510
11845
-9783
-20756
-17835
-17436
-30947
-24253
-5001
30131
-18033
-29114
-10042
-8798
1954
-32540
-8674
-19491
-3831
13928
13233
-21235
24959
-17845
-16146
-16270
-24843
-7107
2617
-14052
12224
-23369
-29896
-16215
-9173
-19216
-9033
140
-24718
20467
3595
-1440
-3858
-19467
9822
32004
-8828
-30082
22543
30888
2077
-9492
-19297
-26850
-27377
14805
-30551
-27650
14381
11610
-26191
30853
23850
32307
-32259
-11044
-17841
27268
25516
-20553
-22454
-16522
18680
2304
2710
-6141
5325
19815
-13513
-15359
-9655
26129
20937
32007
19630
18927
-17799
20644
-24595
-3172
-19551
15487
-19819
-11130
13910
-15593
-20448
25165
-11650
21466
-12753
26430
16120
-27412
-25058
20114
-13316
30135
1706
-18190
29897
24807
8347
-9922
-10387
9108
-17323
-5361
-6084
5941
-28036
-1416
28596
-26424
-30794
-7960
-4198
-3570
-2794
-24248
9236
17953
-24589
1743
-3989
6389
-743
-30744
19356
8423
-24583
32281
32619
30915
-24490
-28028
-13790
27941
13921
26281
-18061
-18328
-10574
3258
-31685
25381
14633
31405
21505
1529
18252
-23577
5888
-6393
-6347
-10834
-27210
-13328
22229
-9261
-24403
4835
16830
11153
-20075
-7360
-6692
1301
-7539
-11497
13282
-23841
-11925
-32499
-16614
2814
-17482
-27248
18276
-11902
1842
-7461
-17562
-31672
-1476
18093
-10171
-25842
-13280
10366
-15579
-26592
-14315
-15593
-20157
10013
-12270
7216
16891
4313
8734
-28626
-4808
20584
30645
-3033
-8928
-9986
2685
20376
18116
-999
18170
26379
-5500
-12291
-21384
28066
29542
29008
1552
31087
23230
-24151
-26111
21631
11987
-23135
13270
18952
-19070
24319
10733
6194
20096
-29884
32366
19819
29383
-18122
-4007
30228
4546
17630
-9379
16925
14047
3605
-29767
12794
14574
13115
-31958
1862
32432
26722
7613
12521
-32216
4534
-29459
-17491
26978
20972
8124
-28728
-11735
-7917
19759
6212
-24487
5781
18190
-22214
16301
618
-22292
-17752
-23550
-27716
14553
31438
-20704
-8418
8232
28915
-15223
23221
-12898
-3561
15247
20139
24225
3200
21474
-11619
-1655
6222
-11012
28252
18992
18444
-32120
-24646
412
27666
30929
27668
-22486
-686
16419
-4887
-12694
-22734
2482
-18245
-12597
30613
-22743
22873
30115
-19335
19933
8943
13288
-7099
27539
-24864
-19783
9919
5748
-18959
4517
15956
-10381
-23991
-319
10451
-5538
-18525
24223
-30998
8591
30893
11191
-10266
-1254
31552
-18585
4774
19576
865
-16549
10870
25095
31762
2658
14180
31924
7410
-30386
5936
-22055
12706
129
-30765
3054
-16325
-26658
29322
21992
-2632
11558
20020
19157
31476
4560
-25275
-6647
13415
16808
-23153
-24579
6134
-22235
20273
10373
-5541
20108
-14264
19955
-30562
-24304
-354
5556
-26806
-1618
18199
28905
-3901
17710
-27624
-5304
-61
9800
1072
-4907
-21209
-9909
5444
4295
-31512
-15965
8987
-13723
-8245
-18828
24343
18169
-25380
-32367
-25245
-20834
24267
13796
-5269
-13615
1753
32414
12141
-8341
16125
-28641
282
15671
-19384
-600
29811
29235
17587
-5935
-14390
26391
1890
839
-218
-28062
7909
30548
22815
20694
4672
359
-13672
-16217
-10358
-18377
-5650
11199
8071
-4772
-12167
-26138
-15939
6882
-16744
1479
31355
-13178
12564
-5257
22903
-15365
29683
4487
26177
15998
-21739
7541
26411
7815
-5212
32327
-27302
11579
737
-28890
2168
-11374
22343
-5574
-18795
219
-3189
-13469
-265
12116
-18492
-27437
-9179
31927
-21525
-17654
32482
25146
4441
4325
-3414
-31235
17155
-11952
-18183
-15917
31984
5840
-20147
3159
14435
3989
-9112
-19022
-6349
-4794
16072
2097
22664
6326
16552
25589
245
31518
1662
21189
25944
8313
-8576
-22640
-3764
-321
-5766
-26630
-7566
14229
-9950
25913
-1703
7466
-9813
31690
560
16524
-17437
22659
-15553
21363
-81
3779
-32350
2313
20693
-7769
31181
24665
-10842
-1441
26017
-6919
14836
-11568
13860
-13639
9501
-18107
-12975
-24702
5153
32713
-10118
19007
-26527
-28270
22533
-16847
-10370
10071
31789
-27637
14854
8646
7300
-29611
-8181
24487
-28136
-20458
-28973
4696
-30365
-18230
-16173
27333
-23358
-7269
2497
-5039
5386
-18110
244
9052
17383
-10372
32637
-17973
23270
-20584
-7540
21671
-1448
22813
-2061
-27469
-20624
3346
-4287
-32013
21990
-26555
-28001
2443
25656
-15315
29938
-16464
7202
-31724
-28093
-4813
-28540
7258
-7121
-20170
8364
4581
-30625
-21237
-19144
-4482
21890
-1164
22660
-29446
19785
28068
12825
8555
-31950
-31083
-10146
-32756
-28565
3001
-13182
-15410
-2409
26317
-31376
-28121
28520
20907
20281
21321
10387
-17108
-6423
-19463
-20606
-10939
17219
12937
21799
31873
-2360
11808
29576
30205
-19956
29886
32235
11750
-26557
29029
-17747
-17107
12986
24501
-25837
4199
19069
6648
-9581
7324
16235
-5559
-14621
21766
30900
-27792
-19521
-2706
-4217
-30517
-13401
-2066
6956
-17265
18124
-8241
-9443
-23227
-30801
-18281
-25493
25835
-31631
4455
-24801
-7148
-27825
14912
-7726
-18012
-22114
21915
29813
-12346
16557
-15233
-7254
24977
-3228
26170
-19356
16948
-9305
7400
9561
14866
4113
20458
10458
-6067
26755
26731
29735
11060
-20563
1473
-25456
12653
-22373
-11357
-23783
18003
31890
-3005
27606
-32205
914
15684
17420
-5525
-24006
25585
-9266
28573
-24831
30039
-29576
14196
24255
-13468
17041
-10198
-16249
-8316
-31253
29274
21490
20772
-13763
27990
14968
4905
-7956
-26194
-31477
2816
10453
-24692
6168
-10732
-13620
-15400
14898
6668
20727
-7828
7132
-21632
-16359
-6103
-23202
-13946
28664
18831
-16876
-21426
32486
13900
6014
28307
509
-11428
1696
27731
27794
30031
13696
-14006
2441
-3319
30078
12643
-28262
-17420
6424
5248
23588
-21829
28258
559
27250
30201
2738
-5911
27728
-10951
30943
-1544
-7199
-26463
-19412
-2459
10555
-17831
31761
-17435
-6065
14690
19699
-2777
-22154
31361
23720
-5195
-22937
-5348
-30892
-15441
-27703
27898
-23154
28373
-17307
-11363
-9492
12000
-6692
19873
3065
-21577
6128
25827
29739
-6010
517
19951
2907
19861
31201
-32321
1693
-8369
29233
-20971
-23826
-30261
-29294
28182
27799
30206
-17533
-12618
-15655
6827
27153
3309
-1172
24062
-6771
3349
20841
-26708
-21236
5881
-29754
16733
13006
4432
27391
-30023
32525
-22679
18859
17847
-27414
1474
20452
-19871
-27536
3990
9902
29556
26752
7256
-14485
-18704
-13116
-28008
32193
12913
19430
22742
-27698
15852
2981
29862
-19969
-24571
-11103
-32117
5480
-31279
9102
2613
25344
9832
15351
201
10363
-25161
10846
3587
-5822
30834
-1056
19606
9765
19764
-13188
7333
7548
-21383
-9117
-12264
840
1210
-19137
-30441
15157
-23616
-23600
8112
-6072
-14524
-3474
24991
-2974
-15329
23880
-3932
2698
31833
-14587
-1949
-1849
-29799
-1802
-761
-14064
20402
29014
-80
19752
-19162
-27661
16659
-9055
14400
15688
-10981
-3019
-3807
3828
-5279
17871
-25744
-30845
5354
26195
10570
-1023
-10707
-22239
-32038
269
7792
-22967
-19738
-7410
-1076
29314
-28086
29433
-3541
27242
-377
-6973
-6485
-16326
4636
26261
20699
-5777
16000
-7443
-13642
1160
27355
-1595
6897
-16214
27361
-22299
-26112
4576
-18435
5915
31570
8952
27846
3284
-29688
-30377
-31097
-19818
18579
-25848
24606
14082
-20803
6787
19564
-12626
17234
-13963
-14845
-13172
-11872
-10729
2422
30833
-14475
-3309
-17107
27697
-3693
-3296
8534
8728
-20960
24037
-13104
-6854
3330
25481
6268
-13700
-25162
19759
7283
17054
29809
19327
-979
-26918
-919
1176
-17271
-13612
-28030
-28809
-970
12729
-13961
-2664
30078
-26513
-27988
23275
10618
-18801
-31874
-16924
-31569
-27096
12568
-32216
21146
-25652
-586
-21712
430
17080
-23812
1309
14276
17439
-19093
10296
10250
-12298
-22016
1137
-17840
26899
27813
10816
-4251
-26207
-28192
10590
-4976
-21521
25219
-14118
-23934
-10310
-10013
31642
8674
4943
-32601
-21131
21349
-14532
-15214
-3616
-3003
-28122
-13106
-12811
20580
-18679
-26703
-19507
16523
27938
-19376
31674
28006
-3216
11741
-175
-12813
-14740
-18656
-27022
-14438
10608
3368
29745
-27498
8518
32076
22890
-9151
-12268
19901
18833
5247
-17978
-28031
10562
20889
3303
-1108
-13880
-3863
16455
-23545
28464
-9638
-27492
20648
26149
18318
-4659
6669
17573
-10557
-18002
17564
16913
-25738
25707
-3867
22347
5516
-10244
14809
-30439
6625
-3725
3795
-11687
18705
27924
19354
23728
-7644
19706
-1583
6186
-25881
21119
-14554
-25274
31416
30013
11061
31204
22919
-18844
-4679
-27920
-16815
-14964
-16605
15111
-19095
-3119
5381
22341
-28744
-2062
-11099
-31047
-32491
11859
-10840
-30750
-9098
-9798
-20448
-5142
-27710
-26638
-27751
31011
21309
-1785
-4377
14192
-14789
-13346
-21358
-13518
-10075
26169
18363
-32507
-18904
-21498
12664
26786
-17787
-20604
-5786
18215
23293
-4711
-16811
10356
-8844
-24396
-31123
19101
23515
29420
-1169
17385
18497
-26230
26697
106
17835
11272
-30408
20697
-26698
21480
17748
-2382
-8341
-32392
-21688
9741
-21948
-9682
-6023
22393
23516
-4689
4838
-30319
-543
-9805
25503
22625
29666
22868
19588
-26530
5432
-13637
-18299
8796
-1731
27096
14198
-718
18419
23510
-24120
-29942
32258
11130
11592
-4451
-10258
8716
-8848
23863
24599
32462
2251
20972
9048
-4866
7349
-15914
14098
12901
18334
-1166
11550
10684
12279
-12486
-32014
18539
20707
-31820
-19817
-7786
-6311
31875
-3460
-15624
12341
-25281
-3182
2498
18555
2758
-12807
-73
2294
-20541
11839
-22957
-14141
-10566
7056
-20442
1551
-6342
-1183
-18498
3534
-9907
9277
29932
-12973
5080
-29851
-20332
29194
-2289
-7222
-731
27561
3888
6058
-32384
-14590
17034
21093
-29182
21649
6234
22709
-3913
-13871
10992
9746
-20938
-30822
-24955
-5947
8541
-26644
-24865
-22425
-22787
-4548
-28900
-24305
14085
-19419
27090
-25107
-32061
-25418
9185
6263
-19798
13640
-12189
28114
-11638
-20109
-3080
-11809
-6301
5526
-27447
28988
-2382
-13533
-20269
-13927
-28652
-14898
6244
-12557
-21799
7233
2967
-26255
22479
31081
-2321
-30079
-30243
-11825
3137
-3501
30397
12814
6729
-13167
26188
31811
-9873
-22082
25093
28037
-20905
26271
16845
-1453
18988
-9217
25088
-10283
17091
-27009
23986
-10368
-9844
-3816
12843
13831
-21030
-7725
9846
-9017
-11409
-6213
5113
-13156
777
20772
-19165
-20225
23566
27065
-11956
30431
956
19323
-14184
-2775
31021
-2070
-24203
17409
-6831
16709
-30038
-14097
-14765
-16687
7811
-7510
-16266
-3814
-29473
26674
31696
20178
-27569
18178
11443
-11133
-5483
20144
10038
-6608
-22691
3652
23145
4193
-18871
-28739
19996
2453
-3306
31881
31801
-23673
30433
9820
-8604
-14805
28546
32378
19220
-13719
7073
2048
-32639
3199
-31045
-8800
3050
-5335
-3381
-14904
-28861
13073
-6520
-27766
-1215
-10606
32390
-1255
4325
-2777
20425
11855
12506
-25114
23944
5950
-21434
2866
254
12004
22239
2117
-4951
-2929
4834
213
19646
-21530
-16448
30552
-17104
-28233
-22484
-21649
12534
23880
6750
-8142
-30995
-9339
30258
-10790
-7725
-1669
16523
-20680
-25240
-15384
-28816
8721
-21684
1539
19637
24458
9859
-22567
13734
18064
32145
13817
9127
25899
-27522
-2764
20154
-3767
-8164
-5993
-6259
22528
-12930
8646
24951
-12836
-4697
10742
-26009
2176
-2604
-482
-6010
-8455
31429
18027
-9286
-3111
31707
-21629
-11321
-17360
10062
25814
-5316
-31983
-20443
21030
-5047
-19889
-31914
-4626
-14068
-29053
12440
-9999
-12814
-31071
20871
-14048
-15732
-7731
22301
7225
-27478
-18616
-18501
-26716
9224
-17289
-25167
-5504
-12591
2373
-32502
-28451
-15097
880
32549
14776
28666
-11858
-1290
-12161
-2498
21257
-15239
-17645
8102
22909
-32180
261
-12287
-17719
-6441
22731
29122
-21720
-22277
-17949
14007
5139
9097
13312
-26291
19833
27707
-19680
29289
11449
-15864
-11992
12672
4083
-3295
-9280
-30713
28684
-733
-9569
-13635
12907
-23080
-13280
12909
9276
19594
1188
-7028
-30101
24902
2211
20275
23277
20472
622
11403
-31788
8498
-9308
23644
-25860
29962
4485
24031
4039
-20669
4082
-2957
-7248
22744
29422
-14206
-24177
30533
-139
-24546
-21027
-32264
23842
26026
-28750
16479
-3635
-32717
-23591
-32543
16959
-23197
-30113
-16835
6200
-6311
17247
-2987
30785
-8119
-19830
8358
-6054
-26578
-8775
14405
-7832
1365
-9010
2176
-19173
-24919
9132
-16334
2724
12061
4444
27165
31790
-15510
-2176
28749
-31954
16924
-10781
31541
-22706
25743
-20016
-19789
31182
-4754
14669
-17359
11915
-603
29999
-17614
25242
12814
-9840
407
-30387
14666
-29846
-1299
-13796
-15472
25784
5392
2689
-21189
-21135
-11588
16183
-23995
6582
-19830
-3980
-14509
-14682
-2301
-8777
-24316
1635
-6637
-7917
24059
-12088
-661
-28940
-6060
-30167
32019
-7705
-29123
10160
10296
13496
-27338
9121
-10170
7403
550
-18712
17782
2323
29770
-30258
487
-23040
-4967
8104
-1747
19601
-31907
28486
-18273
18163
-20788
-29806
-23222
30145
-6209
11543
6865
-7582
29281
-25827
21294
-30953
751
16575
-21911
26034
18921
-4802
-27281
-28117
28865
-24367
27040
19197
4627
-21257
17203
-30908
1453
-7167
2527
-28277
-22239
18161
-12149
29204
-9776
8640
2257
16802
-22107
23464
-2180
-732
5412
10771
-1815
15615
-11182
-15090
15586
23445
19707
-15073
2034
25261
-9039
-30058
-31884
-14613
-17398
20955
-24715
2634
-32484
30613
14186
6012
16032
-14137
-19336
-28383
-31396
100
21972
-32695
105
-18146
-2170
26736
-7183
-23920
24188
21058
12054
-3899
26679
-30913
11418
-19440
-26057
17618
13253
14997
25448
26115
15717
3092
28003
-13989
-13002
7391
-2105
22138
-20396
21760
23056
-17581
24019
9813
6588
25893
-525
29894
728
10649
-29072
20439
-16389
-11170
23120
-21063
-24488
-7232
-24271
12727
-18395
26501
-8900
-6406
-6611
27437
-16035
-13589
-14808
25232
4227
6677
-574
28252
15096
30623
-24121
-17993
17435
17659
-9649
-5273
-30335
-12976
21855
-10140
15861
-10715
-31516
-23687
10677
8072
752
-6001
5554
-26113
21347
-11989
-13812
8995
-20388
6870
-21623
-26800
-19884
-3637
23287
25795
10952
29732
-31883
-7183
27062
-20268
-27069
-26578
-13412
3157
-5274
-3446
-15005
10242
21633
4619
28884
-23664
-7500
-3426
-13562
-25201
-16782
8514
20239
-4636
-13216
26932
28674
-22135
-27490
8801
8105
-24081
-9766
-27520
22153
31917
-24810
-15581
23845
15148
-4698
-6553
25333
22997
-26161
16743
-17865
7177
31735
4133
17017
-2853
19894
23975
17411
-3859
-20039
30672
7604
-8141
6991
-18617
12303
-834
-2389
26868
-6355
-13115
-16101
-16819
-27091
26721
25222
2019
2499
17721
-10498
22414
-29448
-28044
20920
-12258
23
-7644
-28779
-15645
-30195
21000
16477
26674
6955
8018
18261
2544
-6584
27262
10062
2047
-20019
-9577
-23886
28091
15312
23047
27790
15222
-29671
-27974
-14191
10603
26629
24567
-17971
16060
25004
6014
27876
-8165
-25936
9542
-32080
3535
-9347
-4059
8781
-5981
22086
-32657
27051
-8826
-32683
11956
-590
28124
28546
-11284
22476
32264
32064
19800
-10436
7244
-313
7388
-29097
-16940
18518
16953
9601
1098
10854
-26521
-1848
-7508
-32222
7397
-15603
-5238
-18037
-31756
9235
14489
18300
-28766
2258
28654
-22858
30964
-3246
-30432
11442
-1545
-27754
27067
-22329
-22188
16762
30551
19806
19436
28952
-26022
-23702
-18358
-517
-6915
-1911
-25980
-28119
21061
-13890
-31225
-2267
-25942
-10080
9525
-10893
9011
-29562
-23934
14043
7855
-4056
5808
11173
-22599
-17344
-20414
23354
12598
-1499
-15062
-11278
26187
2935
16306
-23744
11217
25416
-27145
7689
-15733
4393
6060
-4402
6698
-18043
7742
-15479
-31866
7514
25923
-15734
-1072
13235
17774
32444
19486
29072
-6938
19779
-12252
31870
30752
-14322
-13367
-710
3768
-31221
26023
30937
-7935
23185
31911
-20591
-19494
-24459
-4988
31915
-988
-10402
-904
-7637
-8912
-31217
-7988
-9029
5221
12887
28892
31042
28619
11390
-24246
979
12784
30691
-5292
7140
-14543
-29591
-24744
-24161
-2813
-5633
17733
-30518
25999
-17368
6593
1805
3473
24633
-30594
18530
-17096
21303
2332
29628
23302
-24402
21212
-14372
-409
23659
22280
-24827
28784
-30056
-30381
2358
-16235
-27427
18735
-24735
13817
26493
12155
5396
-1100
-385
24522
5776
764
26579
-18458
4424
-24737
-17968
-20802
3104
-963
-32173
-36
-17390
-11718
6997
10821
30420
20995
6695
16530
-24867
2673
-15921
-9584
-24376
6816
-9253
-30801
10861
15055
16569
29619
7267
25803
5951
13574
24842
-8633
-14023
-2621
11687
3066
-9860
-757
-13495
30155
6290
-29632
-22284
5702
-28894
-2853
32101
-4141
24530
2018
9297
-19751
-10801
31418
15208
-26644
12403
6671
18393
-30818
11583
-21656
26575
-14590
459
-21766
6636
26836
-31547
19573
-5108
2554
-17023
22708
-10870
10979
25202
6596
-32215
-32132
-7035
13387
21104
-24807
28655
-5547
-10783
17848
22662
20056
-14270
16491
-707
-9039
-11876
21720
8081
-25293
-20806
28056
23744
-28989
-7501
-4263
-3909
32143
-7258
-16561
-10209
-17034
-21162
10044
5779
-8095
19755
22059
24881
-21025
22515
-14583
-2279
-3595
-2940
18841
-26757
-24199
-22934
191
12386
-4984
-10019
-8514
12815
22925
-9893
18379
10687
14279
-26298
18120
5680
26007
-6779
-21669
-10
-32538
-27920
29264
18769
24644
-10039
11574
-6813
-16814
6736
-21773
12036
-12741
31717
19128
-30583
-7979
-2317
-14767
-27916
35
17534
-20270
26185
-30278
-10108
-28716
14435
-13156
-28850
23300
-15497
26141
21389
3131
18200
26317
-12784
28708
-9267
-2871
-15119
11753
16662
21671
-20974
8253
10419
19383
22559
1167
7582
18312
-5119
-23366
27795
-23445
-23261
9452
9486
22155
15452
1364
-5941
-29866
3876
-24719
-2290
22922
1229
-11397
-4297
30473
6709
9342
-11866
-1993
19378
-3762
-28437
25018
21661
-16188
-13302
-5776
-20284
22149
21667
-21919
5461
25483
13893
-2517
21874
-26964
-2355
14010
-32036
31167
30075
-24258
-219
-31232
-25022
-27826
-9081
16389
25603
-1821
21621
-4537
25821
19624
15316
1266
29319
30921
26770
28151
758
25550
-30575
-24566
3252
-19328
2349
-6441
11423
-6977
548
18315
17704
23777
-20806
20340
12092
21809
-18814
-6758
21202
-2565
21532
31682
-20916
17368
-891
-11684
9316
-23768
-14711
-26455
-3510
20683
11922
-25749
-4567
-2482
4603
28301
-5894
8857
-10902
-26396
-12100
14260
-25129
-11798
27278
6171
27346
29316
-15121
-24582
2085
740
1714
5331
10557
2382
17869
20348
-10625
-14903
25372
14704
-30082
-20121
-473
-7820
12893
-6757
12572
284
-29297
30577
-29014
-22872
-30139
6548
-11851
24961
-12017
-14579
30099
-24438
-6499
-4959
-29163
16365
4097
-25986
24144
-2480
-14504
-10538
-7988
-4755
-17266
11679
-24755
-9524
-30504
-887
25313
-11250
-15995
13874
-13392
-27125
14756
-13200
27159
15782
12411
-730
-17936
-32443
-30141
-27790
-11275
-32184
-14304
6027
-21181
13458
3701
-12234
-8405
-5283
-14924
-24444
9332
11927
27643
16730
-2430
1389
-9164
-8926
2408
-15296
26350
-24885
14041
-15408
-32680
11272
1228
-7504
-14520
11550
28899
24127
32283
13274
-31443
-10753
29441
-4268
-30924
-17118
-29402
22909
15345
25025
25423
19606
14297
20842
26718
-2757
6065
21939
-8067
6856
29219
-12693
-27706
-6503
24649
10791
28610
-14338
10186
-7367
-30337
-15454
-27214
22448
26999
-25268
27840
-15790
-20290
26022
-11384
-20680
2671
25018
-439
7992
-28695
8549
-26843
-32256
2892
-1836
4210
-15807
-11700
-5018
14535
25343
16717
-30813
21633
-14666
-30807
-3854
17196
6433
-878
26881
1011
2712
10831
5816
9672
23301
18253
271
-18592
-17206
-17106
-901
-10632
-12238
3503
20008
742
-2223
-18771
-32264
-8054
-27338
-277
-28046
-8934
799
-9292
-24919
-6744
-8752
-32608
-32633
9308
-11802
32248
28343
383
19807
-21947
20949
-9583
-9053
29945
27921
-29199
-26233
24615
-27535
-23519
9636
-17973
21692
-7217
-25439
22311
13613
-29243
-30574
-12428
9513
16528
-11230
-31250
19827
13086
5555
18311
-31690
-25800
26230
30477
-22331
11482
670
4893
-18112
-26372
8089
25120
22211
-25470
12078
-11515
26920
-24897
-2602
-8639
-11912
24601
-225
-10839
32061
-8562
-5542
-30523
18199
29889
-22922
-19509
2584
-23936
-26285
-32001
11764
-28542
-3870
28703
10951
7374
28717
17361
-25879
28915
18494
20198
-14795
23202
-19852
9246
-6912
-12491
-14370
-26140
25167
30787
-22252
9644
29134
24022
25474
-15548
-7800
-21560
-26801
8172
29985
13001
-6624
-21197
18353
594
-16837
30826
-8646
-22057
27030
21187
19694
-22421
-7926
27658
280
15460
28459
12993
31819
11751
14929
-28744
15516
15161
-6500
-31099
25785
19806
6210
-24101
16733
18211
15635
-31553
16854
-1819
-23355
-24978
11783
6173
-3006
5375
-20272
26355
422
13097
-18313
28093
24909
26222
20516
32235
16557
1307
16191
-13985
-5582
-13740
26990
-10107
-507
26668
30929
-13618
-13041
-5704
-24285
28423
-30457
2615
-6882
-28716
-3127
22659
-31480
13012
-2319
10062
27819
-3301
13327
-2284
-30815
-23908
-31183
-12472
-3536
-26068
18656
-14095
-1318
31259
-15174
-16543
5745
2632
2421
28240
-7143
-30791
-5853
20364
11093
26458
7825
24798
30905
16586
17254
-28830
17148
-10103
-16565
2361
-23245
-2592
-21431
-9729
-21245
9672
-29347
20501
-7620
11387
-32595
485
-9511
-3175
-3781
27811
32381
-32622
737
-20992
332
57
-6548
-9434
24935
15717
-14595
-19707
12882
-21845
16963
-20897
-14819
2587
419
-8885
-10108
-21068
25807
15709
19667
27443
2851
19970
-24527
241
-25127
-5108
-9837
-5252
-5907
18036
-10522
-12158
-14626
-11079
-12763
-15899
-7144
-14195
-15036
22582
1567
14716
18595
-25124
7984
-18891
-11146
161
-28114
14295
28241
-9207
23376
2959
9264
-16165
7541
-7908
18970
19695
-5694
20482
-3135
21733
14773
-5040
5953
23779
-18881
7755
-28310
-14763
7614
12999
2759
29273
10289
-14659
-3328
-31839
-24256
-25214
-3330
-4395
-25394
-20410
31337
8985
-8420
-7381
10583
-29600
15946
-32481
20037
-10446
973
7952
3812
-21790
-25249
-28893
-24591
9563
-1565
5235
-31991
20767
-4559
26653
-15361
31940
15529
13077
1381
7472
12010
-27649
18922
13705
-23656
-6030
-26422
-29265
27188
7640
14794
-22623
-4226
-31416
3992
5042
25693
24934
19314
-31182
29158
4843
-25426
7020
-28214
20047
12222
-31918
25643
-16487
18864
-29418
28381
-15189
20301
23651
-22876
-2262
2520
32275
28384
-15817
-25413
-20491
21510
9267
-10650
21938
-12468
11240
11384
-31748
26285
-3760
259
25208
-31659
17935
-31188
-11951
23219
-3909
28653
-26827
-3996
-17760
-6280
-19068
-8747
4217
16854
-151
24533
22462
18034
23249
25126
-22692
28126
14513
-16204
30394
7090
2600
2863
31095
1628
-22172
-22121
7689
-6222
24420
-27289
7857
-1093
28678
29582
-21294
496
26206
15815
29910
20667
14743
-18416
-31570
-21635
-14044
-21577
9422
-7841
-10325
-8705
20171
14299
3049
28408
-15415
238
-11076
-27913
25351
-4384
25033
-430
-13688
28871
12127
11492
-954
4945
-4310
-5964
-22334
-22213
8641
-28091
-2948
-13357
5382
22925
2002
29380
-14111
11118
-28415
-6639
30062
-5267
11315
11818
-15155
20929
-4297
31356
1882
-271
-6591
-1576
18831
-1776
28936
2972
-4803
8741
-3548
-2980
14990
4380
-32639
19530
2203
2762
32675
-27071
-10474
12266
27025
-27295
-16280
13508
16636
17897
15928
4212
-22230
23627
21830
-29207
19965
-16514
8944
11957
-3220
-12916
-28802
-7997
1014
-22985
7774
-11227
-4683
2666
-4847
-20243
-21904
2620
4865
13862
-15883
-28729
28420
6502
-19169
9505
-294
22176
-18323
30682
18967
470
26883
-23505
-3150
-5887
-12879
-32555
-32252
3360
-13073
-21582
-27567
18599
-15303
-27122
32505
-14088
15525
15720
4267
17353
-9671
30437
-7327
-19891
-10693
24187
-20391
9227
11627
2643
13240
20481
160
23563
-19966
-18984
-16861
-25348
20968
21675
29552
16884
4862
27071
28222
-6446
2731
1306
22749
-14643
5368
23841
24888
11953
25574
22850
-16160
3644
-28926
32726
-2229
12779
21356
25968
-24676
5426
-27339
-12809
27857
-10204
18335
4603
4630
30627
-10004
-7578
-18943
16351
5123
2108
-4957
12782
-6484
1054
-12947
-3599
-3694
-30089
13397
7673
-9628
-4652
15252
-3742
-14750
-9041
-31696
-30742
32036
-5032
3316
-18424
-28735
22332
-10367
-32746
4189
-472
-29591
18587
-799
21921
21279
-6875
29124
-28695
9595
20150
27890
-8825
-1600
-32745
15011
24310
12867
2773
20362
-18601
-14283
10300
-1644
25684
16740
-11510
24907
8112
-17581
26632
18825
-31647
-8141
-31577
19187
8430
28096
-6523
2678
-7702
-21459
-14502
21432
7916
-25822
15587
20019
11630
22123
-27562
29531
-16095
18899
-25267
15174
6478
-18954
19686
-1169
-21950
23317
-9795
-26900
-18479
-31665
-28869
-14895
-19113
10454
22414
-25826
-27513
-23149
5824
8758
-25041
-8475
-23762
-10151
-15739
-20505
8516
-1453
-18629
31889
-10652
20713
2366
1022
7255
-28335
-22728
8119
-30849
-28756
-9896
-22535
30568
-26272
28138
-5541
-16164
2953
22393
499
32541
-13903
-27595
-6355
19517
-9213
-10475
-11564
-20250
15801
1199
7594
17520
1163
-14721
-16375
-8746
24331
-29352
-11815
-24701
-30621
27244
-30157
-4735
-16376
27724
-28989
-24834
21496
-18748
-17566
-28917
12735
-274
-1990
5721
32041
18827
16055
-19038
5265
-28813
-21032
28598
17215
-12474
1371
31360
29278
-32595
-7965
-12258
-31919
-14816
-29932
26549
7987
-13214
-14287
-15458
25723
459
11679
18082
9881
-26039
19512
30273
2398
-31092
1224
15500
13592
-6702
28062
17490
2583
6523
30328
7025
6589
19939
-13820
24883
30817
-26600
-25225
-32620
26748
18525
27773
-4273
-19328
30413
-30782
-14330
-9309
-14693
5207
-30845
-30057
-31318
18211
1693
-20341
4859
-12246
4931
20729
-31144
12931
27865
-17361
20888
28669
23145
9013
-5364
2428
-6253
-18865
-29138
-637
-24420
-6489
15671
32694
-7670
-3437
-3148
-15438
933
-13521
29030
-6614
-9373
-31652
-30931
-23086
-7732
-17971
-5057
101
14812
-19363
6228
23020
-14777
13144
-29781
2697
-28834
-16338
13749
-18790
-3305
27379
