-32227
-30560
19332
6059
-15194
-28452
4331
25577
32516
-17718
14481
17182
4959
3342
-31216
11600
28530
2865
12579
-3049
-28616
12233
11145
25164
-21806
-16699
22879
26221
6255
25215
-25536
-13866
-23101
21099
8526
-21068
-18599
-32014
2147
-831
24360
-3735
22217
18941
1043
28980
-12375
20003
4213
-31978
403
15614
32195
7791
-20293
15323
976
-30602
-8550
-5805
-9924
-16260
31523
29413
-3047
-20086
26725
-32044
21656
30584
-18512
7717
12667
30231
12855
24600
3000
-10336
24706
-24464
17716
-25942
26567
-31716
-4728
23175
-8982
18019
-21955
-11487
-20494
-28359
-27290
8502
-6264
24244
-15909
-6990
26122
-4032
26702
25791
12138
27602
-27953
21898
7481
9223
-6061
22573
-17116
28928
1015
3562
-26044
-24217
-32423
-25415
1464
5607
938
-12067
19048
12492
-16374
999
27482
-21600
