23973
20922
-12673
-9869
-15604
18877
11143
16769
-28119
16820
17179
4268
9792
-28775
13601
-26310
32464
28299
30456
9764
-29784
-25362
12892
-22994
-17967
-19013
17588
-32528
9256
27465
-14594
-8037
32573
-17820
-12830
9564
-10029
14342
-19723
31058
-18842
-28056
-15393
26062
1318
-9202
3337
-17157
-12136
13365
-30218
23878
-30997
6326
21199
19350
-150
6102
20141
-18250
-7572
-18624
14529
-28909
-31948
-16959
15120
-24592
-706
-26355
-13696
30410
-23806
-21379
-28950
-2234
28616
5863
-13466
22334
-206
17934
-1000
-6743
13620
-24492
-3315
17752
16659
18499
3575
-5151
15358
10605
12502
-11713
-4662
23707
-24075
-11686
10201
10741
-11220
-16006
-19319
1562
12742
-821
25780
16715
14435
16099
2818
26205
5032
-14735
26152
2222
-98
21310
-21021
21896
4715
13358
-15847
29794
14941
-21
13549
25925
2702
3458
-18546
4558
103
12225
-15300
-6452
-2844
-17189
12162
-15191
13560
-32653
19465
15739
-3877
995
30550
-10219
18886
18032
-1041
13624
-9217
-29550
9702
18304
20025
-8944
29097
18121
-22275
4192
-17544
8473
-12250
-31680
27857
-1694
32313
4451
31234
-18243
-1870
-20586
-19936
21392
-23928
-25282
-5847
-19380
9800
-15254
-9832
-8201
14108
26188
11337
-18356
-24897
9101
7150
-11798
-5132
23807
-3279
7649
-25119
7958
-9856
22284
-29583
-11597
-12885
28509
-11204
-13768
28564
3788
13225
-9565
16809
29250
-14757
19379
9514
21370
-3877
4526
18368
1976
-5976
17346
-19764
-25451
-24334
29361
-8038
-5038
-22427
5370
-8568
17504
-18190
-13975
-26281
18204
25450
-16600
-22687
-3403
-6078
22520
25771
-6377
6792
11657
-21338
2008
-3792
14473
27730
-2874
1675
-19865
-3957
-4449
-25437
-7362
-21611
27969
-13341
30391
10044
-2386
-25153
-29106
-30827
7421
-22880
-10273
25710
27472
762
-13719
2082
-15639
8091
-6086
5047
23732
-8087
21984
5661
-6624
20177
-13
-30171
-11539
-22586
-9829
-7349
19193
-22741
22000
2303
12519
19675
25944
-2024
2500
-15321
21778
-21168
17363
17433
17120
9884
-1692
-28772
-9282
-11967
25048
-26476
25528
-16788
16742
-7340
24283
8046
-12704
9654
1463
17691
-14554
-26327
-24734
14982
14327
-14256
18234
4384
-22395
23832
6231
14059
-1386
-25670
17003
-9018
-31157
-5377
24872
31669
-26348
17670
-5377
-4574
-15206
26197
2883
-26609
-15091
8524
-1715
-25460
13279
19254
-10414
-1170
22385
8570
-4668
28987
14690
-31909
13690
-6394
-32389
82
27920
26082
27872
-22828
27285
1036
-12028
-31360
-17535
12102
-16391
24872
9347
-16283
-7056
659
629
-21137
-30666
3164
-31354
1399
16135
15476
-20963
-10673
20300
25480
15776
-9613
-29785
9301
-19016
-10558
15482
-8992
26041
-5031
15601
16772
-10449
-23686
23729
11315
28908
-13019
14943
25045
18756
-23789
31500
32016
-12104
-5150
-6813
-19667
-14084
4257
24169
11750
-19159
-16078
-20300
-27966
-27849
16071
-17073
4316
-29340
-18887
19835
-17489
-22259
-27711
3181
-32560
-14259
29784
24000
23397
-28879
26347
13872
-29418
1668
16785
2116
-26894
22589
30265
32512
4499
300
-24603
-19487
-804
-2183
286
3274
-29137
-23267
-20851
-14479
-22126
19522
-8387
-25495
-16742
7005
6130
17763
-18818
7020
-8367
15466
-27810
-1204
24190
6824
-9248
-2180
13302
-2577
32088
3061
-31479
21758
-30446
-16151
-15535
-22926
13137
-1650
13871
-5609
28623
3264
1212
-27572
-21985
-22542
-3140
-30112
-24588
-30704
2437
-6456
-7950
-9087
18695
-7511
-25446
14882
19057
-4158
-12297
23944
19697
-15968
26105
15868
-23056
-11927
-737
21319
-3185
-29875
14581
7534
17726
-22522
20138
22354
-15022
-24651
25311
-27920
-1168
-28522
-14922
-18397
6707
-12683
-107
-8941
-1154
20281
5815
17655
31847
-30337
2029
14134
-11508
20252
-15816
27738
10436
-16815
653
17453
29833
23049
18931
2534
21892
31481
12160
7364
6600
14113
11889
-7249
15073
21250
-4715
26925
-11929
29484
-12514
-23552
30264
22393
15005
31796
-15678
8747
32169
17523
-12262
-27530
-13382
287
-22450
-29827
-32633
-28636
-14431
13576
-5918
-32186
-10854
6336
29263
-11913
-27173
21274
4286
32571
3609
-30468
-17228
-19563
6454
3570
-11592
30259
-26530
3300
-29446
25212
-5740
-10172
11000
-7691
-27355
259
22880
31387
2688
5215
-30748
32244
-17997
-5997
15488
-20485
-10438
26692
2639
27216
-24373
23455
-24119
24400
17726
-17332
17716
3749
11931
16240
-26425
-3576
-2628
27234
2352
24651
3205
-11221
-23223
-9050
-16430
1153
19357
-24176
25962
30904
11943
13320
-12220
29514
-32642
-31801
-23059
27448
10314
15986
32155
-25462
-15944
-22108
23533
13716
8442
30603
-4726
-18492
23037
2824
-4902
-25295
-24439
32731
25560
22592
-32291
-26604
32164
31321
28733
7875
17375
-6800
5956
-8470
-8133
-24620
-25436
-6303
-28220
26889
11812
26642
17118
19783
-20461
12750
-15052
15872
8812
-26454
-25063
11218
-22062
21780
-31340
-23933
-26641
-24551
27824
-30767
25870
30561
28283
5866
6443
21782
31859
-8555
23261
-3107
-24282
-20940
14793
13571
25305
14836
-10717
12902
6913
-6630
7964
17360
-13759
3778
-14314
26682
-22574
-27108
-12611
23622
9243
28894
-20777
-19474
11282
29319
1651
-31866
-29164
-519
29986
16412
31060
7520
-24431
-21057
-17138
32048
-28168
12320
24767
22600
16938
16362
-15114
-6810
-8842
-28636
-26254
30805
-20346
20477
6653
-25593
-5923
-17686
18209
26786
-4875
14890
26738
26572
11270
32446
8247
17300
-13143
-14625
-16221
-14797
26233
9976
31793
31422
20139
-383
-26301
-21383
27233
-11805
-5744
12299
28851
-26169
-28391
-25608
-6355
-5630
28062
-19478
14153
-7986
4858
-23457
-23134
-19293
-27335
-11080
6484
26156
27616
-11145
-22769
-21700
-29633
-15457
25148
-31147
6148
2616
2290
21818
-26230
13738
32182
3948
24789
9325
-10018
-21513
16195
10448
21612
4694
30574
-17767
18061
-31474
-13363
-6793
22256
-28177
-8527
12454
-20505
15064
1971
16263
29104
-17859
-16448
22323
-100
-689
25755
6613
-12444
1612
18292
-4248
-11058
-10549
15408
-2378
-10082
13542
-10446
15654
-17870
-12270
7424
-18930
3254
30173
-19736
9978
-4975
-16615
21293
-16423
-32125
10328
24497
-30015
3100
722
19047
-19770
11297
4270
-4694
25369
13933
-1341
27963
5699
12589
-31729
22650
31001
-6404
14968
8500
31621
-14110
-25577
-23263
31357
-19766
-20081
-28427
-26559
18936
-23035
-10322
-18778
-16941
6912
-17718
31147
8023
11500
14810
23622
30113
-25032
-29626
-32062
-31920
1785
2089
-30480
-21886
769
31205
-25339
-31530
-4802
-13668
-17072
-1492
938
-31053
14284
-32496
27781
-21881
1396
24212
1386
-28300
30025
-19984
-24308
32513
-15013
30704
5375
16566
-4228
-6759
-28967
14476
-18756
31195
-2870
-15981
-22562
-20156
-13886
-27590
28568
-6012
12130
-12202
6103
-29503
14861
-21354
14255
-20451
-2326
12781
-26874
3978
-28212
14078
-23410
29859
18218
5839
-32456
-14226
16385
8012
23165
2619
-27609
-20193
27642
-31180
8048
-31077
-21251
15385
-15941
30464
-13311
11473
4092
13691
-9668
31367
23116
-10773
-18605
-4265
32403
-5486
8253
-8528
16375
10963
10259
-21188
-12228
-13457
30302
31459
-20519
-3781
-4302
-9010
-9676
-25375
14429
9843
-1391
7653
16818
-16587
-18831
17614
15917
19383
15906
6102
23491
32405
-27819
-24272
7833
5919
20138
-5730
-20960
25599
15684
-7989
-19473
6975
-24638
-27317
-5813
5505
4957
-22797
-4273
18443
-3858
-9125
-27146
1206
-1124
19023
-11980
-7254
15801
21844
-6643
11474
-14308
10968
12706
6389
24093
-16387
162
1393
-21267
-17814
-6110
-26515
8357
-20331
-31261
-23844
-26497
-32535
19235
-12339
22232
-22488
-17898
20153
-19240
30183
-26340
25727
-16677
-9957
3782
-25960
-3876
-16466
-11696
31045
12652
-7079
-31903
-8721
24664
-28634
10224
-7158
15985
28319
3879
16188
27336
29204
3500
-19349
-28983
16496
-3910
-26536
-16374
-9471
-5614
14204
12378
5620
-13558
1019
-9352
24591
1306
-29685
-2707
6769
-8508
-1991
-4968
28082
17018
25231
2898
-8520
939
5347
-15611
6530
21962
1699
-10518
12604
31781
5241
-23832
-29311
-26186
-13028
-17619
-31624
-30320
488
6827
11805
-20587
-20700
-9839
-29239
5163
-20948
17681
12352
19455
-4418
-23406
-3415
-13529
26402
3547
-26029
9532
-28803
22652
22539
16833
16195
-4189
-14959
-6828
-29100
281
-19978
4990
-4077
-19449
28398
8360
-15074
-7213
-24235
9491
8099
20588
29893
-4125
8117
-24441
-11449
-28700
11083
-19283
-14181
-18231
-9561
-27254
-17788
-6746
29272
-27754
19170
10478
803
-5623
-107
6706
15982
-17868
-28582
13646
21495
18176
23506
-5989
15230
-8060
29819
-21320
25557
6958
21091
-21211
-25629
8314
-24660
14387
26597
29670
873
-2301
-7000
12253
-32251
-19225
27902
-32354
-13494
-18841
-3574
31832
-23130
-18278
-12601
-22012
-21329
28338
-29917
-21886
21400
15719
-12523
-9732
12606
-8176
32087
519
-12994
-15619
25515
4148
-12353
5239
13192
-27139
2543
10311
-7181
31644
-20529
-26861
10278
-960
-17144
29077
11146
2852
6481
-7367
9959
-15725
-31516
-8041
26598
-8185
28185
-29774
-4501
-19964
1235
19457
-16688
-8672
27873
27254
13187
23947
-15166
26465
18011
31320
3836
1791
25643
-16269
-27840
11939
23818
-20596
30887
24990
9436
25272
10225
20901
-25673
-22595
17878
16662
448
16994
-32506
-5329
10019
-7112
-13194
2567
-30513
7584
18799
23815
-10993
11943
1128
3594
29178
-31941
23488
4439
5230
-3371
5873
-20250
29131
12141
-5994
12014
-383
-30088
-11060
-4240
13307
-14007
7385
-31131
2096
-29008
31396
10584
-22744
-10042
-13216
11077
-11108
-11223
26645
-10468
-4714
21245
-9887
-19344
-25816
-18164
-30884
28453
-27676
-1687
-11321
-13003
-25527
-22040
9453
15176
2647
-4745
31356
5205
-13711
-12640
-21969
4657
-21160
29484
32330
15293
-18505
1156
12739
6105
-8827
6994
31981
-25678
-26201
16325
-9501
-27864
-22000
-22339
13689
-6644
18201
-22223
-28148
7132
-2742
27398
-32314
-26130
18092
26634
-26596
-12126
10761
20358
10332
-16012
-7804
-6159
10540
21875
7236
3878
-99
27958
-4703
21696
-9727
28481
-15092
31218
3731
21953
24469
32760
-19781
-23603
11942
18944
-31499
31916
-11219
8904
12979
3417
-2602
-22112
11748
18432
-11397
-9755
15846
3087
-23926
-79
-14552
30075
-27916
-32488
-1454
16453
19448
25247
16439
30664
-19904
-10482
-23420
7122
3840
14978
12557
17074
-25222
-30457
-25302
17810
656
24725
-26981
12606
8406
-24967
-8064
30122
6326
19142
15268
21807
-22011
9358
-32676
-25192
-22782
18369
-19011
-3111
28385
27181
18074
18958
4833
3348
-31789
-2254
30852
11908
4600
-22653
-19683
3747
-2207
-381
26091
11204
-4592
9993
-32504
30496
24400
15334
-13589
-19918
-24179
-9638
25850
6947
-31573
-18305
4577
-7025
-17019
9521
20115
-32118
8716
-15027
-10399
29474
-17338
-26428
-23645
26766
-31523
-30321
-32258
-17085
15394
-16504
14944
-3795
14808
25921
-19255
-29140
13815
-26787
15506
-30532
30153
-20194
30289
31458
-663
-5403
-20074
9156
-24094
27509
32019
-14482
27170
21576
-10413
-12930
-30469
30174
768
11503
26507
-17546
-7473
-10796
9649
24000
-5433
-1592
-26887
-11663
-17233
9569
-18300
-25641
27949
-30923
18127
-11091
-2062
32719
12467
30386
22482
682
-24990
29922
20618
10801
-15197
-30519
-4479
-31152
-21884
-14757
-30694
9610
-21474
-15435
-17640
18084
-24494
1500
30090
1254
-5707
17050
-7060
-525
-2488
-7879
19231
20771
8685
-2229
-11166
-25909
-8939
18975
12516
-3750
-29631
-23370
14098
-24939
-9548
11508
25613
-21580
-12410
29134
26564
-17807
-1039
15475
10716
-7370
30113
-16235
-29905
2417
-13299
17336
381
-18776
1356
-20171
-5176
-1962
24571
-31374
-23346
22133
29047
-5139
-17357
18182
-18788
9169
20638
4880
2350
-29752
16319
-5033
28820
5711
-21457
-28990
21010
-28294
5405
-20127
14561
-9012
10633
-31997
7740
-8874
-26023
29569
3573
4569
4111
30118
-23475
9806
-22881
-17309
27113
29582
-20063
-22172
-13456
-5551
31189
-11046
-3323
31
23651
17334
-30776
-72
12547
-5798
31069
-26063
-28623
-13140
31284
10614
-1920
-25962
-7876
21713
26277
-7611
-18381
18458
21447
24961
-10279
-15705
7288
11098
-22053
10214
13638
30155
-15414
-2341
-17090
2626
-13040
30173
-30292
23826
-7954
1142
-20067
-30633
13376
19028
8960
-22069
13331
-11223
6411
-7745
3524
27356
-29025
29645
11749
-21381
-18849
-744
-15877
-12656
19224
-18988
-31227
-3707
-25989
-23205
13798
-23703
-11913
18470
-29578
-20312
-19836
21729
32738
31142
-13639
5809
-27214
-16874
-31432
-28404
2022
28766
22457
4064
-28298
23448
4587
-6622
16687
4558
25001
24479
-1254
-20126
5755
22349
-24945
-12241
-948
-13866
853
-22546
11975
-504
25049
27344
11509
-9083
26231
-29914
6667
-1536
29606
-17390
-23219
-15455
-9716
5020
12151
-13360
27738
30508
-22768
9213
11321
17063
-22334
32005
-19709
12506
-25415
25981
-2544
4923
-27276
-7104
-5626
-12593
-2273
-30165
-11125
8269
21982
26217
-10427
-22470
9908
9384
-18523
12835
4088
-9527
-20134
-27132
1387
-29530
-27281
18092
16482
20800
27106
-24148
14880
11177
19046
8971
8426
13177
-31866
-25707
-24740
28302
-6594
23825
12892
23491
-11491
-23097
-22325
2544
27676
21808
9584
6150
-19625
24877
8350
-22555
-24238
-1346
-14102
-27445
5131
9522
13365
-14120
19453
8136
-4336
31507
16807
-4078
-20287
23500
29177
-24720
-22665
26121
30686
24629
15897
29191
-7245
20696
-28011
18103
3587
-16258
5515
24259
20624
-12048
259
9090
16078
31724
11437
-30826
3005
-1358
15969
19384
15376
-3140
24257
-23575
-13920
-10842
17040
23138
-20039
-14677
26388
-28864
30474
5962
-1446
15025
2512
21480
11519
-11291
12008
18618
-26501
11219
21233
24666
18447
-25183
-7021
1788
-1181
15729
-8360
-24872
28934
24696
-11621
-12553
12472
-11062
18038
784
-20132
-18536
26603
-7021
10677
-4488
-7219
8437
20170
11994
-20233
14409
-6984
-1395
-9654
-25470
-30779
-3574
-12706
21940
-12242
22549
13395
-23947
-23856
-18906
-12109
-32219
9321
-18477
10756
-29081
-8260
20993
32136
3695
27073
5617
-20334
23470
13794
15500
23304
-13731
23284
2085
-13277
-8482
14066
-21935
-23248
5533
20773
17385
854
-15051
-16896
-9342
-7113
12761
12261
-21761
-29120
-19855
-31456
4187
26318
3590
-19701
22660
-14798
-27201
29944
11840
-15349
8843
-32455
-1593
23229
24459
-25122
28897
20186
-1492
251
-1872
6435
-26442
20086
-10804
30204
-28363
-22816
31649
16608
-23988
8933
4680
17880
-21945
-26373
4392
-14076
-29870
-5471
10852
21448
24752
-29572
13410
-28327
-32557
-24286
15253
-27641
13021
-4017
22439
-30275
-1124
-23252
-9825
-22370
9778
22237
17786
-17086
-1202
-9664
30868
-27955
-20026
28716
-24573
-13613
7378
-14945
-6151
-19100
20277
-16143
-25052
-16252
21399
-27104
30862
-20801
17051
573
-22997
-17858
-12653
4217
25576
-22258
-17711
12086
-24931
27125
27721
13925
-9469
7071
7824
-11327
963
-10798
13727
26973
-13429
-32157
-11978
-7714
-31733
-32136
-937
27445
20987
-29975
-32046
-18104
6010
11003
10211
-13642
-2334
-14709
3639
-10823
-25318
-23042
3783
577
19049
-18949
23239
13563
25090
-13516
17952
-18071
28856
23523
-13780
-13122
14462
20081
-18344
8150
-30203
7490
-2453
-17348
-13743
-27137
-3429
-8206
27545
27673
-20126
9099
-28023
-25136
19113
-9418
25828
10027
12407
-4529
-19394
18212
-11305
1638
23771
-26791
-11584
17534
-17530
14762
-8008
-12767
-14338
28603
28939
-28499
9725
14557
-12615
29029
25719
15904
3497
-16948
21723
-30935
-11370
-28261
3778
3912
3591
-32179
24237
-17452
-1109
-8070
29211
-32108
-8538
-25837
-1304
5173
17046
27836
-10548
11282
-16733
32112
31778
-17357
-22714
28068
-6963
-12861
-15443
-6350
-28327
26044
-15215
-23910
-8575
-31816
-10779
26689
-8871
-18343
-28419
-26337
19063
-19697
-1964
-25365
18333
21813
32403
-13967
7726
-1354
-12428
-8557
19826
-10534
-20534
-26587
-19326
-19601
-12226
32119
7577
4575
-30968
-28154
5205
-12845
-27304
21005
-4248
-19809
8486
30355
-3982
23964
17960
-29994
-1025
7103
17812
17695
24260
-29577
-30567
15048
30774
32134
-25060
949
11685
3042
-28280
1223
24834
-7777
14859
6673
-5142
11935
-23861
-27342
20194
-6851
-1287
13749
-27645
-15127
-9899
19633
-15339
-8831
-13301
11584
-30896
-7342
8880
-32096
17897
-14143
5096
25246
-9210
29085
-20940
15088
26223
-2018
1392
-19305
12892
-969
-17583
-3236
-4181
-8061
-19556
16119
-7450
-3877
-20419
-21350
-25681
3803
21940
19834
14079
-20133
11753
19882
22375
15397
18738
-7385
-31331
4369
-26221
7989
7371
-30937
23290
-29922
5092
21164
15279
-22429
-29075
21606
5481
9087
-21824
16788
-20614
14855
9684
-17455
-28337
17866
-3905
-15765
-23237
-13583
-14336
-6438
-1752
30530
-14523
-24460
-8628
8134
1936
6914
-27251
-8551
-16570
-6047
-25888
28119
21490
15371
28357
-29486
7570
-13959
13854
-30002
28173
-1409
6650
8111
11513
-3536
-13599
16314
18150
-18087
-10288
10162
-16838
27959
-5316
23444
-32529
25001
-1435
13499
-20714
27997
-18658
-7860
24544
20302
-2509
-10540
30978
-27658
31950
18541
14721
-20611
-31720
20678
-15553
19193
3222
-6198
32741
6497
-6842
-29401
23197
-10899
-13010
16303
-21851
-3919
-18241
19110
10584
2402
2658
30186
-15303
-5390
-23221
31044
-8030
-15525
-2999
-23246
-10152
27776
30314
-2151
-29291
-25207
-30738
15601
-29942
6665
-88
-1249
-14453
31522
-8950
-14753
-25846
-14979
8674
-10452
-30658
-22916
-16709
13820
-2872
11757
9189
17003
14436
-6752
-19756
22063
18927
111
-16772
15699
-31012
-16572
-25203
-5951
31370
22946
28890
-31362
-19584
-21545
12039
23170
31219
17923
17287
29743
-3826
3468
17969
11478
23312
24969
9307
5720
-4006
-11535
31838
2883
-21617
26513
-4692
-32337
-4090
-16626
-5619
-30669
1610
-15244
8834
-7026
-29595
-12929
-5936
-25966
-11776
3037
11764
-550
-17040
20378
13999
7463
8759
20211
22298
12462
-5291
30230
-14933
-20819
17201
-267
-5411
-21885
-31026
-22913
7329
-15547
18679
24409
3922
-31308
-23651
3147
-958
-5738
-22259
26912
12078
32150
26568
-32605
-30899
-6902
-4536
26208
27408
23366
29430
4870
-26654
-28005
10221
4965
21371
29912
-24196
29136
-30013
-19866
-24156
-21444
-3937
-28151
12146
-23052
-26631
-32371
722
-31630
5452
28286
13946
32575
-24065
-19769
-31610
14054
-18267
-10324
-7922
13446
-7005
17524
-24529
18488
-28847
-13652
-22854
-8091
24476
17862
25549
16882
-21504
-8924
24832
-30792
13936
-27773
24722
-14147
11286
-5387
-25291
8792
-15033
11413
-27397
-26827
26176
11720
-32234
-30409
10439
-30736
26094
-9227
-7441
-259
25540
24309
-7035
-1479
-1989
21427
25180
8429
-27466
-18106
23432
12718
-16828
-18560
-14305
1999
-14254
-28387
-30840
-13628
-2668
-30195
-6405
-18808
-32089
-24404
8940
20782
-17872
5096
-29673
4194
-29573
-13803
-32018
18563
-32687
-6945
6345
7561
1260
-5972
-32123
-23442
14744
-18143
7948
20296
24436
7603
5295
3350
-24145
-32549
27206
-13396
-6257
-10610
-1011
27458
-404
-12107
-10030
-14058
30825
24658
-25649
3372
8552
-6792
26210
-5133
-11682
-23079
-28151
-6349
-22526
2758
-11353
5721
-21541
-5463
-4455
8636
-2854
-19825
-3530
-19644
-32663
23483
23608
4751
2656
21804
-12149
-16975
-6768
-30710
24068
-17659
-21340
25055
30208
24044
30702
-6496
5235
-28086
-5523
28759
-6924
-31379
-11785
16835
19778
-13667
-24979
20478
32208
28553
-23927
29318
32266
-18834
-10523
-13288
-3219
-21765
-15478
-25743
-10910
-13034
-27802
-29632
9337
-1840
16849
-5557
-13773
21651
28486
24817
-6797
12659
-7397
-20922
12912
17960
18128
9165
-17601
-8084
-7083
14316
19438
-4728
20916
-8448
16614
-16259
-7564
11733
22706
-11863
-24165
-6155
25137
2535
-19863
-9896
26249
30259
-21845
-18331
-28047
-8715
11247
-31822
20246
-32341
-27180
3596
30486
-32461
30901
26354
-5608
32371
24460
-2314
-5436
7734
14240
12290
22809
17091
30362
-18683
26907
-349
23336
-21127
-10333
-6554
22280
31748
25998
-25378
-28564
21714
1438
12684
-1536
-2913
-24243
-27739
16420
21559
-24103
-15623
-16440
-1379
-4559
-23599
-11984
-3509
-23649
-21660
-19420
-18865
3335
16820
15709
16835
-23970
-17302
-22945
-24336
20171
-24871
31509
16381
-10505
-21448
-12292
-17268
31700
-13839
2513
17455
13210
14154
30709
13448
-17502
-10955
-6185
-28195
28625
14421
13037
-11738
25652
-2123
-11255
-15738
-15563
-7176
-24021
27152
5989
18996
15530
27826
-4819
18431
9160
-11457
-1443
-23020
4916
-3380
-4302
-9093
22827
3881
12798
22997
9541
16177
27458
-5813
-15856
29392
-21287
-18622
-23602
-1575
-24422
-27869
22303
6657
18207
-7324
24389
-18682
-9407
-18465
-9123
-10546
-10864
24217
-28358
6321
13913
32669
29822
-8416
8380
26287
-23981
-3708
8109
4271
13611
17032
-32598
-20827
-7012
-10280
12271
-25124
-8080
17140
-11744
24855
31259
18746
19386
7704
-19256
21886
19346
25363
13031
30934
6560
22240
-2993
11485
3310
22844
-3461
5030
5688
-16374
2891
27414
22126
-2773
-821
15813
24143
-14381
16744
32162
-7160
27574
4511
18003
13825
13714
16937
24456
1189
4339
-428
-7142
14279
18214
-32461
30221
1018
25261
32052
-233
-26233
28307
9622
-5529
3456
-29759
19804
10887
18863
-19212
30296
2446
-27800
-24346
-18091
2889
-2304
19434
25537
-15959
-7067
25443
-10787
15385
9791
22075
-1147
25922
-19349
-18887
5999
18770
28948
16935
20252
4724
28018
19712
-11701
30301
-32377
-11370
-19163
-9307
-13856
-28674
-15438
15579
21160
-32575
20182
24689
22103
-27991
-4531
-30371
23782
11317
-26505
-18007
670
-2297
-4400
6184
20697
-13688
-27798
-29667
-25329
-26739
-4467
-16247
-4596
-11600
-1006
15713
17894
15354
-26992
3702
-15077
30681
19125
30936
-4983
21596
32505
18638
19122
7278
31855
-7497
-23651
17548
19447
18998
6871
6955
6933
17958
14629
-11017
-6211
4526
-21132
16716
2670
18140
-18918
-15890
-7755
4098
-20635
-32115
-25461
1323
-16821
-22083
17255
-3081
15738
28932
-28407
13551
-29682
-20710
4142
-11306
-8480
-1068
-29883
-26187
-28265
-17616
22036
-29035
25747
-19699
-31392
-32565
17221
-5744
16423
-31166
-8792
-21424
-16457
-19451
-17903
2852
9611
-7305
9473
-21530
14427
22443
7389
32302
26728
5530
1324
16427
-28884
32575
-24451
-10601
2945
-4791
-3053
-22879
29462
31310
8677
30543
-27240
26442
6538
-20657
30914
28790
9528
-864
-24179
-30033
-21815
-26366
13485
3385
-9811
6807
-781
-23111
-102
-26962
-12473
32388
13869
22117
17830
11281
-10841
-13828
15688
21690
10795
28045
9826
-7367
13035
7696
32695
14147
-18035
-23845
-2987
-31269
-1936
-22892
12059
-23774
-10080
-20681
-29842
-21961
-3048
28438
31295
36
-27629
-27890
-11550
-16665
-16183
-31926
-31843
27434
-8727
26411
-6346
-23650
6869
-23985
22364
7414
-32396
-5869
6870
30504
-6956
-10690
24511
-19785
2855
-26233
-29235
-27504
-17265
-19780
-18187
-15687
-20875
11610
27708
-23103
21863
-3237
-19134
-19740
-12132
-8656
-18982
3992
15741
-28536
-1332
-1014
2845
21383
4259
580
26773
-25065
7107
-8362
22895
21587
24736
20867
-18819
24071
7515
12746
-16785
21039
5648
9527
-6279
10275
31313
23509
3789
-11848
8684
30185
6538
5948
9915
986
-31190
-21487
1196
-24647
8769
-29638
-31627
-16152
-6178
-15390
27644
5842
-22966
-29620
-24576
-5235
-14435
-27860
-15438
-2305
26407
22195
-21737
-3979
31182
26232
21121
-32664
-10578
4640
-4421
18130
-28808
-18274
-3782
-545
30663
-29978
-23292
-24173
1113
10191
3480
16952
-17686
-27734
429
9313
19847
-31555
-32643
14690
22962
8768
-9885
-27436
849
-2916
-29598
-9648
30555
13062
-14511
12472
-21536
39
-9045
-11692
29650
-2048
4457
-15497
-15842
-25809
-5505
-16147
-32203
9893
-26695
-19842
-15315
-20755
2261
32591
7824
3838
26210
-29803
25814
3087
27486
-31136
-28571
13604
26323
20992
-23236
23258
-2949
1324
32310
-831
10680
25503
-27966
8481
5098
-1981
-4044
-9558
-10289
14333
17950
12883
-3647
17274
21269
21642
14066
22372
-8622
-20496
24262
-32643
4429
-12025
16746
-11022
-9474
-21266
12101
-18422
22968
-75
20978
-16969
16508
-3959
28033
-411
-161
-22862
-23350
20346
12516
21284
11502
-27946
-7190
-3837
-19450
-18515
783
-22823
16569
21757
22841
-7695
22677
21413
-23602
22360
-6376
20064
-2985
-29711
24019
22833
24512
-632
12118
-5726
-15671
-26321
2765
20266
10598
12283
6687
25731
-1116
-4557
-17482
-32273
8259
-8089
5281
19752
18138
-29279
18399
-14830
22274
10248
-3275
-4694
25529
-15311
18515
12719
-13365
-23881
-32202
25741
29344
30434
26097
-30991
1297
28382
30394
-5777
32115
10621
-25580
50
31206
31691
-26302
903
3327
-14099
-24026
-28750
-23716
25149
4700
32674
28766
-17807
-3996
-1329
30895
19025
-455
-28115
15593
-28452
-15093
18395
27529
-9891
20452
15916
-13208
379
22937
6433
19453
-26330
19614
31828
-18022
16434
-872
9045
4123
27296
-19866
-28831
-15094
-19290
9691
18714
11629
20009
-22334
16397
-3643
-21200
28667
21538
-5939
-24367
14707
-15752
7527
21843
-27734
3051
23646
-29896
-25961
-161
-2437
6065
-27602
-20785
6022
26678
5403
32175
16650
-10094
-21542
28893
-23547
-10401
27004
-30677
-30216
-13882
29087
30560
-6918
-15192
-14020
-1352
19297
19995
-14759
20311
18993
22488
20992
-22273
-11341
-18275
-32706
-3257
10203
10750
-27648
10275
6982
23904
10127
-19913
-3111
1793
26590
24774
-25250
-30536
-15873
23408
26025
2982
-14183
8457
-7856
-16197
-18671
32225
17074
-30974
-17490
-18650
8950
24734
21061
19807
-7260
6852
30746
21437
-13276
2816
15175
-24329
-2987
-22621
14338
16227
24771
-306
15333
2460
-18901
3587
26717
-7990
18649
-27739
-1755
4596
-23119
2892
27614
-26409
6552
21039
-8775
3465
-10211
-30139
-24495
15859
17066
18233
-5515
-20669
-18525
13621
18564
-12426
-16580
-12929
28085
-21645
-25275
15046
4241
20567
-18048
22066
12252
21604
-19162
13204
1728
11829
22845
-11762
-1117
7372
-1317
1870
12600
10812
27200
30086
-15830
-6153
-21845
30690
-9681
12372
25354
-15738
-31640
22657
26224
28096
25014
13366
-8359
-20126
9335
-16998
18447
6353
28514
-276
3136
1432
-25898
26968
-12793
1552
-25677
-20566
14110
31711
2557
28832
-30788
-24433
23893
-25681
31573
3829
25126
8566
-24981
3136
18854
23331
25730
24251
28446
-21303
357
5572
6011
11092
-29618
28949
-5326
2137
27105
8205
-10304
5499
-8045
-11000
4057
31283
-2644
-30472
-20680
-23986
-11633
14583
22980
4577
-16407
29208
-27528
1525
-10807
-8516
10711
7776
-12546
10037
4728
12062
20282
-5954
-21893
-29212
-3318
21530
-28712
29273
-2613
8731
1773
-8333
-4436
-13843
5864
28159
24566
26866
-1574
-31750
8299
-20849
-7640
-25657
-29247
-18959
-4346
18712
-19847
-3261
-16939
-299
26508
-28347
-16512
-13083
31315
-12900
29964
-29151
-23098
-8392
-22965
26603
15573
-29365
-4929
1672
-25959
-29676
-26905
-7979
27694
-8641
-14258
30039
-18019
-1770
30331
-12795
13120
-24343
3955
13605
18420
-2211
7233
10635
-1386
-4428
28193
-18594
-17016
-7519
-1031
27440
-31346
8993
6691
-10412
-19090
-30444
-6751
18100
-4349
31581
-26187
11852
-8568
-16430
-5182
-2202
-3265
-17265
19207
-19114
3443
15468
2040
-21669
32550
32090
-18181
-3591
13761
11470
13759
-17169
-30392
9406
-21851
29641
-4006
6908
-1212
-18358
19584
-17603
25697
17612
410
-13218
-9533
-26966
-24437
-15440
3257
-4909
22721
-488
26922
-16027
22582
12142
15551
20913
-27170
9365
12845
-8054
10636
13977
2183
-28652
7479
-16149
-28869
1992
2896
-16451
26841
-18608
-1553
2682
-6490
20862
-23517
7735
30927
-23211
-29604
24048
9127
2086
23992
-19260
1370
31697
28596
-10024
6992
31803
-485
-5280
-6282
-26644
4900
17686
2929
24172
-18753
22619
25356
10872
15464
32242
-14781
21602
15842
-24458
-24999
-4086
-2479
3216
17104
28295
-12998
-8194
23390
13298
-32028
20352
-15934
-1544
20527
-1886
-24716
13640
-2345
10186
32256
11478
-12184
13325
1711
-25052
86
9170
-25913
14267
16679
-30752
3784
24799
8324
31382
3998
24761
-26596
23544
-5006
-10456
-213
31631
15185
8656
16623
-3102
-22184
-10820
-32541
-27845
28077
-27900
-16550
13393
-14412
-6065
-21749
-14650
14476
-30717
15603
17359
5668
3026
9159
-23707
-17119
11047
30621
8390
17320
12409
25440
20613
-15718
20017
32378
-27746
-21939
24271
1809
-25919
-28760
9390
13414
-18587
5414
8728
-2140
18049
2047
-5231
-22409
31522
-5360
-12809
-10287
-3330
31418
-20177
-5760
8884
7547
12505
1254
8296
16192
18554
-30771
14009
-9695
-21805
-19248
-12379
23679
10827
-21889
-30331
6601
-8898
-5909
-856
-593
-25227
14038
-8902
10150
-19616
24141
-8431
8077
-25833
-10725
25961
-9423
15566
25107
11440
32492
-14048
29042
21912
12441
21726
289
13736
4122
-26294
32006
15384
6000
10503
-7349
-20354
-24703
4461
-11863
-4694
-4249
-30910
29058
-8335
13412
29154
13440
10153
3560
-17276
11595
25240
-8788
-18773
-12355
23213
-13697
16173
25849
28976
4293
31158
32358
-4529
-12455
11784
8918
6318
-19313
-26839
22954
-3078
-25180
-31397
-1516
-31140
22834
24558
2858
17570
-8360
-9791
28771
1447
22537
-14413
7397
32248
23301
-16198
-26224
-21401
-22715
-3244
7304
-15936
-15220
-5843
24990
-1956
7434
-30144
25770
-1079
21083
166
-6912
-25215
31224
-5044
-30571
20286
18192
-11084
5290
-30041
8491
-18838
-25915
-9731
-14395
-30179
14382
21971
19327
-18403
7684
-20211
14835
23674
31859
7951
13634
18882
-21739
-27971
-257
-16555
-4928
-7846
-28928
4359
7294
-25883
30711
6376
-23033
20654
11338
22897
20975
27732
11653
-18451
21291
-30638
461
-25777
5566
-1469
-17055
14835
-27089
-9954
-4735
28904
-18320
-24199
-20074
13021
2927
25711
9045
-29816
27893
10212
-23592
-10383
-29433
-8973
-30517
14223
3149
13718
28045
-14273
-7223
9430
26273
17745
-6780
19865
-19572
20508
24465
-13465
25647
5571
-13455
-27019
16872
24432
-7756
568
-12477
-3535
-10960
26450
15298
21062
17031
-22993
24545
-19910
-12653
4311
-3965
-9319
-4462
-30023
-25451
-15237
17898
20117
-13496
24920
22945
-32245
21352
6600
2123
24897
28292
-29197
-13862
-14004
-21944
-23381
-28730
-6366
18679
-19774
16428
3667
7584
-8393
8087
-14813
-16684
9383
4115
-31315
27908
-3201
-19844
-14895
465
-19380
-31359
-4517
9953
-26767
-24775
-18751
-20363
-22222
-5991
-22979
-30392
28552
26354
5846
-14141
8495
-25659
29792
-28204
8587
-30719
-2643
-8544
23348
-19360
21506
2124
-24555
27244
1985
-23121
2069
9098
-17648
-2022
30988
-23217
9403
-21202
-7467
23010
22078
-25574
-8514
26686
-32683
13952
-20042
13720
8709
19781
29860
15376
14002
32652
2062
9075
-3192
13674
23899
9281
-26893
31995
6674
-18257
17767
-18560
-19023
-32306
29703
-28757
22864
27580
-803
-20156
-19413
32061
1006
-1486
-5040
23240
23420
-20215
-592
22761
-22352
-29235
-17557
-2162
27535
-24762
26418
-10891
-59
15326
12088
-15627
27016
27004
13150
-8000
-10874
-8452
-13125
-9739
30227
-20430
30766
21572
-5863
-25867
6410
-24699
-9639
11657
19059
-10566
29090
20054
-1375
16086
8710
9203
-1413
-32537
-29798
16984
-23107
-6473
14580
25812
9084
-526
25403
-30835
-11163
-23345
21422
18114
-32400
-29064
30371
-3388
2963
25103
25440
-21674
4365
27976
-20191
-4744
-9378
23507
-30417
-9122
5232
4176
-19267
-14056
-10384
16879
18532
-24114
-23482
21934
13205
25713
1639
16791
-123
-20848
-31275
4764
15338
-24770
-16362
7952
-16393
4661
21261
28369
31966
3676
-14351
-29196
24966
15571
24054
-15043
27940
-16
-29720
-18758
10741
14922
-23630
5278
-25669
7068
-10790
31094
-29098
-30982
3043
29866
-16261
-8948
-4150
-22035
14190
24518
-26617
-1420
26137
25715
-9749
14001
-13109
3656
27725
-19932
14168
-7808
15184
-7293
-11359
-26201
-14400
-14331
-24959
32729
-10295
-31161
4448
6078
-5573
14538
4205
3395
-24045
27160
31541
8137
1084
-22612
31173
-5977
19776
6797
31845
1634
-6899
-14318
8008
-22326
-29627
9334
6740
11748
-404
-10109
-10838
2242
-10041
184
24231
5303
-28628
8292
28700
273
-15736
947
29717
-11237
-12807
14244
-11841
29912
26210
4077
27378
25966
-29681
24317
-32511
12290
30603
5518
-10548
7992
-27087
31931
8847
17721
-18866
20446
32523
14341
24593
-2859
22926
-4509
-25430
432
-26971
29612
-32591
17331
5609
-12255
8861
-31756
5182
14534
-4107
-29268
-20369
-23401
2849
1978
3149
-24800
-32423
-20884
-2262
7062
-14033
25044
7925
-31526
10421
-24733
-10387
9846
-25450
7854
-18338
2560
21993
31523
12607
867
-26317
-26969
-26084
-27827
15712
13376
13914
12801
-26192
-12980
9395
-11014
9292
-3834
-5214
11449
23591
-25685
31088
22441
-9326
-16818
32254
-22225
-19824
-858
-20216
-17475
-13592
16118
14916
4974
29053
-27020
-17965
-5933
-12988
-29733
-16359
15755
25971
-1638
8807
8397
-17389
25695
-17911
-15401
-9834
29690
-26567
5517
19552
-8406
32235
24015
-6905
-12181
17939
23271
12900
8123
-19276
-6052
21418
6148
-2157
14477
17837
-19748
-15777
-4768
29319
-12125
-6539
-25776
-16057
-8798
-6248
-25119
-8336
-19414
-19206
25822
29468
-30611
32559
4157
10130
9035
21346
23206
19362
32052
18684
-24803
31935
10938
9264
23161
-28111
-17082
-5744
-13759
-1047
-17364
-13587
12701
-13673
-12504
-18450
950
26349
7100
3921
-22569
-4257
26074
6859
8187
274
20523
-24052
28877
14842
-7501
-22471
30434
11765
6272
24169
-19048
-19514
21548
-8223
25687
-22713
-14979
22321
-24299
8346
27197
21385
-26956
21854
9879
-32362
24094
32463
28876
26399
8232
9501
-24135
-23761
-14143
-20573
32400
13120
-356
18776
-26081
-23294
17356
-16517
-23673
-6406
-8253
23636
17488
-5139
-24417
-17361
17091
3887
15524
-20792
12667
-25385
-17494
9371
-7473
-10497
-12873
-7815
-23525
14434
16767
-16986
27303
7018
18758
32228
26730
-4570
10284
-23914
-7120
-24804
-14076
-23839
-32354
-8804
-20864
-29137
-20471
7772
-3844
-20668
2493
-12211
-5796
28485
-22933
7785
29285
10107
996
2047
-28757
11377
29326
-20698
-23108
8656
-8078
-27419
-27583
-30034
-24925
-18725
29446
3026
8690
17924
27952
-3729
24045
4099
21199
715
13369
-8914
18005
-15262
29368
12602
12389
864
-16655
-16924
15994
23541
5619
20121
27248
20096
-18572
-2338
15224
-14814
9074
-28162
-8584
-16954
-13624
-1641
8791
-1151
-6531
-3447
22905
31558
-29993
-18475
32334
-8126
26024
-28223
-7390
30889
13320
-18999
26382
-23134
21572
-27516
-19817
-19737
16590
-5771
32007
-19069
16664
-29456
-16752
9325
20214
3032
417
-1160
-9752
-31474
-21453
23294
-9979
-11816
-3274
9596
-16564
-25262
-6368
-1573
7589
32351
29068
5126
12929
31625
-3285
29569
5474
-27936
31756
-2233
12253
24722
-4467
10543
5465
8108
4690
-15763
-4390
-19235
4877
25669
-7314
8062
31593
2531
-16505
-12326
-23975
-9779
1938
-3666
-5397
-15253
-32399
11320
10869
-16681
-3786
-12503
16127
22686
8211
7634
7730
-8135
-10779
1867
-20445
18151
-25409
20145
-12295
-20100
-31280
-22909
784
28918
4036
-25351
19245
25207
28433
24649
21374
9200
12788
-27881
30312
29914
-14518
7672
28475
27506
25538
-16047
12636
-23995
-22556
23891
-11681
22990
30609
18696
14104
9799
-274
-3164
23293
413
1400
22436
11543
-21927
2282
-11837
5085
-25512
15560
-6288
25971
8102
25314
-6446
-31594
-31800
-22064
11912
25715
26182
144
-17129
-2483
-16960
-5238
-8813
2200
-15477
-8784
28728
-29265
-5104
21567
-6179
13483
-8640
-20397
7657
-10201
14783
10160
-31289
-27395
8857
16656
-11791
-12425
25630
6869
21301
31006
-11101
11816
19872
17241
-17929
8768
-23278
-10462
3220
12318
-24154
13348
19239
-1494
-16521
17539
-7813
-12702
-29507
-28015
-7953
-8909
-15442
-17612
-1390
11676
-27719
1055
-1543
-19180
31247
-18270
19732
-1967
1252
32218
28953
20698
-14701
-32132
-20575
26424
-31942
10113
-809
23709
-28533
3944
-18815
-11808
13129
-31577
13605
7742
-22638
10296
3251
-13103
26999
-5853
-32163
-23979
-6438
1919
22829
18080
-21633
15442
8060
-3582
-8921
3562
17986
-31705
-26011
9664
32024
14765
27522
-24152
-5599
-26132
-20718
1235
-26270
23513
-28524
-11421
-6746
4103
-32649
-26640
-4271
27351
-3287
-3777
-3897
-7457
-14367
21440
25791
21535
-23218
-9115
-1711
-7487
-28040
31916
-19956
23572
-11989
-19143
16505
32473
-16049
5632
3266
25721
16604
-31164
-15309
-27392
-4201
-25825
-28379
12093
-6792
-30084
-5779
-4517
-27156
6789
28459
-749
-20717
23354
23403
26736
7761
-24144
-12557
-32547
6987
-7785
-23925
31540
10524
25030
-14898
16664
16065
-25780
14293
-14867
10287
-14950
17566
27724
12930
31079
11124
-7322
-11290
-18393
6970
23307
-13311
-14026
9079
-7179
-7976
-9018
-15255
-3972
-31499
20825
-28374
-23600
31522
-17329
-17712
12782
12242
-30357
-13857
-24759
-12773
28637
21533
6275
6960
-14989
-24028
-5580
30650
-28694
-1120
24921
-23669
-30073
4675
31520
-31823
25424
-17707
-14704
20710
14804
-18170
25420
7387
17239
11400
26470
24477
11015
-20544
-17218
24649
2804
-4383
-28817
2797
-27349
4707
4952
15852
-27515
31937
30891
23572
-10424
-6426
-7355
2634
-16251
29917
12403
6576
-11946
4012
24387
3194
7883
-9953
8339
18280
4425
-31628
-1357
-10643
2424
-3639
20274
-22196
17382
18097
-5688
7697
31311
-8308
682
-4664
-29604
-28339
24102
-8278
-21627
23656
4842
2169
18737
3802
-23190
-15411
1463
25397
911
21183
-14574
-27402
-9395
-10606
-32665
7038
14741
-25134
10827
25599
1185
-15780
30748
29707
-9884
29823
-23198
30841
-8062
-7637
10618
31257
-2701
-8886
-11431
1732
-22385
-5333
9476
-8875
-20277
-21689
3650
32273
28536
-6624
25170
-9568
6463
4799
3905
7989
6057
-31735
18512
-29196
-1044
-7000
9509
-2949
-29661
-20455
-32167
-22487
20417
-12269
-6944
24421
-29698
31818
-9622
6793
-6246
-25112
16030
18802
20139
-20964
-23305
-16883
32221
12699
30650
19261
19988
-18213
16662
13298
20448
18370
-20205
-12420
-13913
-2229
-19452
-15203
29778
-12964
-7946
-18699
-1333
-19077
3418
-6258
5168
-2489
6859
-11790
-7483
21402
1840
-6349
-12273
24354
24369
21768
-20788
-32103
27693
-1771
-17338
11772
-19000
24475
-2214
2858
12718
11462
-28573
22729
-22911
23760
32118
-31041
9077
-8385
-4009
-25551
26597
2760
13612
13354
30127
-4250
32708
-12574
-14188
17357
-24161
32202
10533
-2317
-1731
12673
21387
9346
16228
-9593
-16669
-10560
28520
-1247
-15323
-1674
-26067
-16807
14936
-7220
32176
19741
-32156
32386
21373
-742
3455
-16069
12945
-11046
-25097
-28104
-3710
-28977
-22101
-29089
-7394
-16864
-27992
18761
14944
-27096
10788
23766
-2834
-17036
11762
-5684
10957
10903
-3810
1511
-25770
22004
19018
-28379
29635
-24453
-30282
-26911
-12165
3305
-32556
-4129
5440
-19856
-32491
19472
-15582
7996
-26618
-24595
24523
-14886
-15165
-26125
-21209
25519
2981
-4400
-12879
19994
-11249
-31895
-6939
20553
10821
-4884
-24308
30906
-13979
30048
-25944
23087
809
-18195
30449
5808
-27682
28383
-26070
-32298
4164
13008
-11729
20704
29904
2577
2314
15968
-20190
-21214
-10505
-23611
-30716
-13938
-24862
-31455
-27315
7045
-18359
28852
27414
18952
-31551
-3625
14808
-21499
-28390
-2183
19070
-28626
-16530
-12733
-28143
6677
29819
-14623
-10343
11009
4590
28961
27284
12347
13714
-28171
-3566
7670
-30778
3792
17945
-17706
-12994
-25723
-13587
10032
7272
5022
-31816
-6000
-6394
-11154
28255
-13753
-4606
-10187
16023
-16303
-14245
-10837
22156
-11128
26979
16019
18143
21890
21654
-7823
-2355
-7514
-6747
-4767
-6414
25448
-11626
6864
32043
14814
14897
12204
-12856
-15021
18108
32455
-14391
8441
-18600
17808
20859
-21762
25673
-19558
22055
498
13611
4412
4596
2562
22438
2248
31928
-19978
20703
13617
4059
8479
14721
-1778
-23594
-23262
-8469
26159
1416
3987
17382
-30717
28359
30549
8164
-7455
23889
15039
24645
-2579
-11127
11765
25151
22782
-2160
8996
-5609
22527
-3342
-3021
-22830
12827
-18324
-20604
10500
1197
-13029
-16839
-23140
9647
-28445
24543
30409
-16582
16298
15886
2440
30771
-13667
-20248
20079
-31774
-1775
-12143
10818
-17169
16813
-15053
-21063
2439
-27128
18566
-12799
24603
-5248
-1027
-7763
-30157
23351
9327
22981
22893
9708
29484
16300
16785
25381
7809
-3035
1546
-21878
-30612
14204
-23254
21277
17928
12344
-25697
4860
-17894
-11644
29822
-13492
12701
-5898
-4350
-11243
1825
1072
21900
17921
-12390
-14055
-9549
-32601
25350
31723
8576
31822
-1212
29547
13972
25277
-12755
-29062
-19402
10138
-15716
-1232
-8614
32531
-19473
30104
32348
-14435
-1570
-882
9458
20748
-23838
21504
2680
26405
-15551
-13898
-4778
3023
14181
23799
-31965
-12713
-2340
30365
15621
-27943
1826
-23172
5170
10925
-24313
-9666
-28291
25806
29748
9389
18645
25182
-25588
-18418
10120
27909
14238
-22855
-22704
-25649
5243
35
-5093
-22682
-25091
-31702
-4585
11205
-9753
25179
14761
26189
31817
-2013
-27551
-13194
2316
-14190
2566
-10848
32536
1909
3572
29232
25897
11974
-29773
-9524
5635
29493
-2201
-186
32216
-15847
-27390
22855
20476
-523
23988
14874
8194
-10483
30488
23233
4907
11158
-3354
-22575
5105
-3913
27874
30454
-19299
-23682
-8439
-4265
-21199
-30137
31856
-6869
19984
-17225
-8575
-30102
-11026
20969
-5587
-22151
27533
-29439
27050
-10273
15918
-1837
19479
23342
12038
-19358
29371
-2456
1079
-23726
29057
23489
-22955
-29929
-6710
18933
3178
6225
21531
-31705
27018
1706
-11311
-11658
3762
-29414
-25974
-21253
7205
30836
339
-23956
-4421
-11603
-13630
-10874
1267
28971
-31477
-22772
13155
5898
31494
-20156
-3441
-2831
-8154
-17718
23639
-11958
26153
-30832
10802
1600
6548
20007
24199
4139
25136
24746
-25288
-18218
16759
-4477
1508
-2671
28550
-23887
-28572
-13542
-28774
24618
7375
-3281
16873
-24683
15549
756
19658
-20142
-4575
-30441
30657
13839
10125
25278
-23819
13512
-10407
28413
24351
-2418
12581
30904
-11174
14201
11510
28726
15235
-12660
3229
-7625
15459
11814
-23748
-19440
-32739
-32289
14776
14292
-15265
-31066
-21890
-19433
-25227
15853
28007
4479
31582
31997
4309
7901
-27662
29404
17692
22898
-9812
-28065
12365
-24107
-12687
3631
-28542
17609
21241
20996
24136
-986
-23753
78
30049
11930
19843
20516
12596
-24578
-282
-13440
-19991
-5432
22851
-13905
-19097
-7823
32327
2131
32407
6501
17003
24715
-9295
-6334
26433
-6123
5507
31693
-29670
-6729
11238
20930
-22205
-21869
7875
-15653
789
22751
-3249
-27780
5100
9479
-28314
11749
-9023
6981
13296
14880
-6642
-4489
4514
2491
-15535
8609
21134
31436
12748
-28878
-24689
14561
10285
22145
21233
24405
-30775
-5054
-17696
-1835
-16500
13497
-14507
11594
26342
-20703
-32480
783
-19925
-10555
31935
13881
-14587
-20986
-15117
22491
-25379
15905
-69
-28641
-22003
30211
-5104
7654
715
-29743
7486
17607
-22839
-28165
24404
-8028
-10349
-29498
-31661
26212
4710
9574
-27180
27208
11350
-17431
-18453
-32699
-2204
-24512
-16253
-10291
7840
24103
-11883
22990
-14992
10717
-30159
-24360
7330
-17734
-29515
-8708
-31465
-22226
-19141
9873
-5158
-8764
16396
7552
27340
-25881
-15259
6577
-22369
-13257
-29114
-18988
-26974
-8373
26249
-23512
5880
8906
-12118
-28941
4889
-10973
-19090
-30774
9073
-29030
9907
-2791
-9292
20766
-19919
-25736
20983
-30348
26995
-24184
-19257
-1249
-6725
-26328
-32174
-15492
-7537
21531
-31820
8172
13860
-31846
-12658
17241
-687
30637
-7345
7132
-4141
-3619
-25567
23842
20376
-11436
1836
-2567
-26512
19
23993
20624
7426
-8022
-14306
-25164
-13266
-7320
-14476
-8987
-7301
-12482
3678
9596
2252
-9781
11879
-2543
-6893
-12362
-28431
15973
7393
-6518
-4361
-19234
5535
-28392
-32001
23499
-19056
-20971
1610
-28928
-11574
1781
25404
4818
20528
-24396
23107
7161
-14758
15430
8749
-24961
3170
-6801
12746
10638
-9688
28285
-372
-16027
-314
31995
-1391
-8574
-22942
1740
25721
19229
11690
-29314
21881
29133
18841
-25076
-6364
-13783
-2688
-32445
271
-21016
8545
7632
19489
4825
25781
-16421
-24377
31032
-31526
2884
-21755
11080
-3619
-23457
4467
-21036
-15926
-13681
1338
28289
9063
-31254
-12878
18695
-22142
-20902
-30439
-15373
17359
1866
-3063
-1393
-27647
31371
-16730
11881
6554
-24207
-1476
-25478
10998
21349
3959
-30577
23047
-21888
-8892
21623
27937
10743
28148
-237
30176
20825
-15314
17204
-7620
16499
24706
14463
18785
-10032
-3237
-11184
26877
5026
-5122
24270
7924
11487
23206
30814
-25995
-7068
-20310
-29233
31042
32339
-6971
-26025
-18069
-14479
-8622
22783
-12823
-15716
17131
21068
-6058
10171
5347
-251
-10887
-23857
-31920
16458
11125
7471
28208
-32760
-22175
-18039
-15867
-9515
21263
-1958
-26565
-298
-14679
19373
-9683
25575
18173
-9373
-31353
-30794
16604
3470
16211
-18430
2188
13896
12101
-23420
-28622
-23537
-25055
-26672
-22136
26474
-3220
4163
7572
1355
12947
24376
-13459
-14721
26729
11587
31013
-19867
28338
-1159
30567
-28528
20696
-8235
-7312
-27760
9158
-28193
-26398
2436
-30149
-24270
-6975
-19046
-15533
26420
-17650
-28803
-19129
-17360
-19115
31046
5488
15626
-6561
16675
15070
1194
-10072
7889
-1124
23847
8352
11556
-193
-24012
-6841
-752
-23677
12717
-12009
-17334
17097
-32098
29633
3769
30119
-439
11390
-14444
-21119
-23709
-18357
-26348
-32539
-7590
-31134
-27119
-3267
-12201
31601
-163
-22300
-12278
-27396
-6259
-25416
23875
7436
-32538
29265
27447
-29530
-17842
-3889
30199
-577
-13659
22078
-13243
14405
22559
11192
18335
-7971
11008
-21478
-4080
30942
-16705
-21020
-3508
-7329
-948
-6056
-28766
-31214
-9385
32004
-12594
-12951
-11360
5128
461
-26177
26062
-24767
-14765
27160
24728
6423
22383
-8500
10602
-4037
-29837
27036
13310
30495
-19780
9389
24669
-17264
-13050
22638
-20685
10196
-5022
12741
-14229
-30711
608
-14896
-14288
25778
-8539
-18532
7733
15631
16058
-21669
13448
24768
-30718
-751
-23465
-11533
-11468
-2968
-23129
29151
-5153
16759
-9363
-26988
29694
-29510
-28456
-11846
2518
15254
4771
19748
17328
-26181
3184
20718
7914
-25546
31684
16445
-12272
26702
-25635
21833
25317
-7066
-1851
-14642
-21901
-2828
9033
-904
-12173
7824
30220
2229
2004
-2348
-17329
13111
-15258
30866
-20216
31833
20555
-20604
-8952
25287
25100
-4158
2644
-15489
-30693
-30454
20471
-2308
16904
6316
-17228
25029
24132
32133
28170
30016
20369
19109
-26662
11318
-22383
-19264
27338
-9568
-26472
-26824
14706
-12550
-10745
-11427
2123
-18168
2042
-1761
-26071
-10391
13365
-15230
-11378
26474
-23517
10648
-7707
-26207
17121
-29026
27349
18388
17
-8928
-17813
27175
-2333
-30222
-29775
17733
-404
7033
-15227
-12116
2864
29045
-19255
14649
16525
-10400
1726
-4890
16713
-26850
6064
-20088
-28829
-14468
-22525
-25208
6111
15910
-24974
24964
-1370
972
-28676
30600
9516
7317
32315
-17151
-6906
-12647
-1258
24188
32714
-12551
-23207
9419
364
-13191
-1993
-24170
18462
9251
30479
29357
-29481
-9010
7461
12054
-13214
9377
-31247
-22428
23952
1506
10344
-285
29461
-12713
-22807
8976
9913
12737
218
-7913
25142
32007
-20775
-7952
-5443
-3860
25007
-15859
30465
-21044
-4446
-21985
17699
29721
-26819
-9011
-11306
-8302
-769
-29711
32278
-11991
-6247
19257
10553
18300
3693
-4511
22773
21824
2444
26060
-32737
29686
-5180
-5788
30546
18405
-16450
25303
-28472
6329
-18407
20892
5060
-2147
24712
-19734
7391
-5882
-19990
-25197
-6823
-235
-17505
-7245
-8664
14688
27838
-21103
22417
8747
26957
2110
26998
28928
-18131
-30781
-18386
7401
19014
-20419
-20472
17412
-28602
-24456
20893
-9793
11170
-28883
3369
-21560
32221
28366
-6464
-17423
29981
31499
-16364
4712
-21200
-11710
6605
-4273
1015
-26317
-27932
18120
15804
30004
7582
19400
32556
20408
2665
-29337
-6678
-15512
30593
-19621
-13724
-20635
11253
-14983
28204
-5170
31969
-5614
13611
-23676
-24126
14942
-30804
-26290
13264
-16561
23228
845
-10940
3132
24119
26706
25619
-25997
-480
3949
-5364
28478
-1158
9606
-28122
-16592
28358
-23100
16683
-544
-18857
9947
-11699
-327
31845
-21184
-14094
19322
-7550
-194
3193
17236
12324
26475
-20213
-6596
-972
-22202
5303
-17096
797
2743
-18981
27967
5141
28945
-7838
7702
24057
-20745
9750
-17602
6013
32539
-13937
-16324
-18666
8810
-22952
-12522
22548
17823
5041
5375
-1672
-32595
-15242
-7032
-12985
-25954
29009
-7268
-8944
22202
23859
-17717
-26702
-7072
25706
-10823
27018
-32591
-21001
18904
-18173
29195
-19617
23476
-30822
-18037
-26597
-1774
27862
-8714
11647
-18851
-27160
23856
-716
-29429
-1259
-24195
29133
-6145
-5926
22558
15639
22838
-3941
-13126
-14326
30464
29323
723
-28784
5740
-25426
32187
17338
-10386
2510
-606
-1000
20459
-28860
-19591
-3483
-26278
24738
-8698
13171
27512
20325
21059
-247
-7471
22485
-25123
4511
16746
-17690
30515
-18921
-1330
-10334
28056
14877
-24380
-30317
-20474
31495
-28544
3025
-24627
30501
22081
-30112
19308
20626
-2697
10042
-19461
9929
32416
-10485
17527
-20246
-16585
12369
22894
-6896
29107
-26355
-1157
-17219
1884
-24574
-18732
28054
1594
22697
-18907
7259
-12049
-3214
30709
-18452
-27599
13432
-27909
10298
-23008
27785
-15176
16509
28787
12872
-29085
-31893
-29844
1587
-13114
-736
-4765
-21391
-3771
-5733
17193
-30167
-30243
26718
22051
19009
27168
23183
20000
8213
18600
-19891
16946
-24300
14440
-2218
-7274
12939
-17928
-27438
-28218
26525
-30440
-10056
15381
-14576
-17201
10686
-23826
21284
20489
-14730
-4368
14712
-18186
24474
-7061
-27408
9033
31746
12639
11381
17185
-31457
-20491
4026
-9949
-19436
7030
31783
19740
-4852
19117
-26930
1639
6920
-13297
31805
-5962
4401
-6801
-31591
-16976
-14575
31218
15681
-206
8647
-26119
11133
5705
24553
28702
26469
16607
25583
19412
25519
-11376
19560
25711
-9906
1037
17608
-17158
24259
-2101
-1166
-11252
-3984
-23812
26180
19490
6343
10354
23725
-6271
24009
-12885
-12512
27394
6003
7962
-29881
21295
32064
14373
13255
-10425
17238
-26242
-2217
-1247
-26163
-8660
-19266
-10552
-31263
9729
10146
12085
-3765
16459
32731
4779
-11789
4855
-18132
-8672
-1711
11990
-6049
-19756
4153
1584
22141
5493
19585
15845
-19728
30127
-571
-29767
26468
-7123
19734
-10504
24811
-406
5154
20361
-28073
-19986
27166
2122
-23552
-6026
23621
1691
27977
-8923
2276
-6349
-5914
-10527
-1484
-522
-9878
-24919
26458
3113
-29683
216
-20967
-28847
-32061
29273
889
-16249
-25342
-12146
-7997
-24243
-15547
-280
-32664
14864
-24004
-110
-26121
-316
-7184
-8858
5519
-12659
-20382
24209
12108
-1471
-18642
-5245
7152
30482
-31160
-17261
4259
-32384
-12824
-12703
-7876
31824
27810
7996
-15675
-29987
1567
-3234
-5882
-25328
-32749
-27074
21446
-5991
27657
-6930
-25822
-21258
8561
-120
27446
22527
-31211
-29916
24127
19552
20149
21206
29061
-22278
27764
11510
-25043
12365
10093
14588
30356
-25114
21864
14411
-14022
28951
24439
-16086
25940
28754
3642
16835
-2496
-555
3859
17105
-22202
29084
-24208
9925
11461
507
26377
-17063
-27745
-15371
-25715
30509
-795
11309
31959
-14643
-29909
7537
22780
21219
9797
-23822
-5650
-16540
25208
-15969
20543
-11928
-30147
15332
24774
25262
-3119
13765
12705
-25851
-12839
2784
32616
32333
-29283
22042
12926
29311
26117
-12456
406
-11764
-26428
28583
-7174
-17523
10235
1635
-28999
-30428
19643
32610
655
-3128
19672
6276
25247
25657
8663
-6126
10847
27675
26212
30179
-7719
-5391
-1862
-22221
368
16362
4254
6413
-12951
-1156
-1643
3000
12395
-30070
24395
-1862
16955
27212
209
23845
-8966
-31827
-2169
6679
17181
-5292
8913
-1708
6089
16252
21219
-21687
23106
17499
28462
-224
-17642
11723
-26244
-14702
26228
6541
-25469
-5887
26057
-20596
22320
-21417
24828
-5160
-10327
-30254
-15772
14666
-2343
16148
-26792
13731
7465
-19516
2429
-10796
-19843
13881
-27463
6700
11779
11299
7627
-31229
-21640
9513
-1642
-14706
22649
29058
-21729
19634
19829
-29507
12202
-28256
-21976
16028
-29754
5306
-27521
8645
28403
-1069
20752
14016
-18149
-30522
7551
-20904
-28212
-22334
25983
7594
-32373
3256
-8128
-11250
-7150
-18492
-7038
-4038
10671
10593
29045
25567
-7533
28778
-27810
-22612
11623
-17193
-7951
-25787
30753
953
-7594
-17487
-17598
31130
27053
11985
-20608
28250
-11696
5883
-12471
-14199
-1670
22612
12731
-4118
-795
-12964
3326
1127
-15598
13696
-7175
-8358
-3802
12528
24058
-3227
-12038
-13212
-8212
-25893
9251
12444
22194
17267
-8745
5637
18075
30757
32007
10884
-22418
-31113
25315
-9440
-30078
-4984
27959
32168
-7904
28261
-4779
32734
1920
-17975
29693
-20059
-3061
15518
20022
-31543
14458
20926
-22672
6523
30173
7154
1672
-8040
-17112
-13905
7157
-22359
-25679
-11616
-17862
-9817
-21471
-31145
13080
21343
20308
-32279
-26628
-12457
-31916
-4348
15269
-28957
21434
17479
-2965
-29783
-28472
10968
-25703
-6555
3059
-4465
7641
-25485
29551
-11500
22962
24172
16588
-1976
-21489
16972
-4901
-30281
-20614
-17791
30195
-12159
22500
-17522
-18445
20943
-3116
30012
-22298
27039
-11622
-12155
-12377
22268
-4851
8375
6801
-24667
-1856
17888
-25464
-32169
-3746
11216
29968
16232
2497
23128
-1493
24755
-2433
-13784
-24858
-8663
-12495
22917
31300
10173
-392
-170
-32200
-28374
-9032
32079
16421
9036
-19763
-25822
13035
25940
18430
-28954
-13962
-22680
-1628
-9215
-17131
-19321
-30291
31320
-5330
10736
-28530
-27853
-15192
-2654
10204
-14140
-19047
-19311
4601
-17761
12767
31583
5762
-23361
-32367
-23835
9729
-9968
12959
-25612
4610
16395
21559
29555
-8187
31776
-13720
-7710
-11782
23842
24727
9802
-11362
-28202
-28909
21317
20932
-954
4754
25804
-30399
-1032
-26766
-21014
32764
-18318
23770
27527
-26811
16833
4471
-31229
-9213
-17159
-15988
29749
-12802
26817
-3194
22853
26851
-803
30107
11505
-15098
-11124
-24724
16781
16050
-5684
-31547
5157
5422
25167
22115
20458
32396
-13029
-1475
6551
-1690
31512
-16215
-25787
-22973
-948
-32277
14331
-23199
-17876
-19072
10197
-7756
32352
5515
25653
-11854
-24088
-21480
2364
-28075
31518
31815
-14191
22069
-23568
-16407
26570
18498
2452
-7660
-2553
765
13589
-8674
-24712
15750
-9284
3897
