-1739
2838
29138
-31991
10583
-10830
16183
32397
-7901
-887
9020
29863
26687
11591
31833
8604
-31172
-31419
-3383
31607
-13568
-22535
19914
-6414
10760
-26401
10926
-8095
-23860
10971
21583
22467
10558
21937
-31034
-9832
231
-31898
-21504
13159
14429
13807
19115
-2357
28975
32389
23076
-1473
-25409
32452
-1152
-6950
-26033
32048
26130
26011
29101
-18110
-17396
19108
11367
-22311
18243
16584
-10941
20951
10768
-4885
11657
19706
-5252
-17825
-25768
-22100
-12775
11272
25552
-23250
-29285
4131
7893
-28884
16491
9064
-19849
9497
30339
16079
14199
8321
-21922
-23495
1282
1634
21374
-20730
6674
-18575
-338
4277
-24252
-14950
10217
-819
-4552
17440
-29250
5203
17083
-12222
-22091
-24976
-24923
-7827
-19200
19226
-27373
-3429
-26576
-23295
-10612
-13683
-17496
26203
11506
-3280
-9681
3481
23385
-3282
19292
4963
-21268
3407
-22121
-14982
18224
-2811
-21030
-2353
-19208
21366
-2660
-11713
17365
23821
-18641
-878
17788
21607
13647
13075
-28573
-6430
11232
21961
-10944
2981
10621
27967
4319
3450
-19010
16478
-12382
1446
16692
5292
-24907
7368
-21495
30569
-20267
-15809
11881
-19963
2003
-412
-25961
-1531
-6910
8859
3704
-29753
13493
-12272
-23020
-11557
3222
11676
-28198
-13055
-15978
13134
12924
-6913
30545
20994
-28956
5025
-13618
16037
-6544
25554
26272
-7453
11045
10994
-29487
-11502
-20125
26757
5750
-25898
-30682
-16253
28712
-25844
-32410
-112
22793
-17541
-28716
-30906
27687
-12990
17640
-30930
1839
-9812
-21233
6501
23557
11230
2664
-12342
-32557
-11767
-28570
-1348
-22667
-21537
-29388
9034
17647
8126
16043
-10380
7299
7226
-23945
26507
13675
-2542
23897
4751
-23170
20555
-15406
-8971
7690
-24174
-12184
10237
25099
31615
-4399
-11298
-4023
-3309
24064
-9903
-9691
14002
30559
-31213
6531
-11603
26826
5618
17386
-6092
29293
-26910
-22318
-17575
7163
-31621
-30179
14949
-12654
26322
22943
-186
22610
28410
-18110
-9730
14571
-5661
-27677
25995
-7676
23722
29574
-8896
-21987
32150
-29534
-7387
-8187
4759
-20480
29698
-16566
-13962
15072
-24474
-12253
-16035
-28148
-27003
-28995
10935
30273
6894
21052
-30222
13486
26381
16296
8974
-6829
25859
30754
5128
-30683
17961
-21288
-19291
13261
353
18482
30404
-16708
-15376
12860
28898
-5866
8368
-12673
-3928
-10913
-5630
2103
-3999
11910
13370
-22162
-24523
-14894
-16233
3612
-17273
-837
1942
-30169
26207
-18393
14873
-19732
7509
10878
22103
-29916
17610
26579
-1330
5398
17445
-25958
9979
1718
16097
-29600
1652
-20737
11375
24291
-8789
-1855
-14324
-6947
14647
-16444
29844
29591
-314
-20983
-24121
11421
-6138
8276
14910
27101
20848
27471
21773
31288
17278
-12375
29058
-13974
1725
12268
-29103
-16370
-4683
-18492
14763
12721
2456
-27802
12799
13230
23686
13117
-658
-752
-10342
-10460
15222
19654
-17117
30655
25943
18197
15448
14727
19804
-11171
20698
-6332
-28456
-15580
14273
-30352
7754
-6647
-21723
-18002
21442
18160
-18970
-5111
20843
-9144
-22972
24719
-4851
-10110
-24706
14108
-29062
21383
2115
28183
-9710
-10686
-2854
-769
2237
26663
-7098
4806
-24636
-3969
-20112
27859
14325
16580
-14891
-18911
27255
21762
-13892
-15199
1233
8455
27037
20189
21335
-21290
-11004
2186
28300
10799
-14766
-6676
6663
-9858
2854
23330
-23428
-25874
30558
11114
4448
13734
-8198
18033
-18404
-18360
22233
-6439
-8706
20361
15515
-23018
24172
-8601
21481
-23280
-17732
22573
-16599
974
-21465
31197
-25024
-4925
1692
-5500
16477
6927
-3085
16874
22608
16946
25484
23834
-23210
24206
-13188
26308
-16254
-14891
-32421
-7172
4658
-1730
10355
-18974
-25989
16419
24202
24030
15756
-28729
-18814
-10272
24333
-2115
20092
-28432
-25389
-4634
-9793
3109
29935
-23139
-29977
25097
-4120
32356
15933
-18236
-15124
-332
6924
9303
119
-22523
-16640
-27191
-21993
-190
-31802
-2773
26577
15158
5680
23282
23805
-30050
31109
-12588
26669
-10293
7352
-27466
30337
-28284
17568
-4657
-4570
28763
21703
13342
-630
-12287
-10062
22169
29063
13334
27087
-11481
5758
11941
8897
-26508
-19894
-18026
-24517
-4860
-7242
-24947
32250
32328
-13189
-24904
-19802
-3112
-933
9331
12706
19681
3271
-2205
-20397
-282
-13832
17378
26245
-11227
30571
26721
29931
17344
-18712
4723
-8490
9177
-18291
-8582
18479
-26491
1399
-21960
16865
31474
-29957
15402
27035
-30222
28034
-16422
-9759
31060
-31768
7761
15989
4875
17572
7705
-507
6218
-11615
2239
30373
24638
-2802
12804
-18896
17922
-27136
3754
-19493
30456
-11537
-20938
-31121
30334
-19191
8803
-3310
26631
29853
29741
-8895
1044
-16613
-23055
32144
-27291
-15428
-2178
28210
25204
10428
32189
-25497
15311
-17206
-20068
20757
20095
-5497
11222
-29352
-28324
-3711
-27692
-24159
9853
31434
20399
25339
26460
-23971
28983
-27930
28734
31981
-13221
-4503
-19746
-2491
-3162
19265
15022
30061
-11342
-21592
-13477
28690
6431
8205
29735
16585
-10672
-2622
-12094
548
110
-30514
31909
-19013
-17395
-24125
-23652
-10883
3532
-23198
-27756
-22691
3588
31406
23744
8771
15648
11118
-5569
23756
32492
-11985
5882
-7571
26054
-5895
-2961
20262
2872
-4174
-27165
9691
-3328
-10810
16309
-22790
17628
-16076
-7260
30390
-3539
-2380
434
7301
367
7682
-19038
-30315
4953
-2295
-13627
8094
-6243
747
16325
-32449
8048
22366
-17511
-6590
3914
317
-26025
-16180
25195
6806
-32323
-29244
-17249
18533
-21463
-26722
-10280
1310
-15078
-13063
-32195
8703
-28721
21792
13692
-8942
-15027
8465
-28618
-14980
6969
25418
-11465
7163
-23033
1715
1158
9841
21469
-30610
15649
-19391
3387
-26258
-12074
26903
8054
3245
18269
-10030
3549
14808
-26888
7370
-12987
14406
-19975
-22526
-22918
-11632
-3194
-9806
-16337
-17647
-20124
10335
29559
-32142
-7048
15158
31632
26332
8561
13854
1863
6300
-28757
19123
15462
15290
21939
-11407
-449
27852
-24584
-21097
-3821
-24062
-3947
8213
20182
-5534
-18828
9651
-28342
6303
11969
28617
29297
21320
11725
5951
11760
-2237
-5263
21640
12826
32413
9093
-21143
-781
31694
-21576
-3736
-739
14200
23993
11287
-29974
-25676
-15612
748
-19505
-31624
-2121
18846
-3995
21835
7184
31462
22473
-2599
-7698
-6966
-26212
-23198
-25044
-8613
-13384
7496
-2447
-16116
31351
-17720
-27962
-7727
6288
1550
26108
25464
-8420
-15196
19788
23978
-10147
28958
-32520
-3290
9142
213
8057
1120
19417
1063
-22501
-14083
24546
4804
24996
-11025
-14450
5237
7363
14693
-10491
3903
-7773
-28873
-31851
-20587
6591
10584
11505
24056
5185
3782
-9117
-25894
-32598
1472
28310
-23934
-2638
-6522
-4610
19183
-5568
-24871
-3983
20962
26163
-23514
-25199
-13249
-5668
9667
27147
6226
12971
15437
24968
-24951
-16328
21332
-28241
31879
-15455
-12097
-27680
-16412
-10764
-22158
4044
-24781
18994
-4742
-10873
31114
-29031
20112
-17043
-4489
-23533
-11697
-4567
-11764
-6599
9488
12864
5343
12460
14497
-19329
28600
-30718
-25859
10337
-26759
1629
-17341
4809
-29965
-9972
-24797
-5161
-1422
19195
-10456
6469
29112
21845
-8057
14777
16588
5223
17547
-1623
12004
-29666
21714
18853
-28111
-25030
29026
1233
-15114
-31949
-31655
-23548
-5991
22800
21744
25033
20535
-2410
27409
-20968
-29774
-4510
-27481
-6426
8623
-19445
14981
28369
-4678
2636
6448
700
23635
-31632
-7682
1364
-25927
-19892
19506
4761
11548
-15309
13593
-10527
-1509
29809
7274
2536
27987
23459
26809
-442
10966
27838
27039
-5500
-5677
31511
-22427
-8342
29283
30705
27532
-17338
-29622
14943
-26105
5330
11703
-9197
-17914
-25240
-3415
-17358
-28159
-17104
-28972
-19256
-31326
31123
24551
-27939
8481
-27648
15506
28659
-6168
-25602
12147
-30153
28223
-9473
7681
-8620
-3829
24180
-31753
31564
-8708
27842
-30228
-19924
-5977
15919
-8805
-25862
23983
-11954
-9890
-15706
-15032
773
3398
-24392
19265
-31063
17719
-15896
-1665
29115
30066
-25840
-20707
1175
18441
29936
13651
-7728
-21213
18097
-1394
-29376
-21427
-4152
-17391
25978
-12171
4461
9296
-24496
20864
27326
7986
-2289
24426
827
-5120
27993
-32056
11881
26074
14690
27026
30378
27466
507
-29001
28747
-4871
1903
-1666
17136
4281
28168
-18616
10620
11406
27310
28611
17651
4260
4763
-23970
16173
15360
6537
-16081
-23830
-5326
7409
-25170
-32531
6798
-19459
26914
17336
-21399
-6233
-15483
22882
-7559
19321
3677
-8535
23323
5950
-29548
-28409
6315
29211
-10976
6737
-22030
-30331
-313
27496
20780
6658
22806
-22234
-10881
15356
16616
-10028
-32232
9437
-15995
-1499
-28728
-16054
-26853
4309
-25970
18035
-3670
-5361
-24507
8107
3157
-7048
10653
22242
6439
4131
-13912
1239
-22417
-12684
12316
7201
26260
13233
-28473
-14484
22844
-7361
4461
-12663
-11725
16183
3030
-6704
-20902
-11933
-29471
-28851
-28026
-8586
-4933
17484
-23753
19512
26680
-7359
-30806
-4682
-16616
-854
-4973
-18598
-32021
-14710
6608
3035
1856
8630
9608
-4765
-28418
29387
16317
21338
-11502
-3820
-14394
22182
-9080
-24578
32273
30426
-20173
-21474
-30383
18581
27556
14189
-17061
1715
23924
-24484
1126
23630
25720
27251
28155
12089
-27960
-27413
2083
32146
-4134
15656
-26510
-1606
-22529
-914
6041
23820
12951
9650
15174
7072
-12660
23263
-32669
18084
28644
-14386
31739
13714
21892
15728
31385
-15283
4687
23008
-14952
8399
-4892
19366
-8441
-18479
-5309
-11360
-197
-26324
-24248
-5407
-14486
-15893
-13948
-13520
-20830
4755
-31960
14349
-23199
-8070
3945
-22497
1534
-2034
23219
-5545
-27585
32688
-8918
-4667
-31939
460
-2801
28703
32616
20089
18310
-23862
8188
23863
28415
26903
-14347
-11483
-11679
-19617
-10572
3770
-12822
14811
23433
-9545
-27379
2938
16499
12176
10334
-6362
-19993
5016
4156
15672
-11134
-13322
9484
-7639
-19493
14996
10880
-30498
22636
8342
11981
18533
10132
32438
23162
14490
-27097
26215
22325
-27518
6409
-16641
-9800
18778
10595
26029
-31499
24629
-22332
6540
16306
24098
26708
15559
-24726
-21714
6093
22890
-3592
3831
24094
28540
18898
-19485
-15342
-5883
-26501
21355
-8231
-29003
23627
4853
16288
19222
18796
-30219
320
-28758
-5750
-2285
15456
-7760
18272
26620
15988
15729
-27514
-6411
-27633
-26397
-12959
-19634
31733
-1871
32402
-23878
-10872
15215
377
-6224
18584
22378
-19481
-20101
25711
-13240
-13469
13870
17266
29334
17168
-20987
-14009
19111
8093
-25387
27918
-30852
-15643
-25708
32155
29128
4979
-6981
28837
14742
-27473
18486
-2038
15713
30586
-27880
-25540
-19517
-11764
30183
24976
14080
31273
-17485
-18707
17102
-32709
-10394
26141
11387
22086
13545
-11556
4356
8598
29846
9908
24458
-24949
-7429
11893
32084
-23829
21110
-8563
15021
25813
14415
18055
22057
31757
15844
28159
9981
-1427
12623
-4269
-22349
227
-21452
25589
-30369
28912
29235
15773
17262
-8701
-15235
21186
32339
-12688
5868
-8181
-20024
-7275
27928
6929
-27512
9107
9727
-18742
18269
26865
-11716
-11897
-19172
15398
-24860
20578
32071
-16112
-29086
-24930
-27622
-7147
-32079
11206
29701
-23241
-11773
23661
-4797
-18094
-278
-14505
28032
24024
23986
-14000
-29857
-199
-1594
-20384
-5929
3008
-4279
-2570
12047
2516
22559
-20533
-17641
-30327
24784
-22573
32411
-2219
-12816
1109
-15896
14575
-31669
14473
18838
20772
16646
28300
5123
14901
-4478
2072
19066
26795
-6205
-10554
30074
9571
-11957
7187
-25711
26510
-1860
-25093
-10700
5576
-31742
-8108
8204
-16851
1728
28781
27716
-9993
-8074
-13257
-27357
-28431
15551
-7310
12602
2333
-13695
-7530
-6983
16559
-12560
8217
9441
22059
8748
4846
27685
2342
-6175
8922
12741
-24708
23509
16402
24666
24299
14382
-28884
-14757
11107
-5300
30649
-9231
-25629
-13435
4601
16802
-22189
3763
-28799
-27208
24726
-17203
-12168
-20764
-15773
-4526
8197
22645
19221
3022
12257
12531
24095
-14619
11804
1947
-26683
-18616
-19653
2404
16768
10110
-9133
-14909
-11520
624
14592
20785
-7614
-7057
-30126
-11626
-1023
-23561
-13264
6547
15503
3991
23776
15061
13620
-11904
5337
-20263
-27687
26573
23098
16255
6706
9621
21050
-19057
30520
9124
3953
-30650
11613
26679
-30247
28741
-21801
-5210
-17478
27274
10393
13456
17163
-21112
-25142
-8851
22819
7870
-30552
-4284
-7469
5370
5527
22387
23747
-5521
-25061
-24421
-4468
-16632
29991
-5344
-15964
-7204
-14961
-29095
-29858
21872
14161
-27759
-28877
-25157
17068
-7093
-24434
18528
19191
-7777
-9457
-6552
-19562
3800
-22252
26329
20055
24413
10418
27834
26344
30313
-14309
30615
-8277
16209
24883
29611
23151
-7416
13786
21933
22245
-26612
14091
9795
-12557
-6980
-17129
21898
15443
-29993
-12580
13360
12635
-11860
-28436
25782
-29917
9252
-20287
3293
25051
1397
-4020
31711
11593
19203
-9019
-24442
11756
-25038
24278
-30909
8990
-25721
-17730
-5153
12831
5122
9625
-4121
9960
24778
-31738
5362
-25490
22469
1269
7987
6016
-2533
25949
3212
-16124
-7088
-10016
-22774
-8787
-6743
-24228
25223
20613
30112
27129
22080
312
4858
-5208
-14630
18005
8614
-1505
-580
7325
5876
-11556
3286
14349
-12298
-16829
-17817
20915
14238
-5014
2517
-8906
-948
29318
32208
-31006
32475
29476
30091
-7807
30745
13899
23837
8546
5433
16215
21502
28869
-23414
-29118
-28688
-15764
19537
-22288
9381
6625
-4564
25523
-788
-31037
-14717
-29655
22566
-1517
-25957
-7653
8834
-9527
-29890
25185
-23171
-2795
-31577
-8513
30192
-19355
-31931
-26700
21912
-15595
17782
-1752
-14130
12363
28567
20210
-5049
-16146
14331
-19097
16298
-1824
4731
-8321
4064
-15707
4681
-13952
11703
-21621
27335
27293
-28750
31494
20953
30147
-31799
7967
-4991
-28004
30858
2957
-14236
-6020
-10359
30421
3404
18081
10612
-30868
4682
21435
6921
10036
-10307
24062
11529
-25531
29293
-25944
6380
-17008
-18043
24941
-5361
17224
-19559
-3571
10246
19507
20536
-20765
-12151
10684
-19550
16687
-5250
18563
20484
32020
10328
-99
14946
-23775
-7325
-15882
24668
7859
1600
17922
5979
-26825
-11282
-13620
6405
-3634
3263
30735
-8825
-25347
-23059
1455
-11107
8548
-12046
-4978
30593
-28786
20783
-28059
-9289
-31016
-21475
-31536
20479
-2839
11896
-29128
-13099
-4502
9367
-18375
23951
12521
-9012
5791
-28616
16448
-4126
-26641
13114
-21840
-1743
22449
3835
24643
15459
19875
24727
-895
14283
-7026
28097
-479
-22545
-28438
-2576
29187
-17891
-18254
-27720
10960
-20208
-1894
-17229
-20733
-16818
-14505
11000
29155
26430
-1911
-16572
-4767
806
-15840
-32332
-31332
-19219
432
11022
11691
-28419
-29552
4041
-6203
9058
-3583
-28776
26416
22838
-28393
-3452
13765
-16697
-9835
15377
-13767
-31246
-23634
13923
16478
24456
-325
-3854
29683
-2035
-29397
-8687
18371
30653
9634
-30971
22283
-31176
-28147
10737
31150
15216
-28131
-2673
30294
25131
-32227
31816
-11888
-23584
-12597
-15765
-24201
1326
21328
-8685
-11838
-696
-14645
5663
-14920
20842
-16177
17036
-10776
7822
7927
-21286
5692
-5887
32646
26083
-8697
27018
-18134
-6802
-19666
12257
-9422
-8715
-28866
-17559
-25236
-24371
-27104
10013
-8956
16280
-9334
86
22629
-29282
-7450
-21162
1274
-24938
-8223
1648
9142
7477
27561
6406
18829
-23270
-26286
29471
-23147
-27450
6763
15863
-16924
-31522
-15270
5900
22459
-32213
21725
21567
29701
13653
13918
19289
-28077
15442
20978
26904
-5807
-25033
-3322
21103
2242
19185
4223
-21641
14714
-13984
-32315
2225
-24923
-24592
-25320
7380
-14464
29419
-28052
-11432
-5316
-10062
-16783
8327
-24255
-3679
25270
14124
11033
6262
-31329
-16766
-8148
26804
1516
30461
-29758
-20556
21470
-28555
-6289
16491
9610
-12758
-20128
-23905
3121
-12645
-28785
5679
-12917
-28517
7348
-27921
1343
5687
10979
25032
6393
7658
-13682
14813
28439
-26892
22641
30809
19377
13093
-22051
20719
-7737
21135
4889
9849
-24578
-4887
7364
-20666
6625
22150
-1916
-5305
5107
2960
1893
-27263
-21516
32253
12322
6694
-24822
6436
-12634
22521
18745
29969
1295
15604
-13259
20273
-22761
-13449
-14556
-14408
24928
13476
-8077
27957
-3247
-24256
30905
26284
5120
-9983
-15878
14834
-28146
23205
-7546
-12889
27773
-10235
26964
19462
-11469
-10551
-26090
-19499
27335
17175
10904
2652
-2096
-12855
-11471
24210
-17715
29706
-30355
12872
24146
16682
-26156
-6421
15473
-14349
-22679
-24490
-20724
105
-10779
-22312
31800
12464
-25421
24252
16345
-19417
26212
-20438
17433
-1375
-4195
-13171
31878
-7261
-17853
-5825
-30599
9592
25092
26764
-27497
-11206
28206
12637
9516
-247
30203
-1279
-21472
-24344
16908
11418
-23223
18182
-5973
19045
1218
28868
-26359
-1689
-8133
-30694
321
26707
27118
-23398
-19568
859
-12278
7766
-3580
10114
-17279
-10498
-10439
29638
-7631
29457
-4663
28954
6001
27207
-14549
21265
23372
24674
-20709
-31974
30948
-28089
-3751
10283
-15190
4014
28844
12330
19809
-2888
-743
20457
6813
32658
17429
-13931
16124
-27832
13614
-12134
-19972
9098
28085
4128
31880
27010
-3928
-13259
19871
28451
25530
18916
3030
20207
22743
-22416
-3309
7704
14213
-2289
-3206
21345
-23858
21168
19541
-19717
26947
-19752
4329
21693
-24920
-31126
31553
24093
4501
-16570
17361
-12578
-10427
-10453
-23654
-3849
5904
-22892
-29421
-7450
5442
8285
-22210
-30415
-31510
-14318
26937
-30328
11785
3762
-14988
26224
7037
-1044
12238
-25081
-287
-25183
-745
-7077
-28377
-23562
85
19765
27164
-7021
-13133
3878
-28545
-12382
14957
26437
2932
5324
5149
-16859
-23768
3663
-8429
13620
-21351
-20994
13428
-16293
-5498
12841
29178
16629
18308
17024
-26712
-11392
20074
-11624
3003
-25176
-18065
-21793
-31537
-23967
-4278
1591
-19176
-4851
-31169
8799
28386
-26281
-18627
-11455
-22710
-11528
31727
6365
-26741
24067
15156
16147
12245
-26094
15288
28810
11379
1202
-15896
-9701
-21549
-24352
9232
23314
10270
-21693
4476
-2445
-8001
29230
24847
19072
31919
-9699
24034
1432
-2115
8191
-32350
27205
13233
28971
7183
-14768
25548
-18565
13987
-10053
27634
-4112
346
32306
-12404
-9145
-27329
22096
-30214
-3623
3738
-27009
-16613
-916
-20565
31267
3871
-22694
-30816
10213
-22350
23483
7534
25546
-3658
-11610
15791
-16205
11178
-31371
21679
10743
26438
-11932
-14051
-5536
5599
-15891
32289
31854
27390
6288
12943
3182
22691
-14646
14448
-26832
-16980
-27296
-27145
-3973
22883
-18194
-15677
-14755
-6317
11345
-23151
-21451
-19541
4765
16178
27692
16028
-24628
19539
4159
6505
-30700
-29616
17735
24473
27562
-13857
59
30967
12426
-15077
-10929
-11295
21494
22976
-29825
12311
-6525
-32083
-12104
-24408
25864
-15422
5362
7359
2263
3138
-23274
-25023
20280
-819
30225
13830
1250
-7554
-10396
-25604
14254
-17874
16643
-3420
20079
-12884
32506
-27970
-635
8361
3196
30720
9325
-32191
2356
-3043
768
9726
-10439
14749
-27151
-24149
-29842
217
-6474
-20305
-23253
-13975
13336
12298
22290
13998
-4013
-8609
1398
6806
-5110
-30067
13769
-22715
-24073
18539
21038
-28042
-22629
-6836
2365
-1962
-7016
-20022
-19733
-21682
2935
2346
17843
-25912
34
22907
-17823
7071
31485
587
-2174
23235
11875
-24423
-23450
-23695
18533
7464
-19251
2975
-30499
-26751
-32733
-433
13664
1941
23783
-29254
-7304
6383
-17017
23290
-23250
19175
17241
-4267
32548
-3112
13263
-445
-7522
-26278
2007
17031
-7114
5906
-13720
-27045
-14970
-17179
2838
-25454
-360
6004
-154
-28275
17494
8936
16715
5607
-12583
6275
21125
23008
2033
27503
32766
3587
-955
14671
13812
16885
-14236
-19846
-5425
-20445
-12256
3643
18262
-25746
1790
-6337
17098
-27390
32436
2504
12004
1475
26410
-26558
-2253
-10203
-6325
-17677
-21263
2954
24457
-22014
13625
-1030
-5807
24782
7258
-27857
8308
14640
13785
-9403
-17765
9026
-30488
-24825
-16607
26456
-31330
-31730
9346
10500
-27907
4717
-32378
-15314
-18011
31543
-23622
-8963
-454
-21638
206
21825
-22929
9303
2570
29618
10259
-12478
29703
-32003
-18474
4071
-1175
18871
-15557
16507
871
1879
26120
11501
-32274
29981
-14287
17538
28715
-32152
6858
-203
-24297
-6944
-2324
-6210
-10127
-10823
-12578
4882
13564
-19029
-1559
-30725
30689
-13846
27422
-1941
14763
-32503
-4666
-26356
-16006
-8576
-9725
-3350
10140
28634
3905
-15399
12214
14478
-30424
-649
24381
7615
-13766
4634
-11347
-13012
-18780
6429
9380
13435
13248
27450
-25536
-563
-3075
9487
-29292
-26231
21281
16397
-28185
-11891
-530
-24766
-28608
11792
12478
-31581
-28903
-25272
-25950
-4078
-18627
1431
-32286
-20242
26524
2661
4181
7877
9086
9145
20480
19280
11371
-22188
-14760
-8586
26060
-19726
3047
-30765
22733
-21987
-29972
-21935
12673
19179
-20405
-22585
-14459
-2087
-20409
-3067
2626
8159
24730
32541
-11097
8262
-21367
-24414
-3695
30097
29207
13213
8237
27283
21944
18789
-18479
21214
-29264
-18028
27178
3757
-32418
5230
10684
22207
27874
1597
11457
-5909
21915
-11790
-10965
-32659
-25852
-1984
-32406
-11527
-167
30460
-25376
11009
-473
-23888
-4469
6161
-1471
12133
26337
-10866
-16626
-29101
-30968
-6556
20441
226
15005
16892
-1852
5230
19629
9815
588
20563
22805
-15015
-26277
-13040
-937
23438
5416
14783
18917
-11580
-16356
18710
20369
-5545
32724
-23138
9189
7350
10072
-22900
31164
-6979
-16632
-23215
18346
-1635
10255
-6548
23939
-29196
-28134
-4862
24745
-26434
1470
19857
23008
7812
13558
-30223
-400
14231
16105
-25313
7029
-4679
4771
-735
16274
-16320
7321
-16176
32385
31128
31399
-8003
-15919
22935
-26388
25388
8596
-31423
27197
25911
3623
-6256
21061
16643
-2358
11862
8509
-27604
-11584
-24575
-31171
-4937
6345
21785
17354
16999
-6575
-1282
-28410
-27072
6563
25883
-12573
-32041
1167
-20699
-10642
17661
1165
27982
-23332
-7404
559
-25020
22064
-2868
1343
10188
22515
32715
3427
13588
-14121
19664
23083
3586
-8904
-8571
1530
12105
-31985
-9578
24961
3314
-26374
-11837
-30151
-4677
-15165
-29742
32653
16147
-18945
15894
-11237
-22376
15550
-26782
-22040
-17705
21137
-456
-10090
8206
18661
20727
-13460
23035
-2721
-19869
-5998
31947
-13560
22779
7503
30250
-7430
-24860
29961
-18998
-30413
-24727
20639
26796
7028
19370
20169
17588
-12010
25713
-24108
-2153
13620
13676
-591
-25636
29095
21790
14162
25654
-29341
-17883
-29933
25076
1515
-21312
25755
6599
1302
-32220
32019
14831
-19702
2047
7974
-20504
-15457
19811
-27237
5706
30616
-28571
-20750
-7865
-1704
2699
-2773
10151
-4538
-20605
6254
-31226
32637
10718
11754
-3630
-4876
-1438
-30299
-6274
20449
13854
-25335
-7645
-30840
-30364
-17793
-21939
3135
-21480
7130
-19700
-14375
-25126
30501
18571
13946
17582
-18775
-2184
18219
-26078
6021
-29804
30943
-27465
29537
6646
-16944
-30596
10000
-15885
14906
-2692
-16339
-26035
28022
-22032
26006
3821
-1957
-5853
-13117
-29256
-14978
22848
24618
-520
3854
21528
-13033
-8578
-1531
10425
-15143
-24500
27792
-29751
25458
-18096
-3418
5425
6000
-23029
30759
-6792
-29909
13751
12865
24583
14729
23368
14189
-1232
31313
-24760
32373
28077
6441
5101
12866
2662
-28709
20134
7761
26601
17173
10586
-26122
-11381
17100
-18669
20824
-7144
-5644
-8975
-1150
4443
9767
10243
-30134
10235
-22302
24216
16523
27799
-25793
-3083
32128
-21414
-24047
-9072
-32220
-7182
14648
-21481
-29846
-3026
-4403
-4879
30344
13791
-2820
-12605
-30470
27951
-23657
1446
-15340
-20704
-23206
23147
-12785
-9035
25088
-30777
23662
-6236
25256
15306
13485
-11535
15343
31917
6093
12493
16235
-16221
31577
8285
13675
10901
-26187
16295
21957
11662
-1348
31398
-2070
1825
2155
-14385
6948
1762
23974
-5165
3247
-28680
22064
-18551
-32250
30541
-13489
-9725
29992
-22704
7460
-21304
-2615
-5106
27682
16699
6700
7341
-20140
-27512
29414
32312
-7987
-20672
-9065
8914
-10973
-9998
-32094
27161
-30409
18111
3272
-11460
-18835
1841
-25477
31056
5468
-30342
19725
10473
570
-22001
5356
-3945
27242
31223
30909
-7474
31554
-25186
7643
-29257
10240
5889
-17638
-6787
-18590
25280
-31962
29257
30912
-27843
27946
4505
-29807
23376
-32490
-24745
-76
-14338
19789
-8270
27014
12144
-16728
-25593
-16466
-26382
1104
-12475
4159
-13130
1034
10161
-1055
11641
-16558
-5375
-6733
316
19647
18186
-27266
-25928
359
5298
-18143
-20866
6140
5291
6125
28305
28605
-5313
29246
15585
-22984
7285
11215
15520
-20413
9024
-24678
22615
-12519
-21277
-29459
23802
-2603
6361
23734
2469
31263
21166
11967
-2622
-31785
23945
10477
9551
-5677
-26605
10485
-28713
-16705
-12995
-10998
-18209
-15886
-25018
19752
248
15020
7304
2078
18560
14013
8974
-13959
-25101
-2283
8314
5163
-32540
11061
8342
10927
19078
-32259
-19084
-24416
6561
-5833
-18391
-16312
-17698
14109
9478
-18552
-3316
25504
5013
25063
-8340
4092
17695
21062
-25884
-4565
20561
25259
-464
15364
-17372
-23529
12635
-6625
25451
-32374
-1997
4796
14754
8875
-23298
31039
26762
29015
31179
-25123
21625
-6389
15354
29953
13582
-17196
15845
13322
-18056
-22055
2049
32511
25759
23664
29438
31735
-14691
26931
-22163
31992
-2868
-1466
-12306
-1216
10672
19870
-27572
32511
29639
11047
22541
31679
-18277
-18189
-24616
30604
27531
-2764
2551
22231
10647
16082
25122
-13221
31904
5577
6500
4383
32091
12852
27968
800
19178
-11424
27062
7578
6249
15691
-32052
-22617
21670
-27436
-26490
30003
19688
-29892
-5666
8332
27765
19713
-30380
14852
11209
-8095
-3128
-24597
4767
-16780
1940
21209
25194
-15545
5822
-16014
-11995
32063
-18163
16083
-19565
-7263
32381
-28794
28898
-10580
23174
26559
-342
-21853
19353
-9518
2518
-10409
-10201
-22691
-1361
-10587
-17909
11019
20343
-12946
-588
26390
6660
22927
-14899
23288
22714
-7021
-12689
-9407
-20591
-7157
3724
31821
-30634
-26009
-6663
9751
30082
6806
-24345
20949
-16891
2411
20699
27914
27843
-2254
-5785
-13379
29254
23030
17745
1044
17905
-12824
30631
-27640
-30460
26914
-15956
14477
29655
-18299
8410
10996
14548
32666
8248
-26452
25155
19388
-23632
3694
-9378
-5456
-8661
-19837
2739
-18090
-18734
-24195
-28910
6566
21235
8793
7820
31230
53
-18066
17665
-30370
27691
-2319
31556
-24356
-3383
26569
-26400
24550
26218
14132
-12452
12380
24652
31508
30833
14623
-25083
-30335
-17736
32567
2947
-6649
5804
-10456
17514
-8620
22021
18275
-21083
807
-5765
-22965
-5307
-23095
-9383
5706
-758
26690
-30206
3904
24528
-7739
17971
-20122
6117
-27156
-28637
2047
-414
25700
26542
-12944
801
-812
28403
-15424
-7938
-28630
2343
13145
6879
32205
21891
-11321
-10955
24165
27960
-25734
-7726
6749
-11457
27908
-30982
26735
1108
-10069
-1978
-21567
23781
-31238
-26695
8133
6116
1058
-16058
-17772
27084
-7965
26202
9526
-24442
-2670
30418
15229
-26176
18669
4941
-8902
5251
-10737
591
-17940
-1535
-15230
-23050
26960
-30743
-1306
21700
-23536
-29895
-5523
5272
6611
32422
21596
-29878
8597
19673
15605
-17099
-12377
-26290
9632
-21976
3284
-19754
-13793
11905
-25899
-4486
-28265
9195
11146
-21478
30066
-10208
26266
19322
29775
-8032
-13055
16025
-6827
11560
16419
-16578
-6728
32692
3533
-28289
-9442
-27179
-5835
25072
-24246
1068
-31940
-11020
-29547
25410
-18052
-13635
-28840
-32730
24799
-31623
-28505
-17906
20376
31135
-16701
7823
-20912
6860
-5036
-26854
-9964
16200
-11721
-17108
-12226
-7919
9297
-14179
-21748
15536
-6285
11815
2942
11617
-27436
-15338
-10275
244
-18525
-20965
-18626
-18311
-8200
-15037
2266
10176
7222
15257
15330
28694
-5393
-13331
-1815
-29580
-22464
-19080
-26434
27563
-11234
4607
7092
-7147
-15196
24322
28248
-4221
-29817
-8477
32199
7684
29019
-29984
-11196
-11066
13411
25806
11442
18962
21377
23219
4644
-29365
755
29442
771
-16252
-18895
-24738
-18741
-26372
3312
-2487
-8919
-18159
-13914
10692
11522
-26797
11725
-27138
-26630
-15274
1971
-17550
-8974
30942
-14670
-27303
3692
742
4849
-30105
-15741
5808
-24862
-6092
-13835
-9796
5768
-10931
-15195
-11570
-3021
-11597
-1295
3993
13480
-25943
30544
-186
6071
-457
-7289
19094
16893
-28421
-2297
-6047
-23041
1274
-17620
-7502
29611
-23391
-16902
-8986
-18830
10157
-14991
25073
27401
28005
-21259
14427
-5651
29703
14764
25331
-31557
2515
11398
-31241
-4540
-4834
-1714
5673
-360
-7432
11452
-20498
27217
5437
12683
29399
-2526
-1331
-14004
11622
12719
-5281
2640
30030
-24647
29965
-23685
14427
-30392
12919
-15927
32059
-5975
32593
8868
11123
3713
18012
23366
4368
-32199
-31965
-10167
-19321
-16450
21067
-23906
-19306
-23673
-27088
13272
-13822
-787
21952
25572
21152
29747
-748
22287
-21608
-7990
-2097
-15582
13955
-2102
647
26805
-4819
31756
10030
25503
32750
-21980
11707
-25145
27375
18505
22148
-12698
-2339
22451
-31168
-9438
7149
-6474
-5502
-12512
16159
-4069
22945
-20876
-27911
-6232
-18211
-4067
-21103
-12909
3425
-14597
24394
604
-21682
-15067
7326
-20668
-32719
-21099
-3193
-23603
29264
3608
9800
19644
15880
-23554
-28412
8261
7825
14729
215
5636
10919
-1520
-17467
3773
-17144
-27950
19653
-17619
10207
-20551
31301
9688
-15288
29295
25330
-30152
4547
-19021
-14567
22459
-19652
-18521
-71
15742
-4459
-32711
-30877
20650
12250
-25618
24213
15742
-5921
29822
8967
14756
-10552
7017
-21018
-1797
-25432
-27526
-30406
10372
-15342
-19899
1373
-1462
-2703
-26034
12228
-30228
12394
23144
12151
-24900
8812
13962
28934
3760
-29477
-23581
8172
-14067
-17993
-13851
-3429
-29743
17664
-32077
-27172
-24827
-21347
-19353
20565
5105
-657
28845
9678
-10322
4674
4015
-24687
10732
5147
492
-22766
7484
25916
-9819
-14804
-8374
20647
-7044
-19904
9181
-7158
-27202
28980
-25775
11766
-27186
13635
-19628
-32616
26104
22910
-29113
-918
11881
31593
-13670
12568
-24083
-7625
22381
22483
21594
28763
-29258
4606
-25130
27324
-9519
-16087
-16001
-24047
2003
-26380
14632
-26617
13040
-7599
26489
-28931
3156
7363
-22791
25522
-4627
-17125
-21486
23397
7633
6484
-12755
23932
-27582
6576
1743
29952
-12456
-17929
26355
-16498
-7088
24878
-9948
18650
3692
-15749
-23805
-18795
32356
10527
-23555
-19076
-6068
29755
-22044
-24146
23840
14553
-3207
-12470
15765
-204
-20943
-9332
-30623
21829
-3844
26731
247
-26347
-6761
-12644
-21625
-25465
-17088
-28057
-2974
-9053
5918
9571
-9689
-26075
-17241
-12198
-496
19088
-9444
19215
-18830
-16995
-32627
24217
13980
25825
-3107
-30866
-22437
22838
-22512
-11612
4013
-6189
-17318
17385
-23725
-265
-8910
15682
-5897
28
13757
10917
2002
-24659
-23161
-10336
14802
12582
13132
-2783
-11455
8462
-20981
-29015
3010
-22291
15843
3877
16236
11288
4942
13742
-17371
25295
25281
23539
535
-15999
4868
-27870
-32218
11816
-7123
31542
-25998
22738
7443
13184
-6855
19323
3737
-29931
-5639
16678
16445
-14719
6415
-21052
27806
30639
15238
-2297
11750
22599
1463
6264
18186
-290
-12865
-7956
-16235
30964
8118
9475
18233
22325
-12866
-27496
31772
-8037
18732
-22938
10170
-1240
17509
-20017
10300
-9618
19983
-8196
28127
-7762
23756
27917
-10473
7216
-21186
24245
-11520
-4832
7861
23194
-28544
-13569
28428
-16897
20707
-22558
-19349
-8864
4461
-26337
-15108
-29296
22128
-14613
-25520
-16142
4341
-8673
-2635
-15813
-28819
1305
6354
21432
-14840
12183
17334
23482
5168
-5636
-19457
-18786
10046
29260
-29596
7943
5407
31177
31515
-20852
3428
-14211
-24748
-15129
-17862
7111
-17798
-30109
12550
16341
31851
30164
17280
-7230
1267
-26129
23486
-21093
-760
-10273
15922
25724
-2318
-1322
-14556
5335
11918
910
10562
-30078
28601
-19340
5706
28939
-23996
9103
-11006
8649
-3187
-22087
28862
-1455
-19152
15723
26343
3476
-2346
28825
19103
-16929
-30971
-14285
2572
27197
-20608
5390
19887
-9978
3941
28892
-600
22335
18310
14206
-13140
20435
9391
6214
11366
17925
4177
448
-17158
-12640
7881
-8463
-27411
-23161
13826
22445
11572
6713
7063
-21194
-3591
6494
9900
-29402
-15729
-5683
-31753
15325
-13738
9213
-29472
26680
26386
-20920
12022
29034
-26219
3256
-14275
30662
-23041
16987
-12007
1604
21821
-31716
16088
29553
29675
-26924
-24831
19489
-20574
-29099
4239
-3392
11525
-20648
-20598
-17475
-1641
27943
5821
-23035
11937
4023
-20708
10710
-30373
20362
13386
25390
-23163
17880
-21370
-10744
15439
27556
-7127
-4248
-9871
-15165
-7597
-18891
-6843
-3301
7514
-29475
-24017
7059
-4456
-7573
-31739
24365
-6007
-2955
30390
-661
-17850
-17375
13607
15552
-16026
-21620
440
12732
4758
21396
8563
18441
2076
-17060
30046
-30477
-8972
-2306
20066
-12613
-10165
-15551
21698
-3237
22428
17785
14156
-21957
9782
-26989
26874
14557
-24175
-10957
15478
17517
15383
14915
25070
-28857
-19574
24826
30955
3389
7681
-5819
-25814
16356
-31821
-18435
-19622
11991
21304
26773
27667
-7492
-13075
3567
29279
-21945
-17548
-6104
-28437
13291
8108
-16703
-20866
-23033
-29360
17723
-20788
-1848
9528
13618
-409
-8062
17235
24134
3863
13694
1512
30547
14559
18639
-16695
-12352
-6263
16324
29678
27864
-8696
25967
-9018
2775
-13219
11768
-23605
14188
23911
10672
2401
23892
-29630
-19863
-5380
17327
-11669
-16373
3608
-8409
21785
-27082
7866
9300
-14115
-15409
8350
-14076
16584
-26578
11544
-8240
-4572
-18101
-13600
15158
-595
-13621
-10361
22996
32586
-25781
19224
3005
16098
28494
-23271
24451
8556
11333
-21744
-30746
6223
-6692
-8136
-4630
31524
-29614
32664
-15083
-5786
16473
-28732
-12804
18883
12465
-29812
-26617
21041
-3347
-11283
20687
-7669
14066
30745
-30612
-28668
-23905
-658
176
-5896
14257
29747
25903
6143
-20371
24638
-7389
-3030
19932
-25689
29665
18409
12403
-4986
2643
5339
-21424
31708
12254
-14870
-19268
28237
-25784
-28157
-7636
-16983
-18266
15021
16750
25248
6889
-23672
26065
-16596
4306
-23430
19245
-63
-222
10570
-5379
-8715
-7031
14740
-8076
6493
-29422
-9722
19186
6472
-8933
-25768
30781
-9461
12930
-13876
-26724
-4586
-1091
-9901
-31306
-22880
7634
21648
-32465
17698
-18346
10373
5031
5565
11054
14738
-11769
18438
-30597
-10596
-6111
23693
-3099
28890
5896
12860
20786
7555
-19437
-1843
-21133
1508
-21219
-28741
18561
-954
12661
-15175
-12597
3028
12176
-14321
-14754
30516
28906
-775
6247
-2771
16123
-2745
1190
365
15406
11305
-7591
24943
4028
-1070
31571
30905
14676
-15400
14642
-22330
-2922
-29253
-16848
10582
24347
22376
-1651
-23026
23186
-29787
-10296
-16100
23740
-6509
13201
-9806
17051
5874
24702
-16296
4335
-372
3353
3192
31276
23079
-31997
25002
-24058
-12613
-1436
29395
-27481
23680
-28321
-18973
6222
7530
-12530
23266
-5538
1369
-21059
4414
23198
16423
13190
-4742
9043
-4259
27866
32670
30917
-29613
191
23758
14861
-19933
29699
-13416
30870
-23291
11928
17296
9748
-15025
2016
-32061
-4917
-9342
-1172
-25955
-20966
11561
31616
-29563
-22756
3316
-9554
-6610
18946
-21559
24645
11920
-26377
15022
-3298
-13804
27817
15812
-1374
3992
-8517
-17684
1366
-947
-10204
-4141
-15278
-2867
5803
26438
-28521
12707
-31607
20091
-3150
-27475
-25151
7040
5692
-1886
-24758
-25671
18192
-32388
-16568
-3262
32279
9101
9612
4873
1025
28424
17267
6208
9532
1206
4019
25291
4241
15759
17919
2777
-9260
-19050
26206
-6651
21944
25744
-5938
-29322
-25471
21015
274
-10705
-10335
-12369
-27812
-20739
-5780
14417
-32765
1579
-28944
-17838
-20069
-3390
-10413
22883
-32504
-525
3529
-21867
-7148
-13275
17838
3464
7302
21172
-32376
-20447
-12530
-14752
-17303
-3138
25669
26288
31521
-8512
-20187
29934
-25458
9162
-13753
6381
-16365
-24537
17236
20512
20096
-19141
1329
19612
-28256
18276
-10765
-30473
-14264
29076
9606
-15030
20536
-24170
-18727
-18674
27392
14056
12287
-614
-26171
13542
-20899
-4846
-16318
14222
-24562
26697
10573
-16741
-15768
-25364
1874
-4921
-5331
-14949
-32681
12599
-31888
10276
-8340
594
20830
1928
-30913
4535
-12388
-27155
4094
19965
2691
-31580
-5709
26587
-10695
-1821
-19395
1800
-28247
15631
-10589
-19578
-31427
23138
-18349
30529
911
-27268
-30142
-2745
26785
4143
-8597
22297
2320
-19948
-19924
23800
-21485
799
-22854
-20529
3534
-14736
20464
-31560
-25894
-7693
32542
10266
23925
12262
-18960
-10437
-8507
12230
-5007
29496
-21164
-11500
-15532
24756
-2963
-14895
-23245
-14457
-12158
30665
-5762
-18124
-27433
6985
-3605
9477
22532
-24762
30238
-4435
-20856
-18198
-25486
25923
-24147
21484
7023
663
16059
12627
-13979
13445
7488
-10497
-4737
1025
-3339
22298
-9287
30071
11220
15516
12657
-19930
-13996
13007
-16304
-12512
19010
5878
-28118
12625
30600
-17189
-31127
9960
-15661
28266
6242
-25324
13973
-31537
-1830
-11518
25832
4201
29421
-2447
1949
-29012
27896
-28528
-23999
15132
-8858
27428
-551
-3241
-24041
-23301
31323
-13202
-28370
14140
-13920
13858
-16218
32549
26080
21876
20158
18137
-14645
-6655
-24471
23830
-20340
-20236
860
1279
9297
-7442
24661
-50
32480
-27863
-27754
29307
-16337
-12951
9188
873
-5289
-20980
-28109
-12844
31138
-15115
-9788
29443
5421
25306
14467
27525
19342
18300
-5124
-32705
29881
8088
-6100
-5991
-12948
-7017
6076
-24042
31964
3956
-4977
21279
-11307
-23208
-10743
25606
-23452
14156
-20319
13832
27966
2109
-23630
24340
2562
16044
-5984
903
-31779
-22879
10003
17504
-16331
-23929
-26931
-16003
388
4569
15333
20015
-29099
-30181
-26449
9436
-17717
-11447
5304
-8909
-13341
17689
-32321
1928
-26761
-29814
505
8707
-30740
-549
-27162
6737
7379
26225
-6082
20847
-28054
32002
-10479
9758
7027
18547
32501
-19404
8753
24709
-31270
-27879
4529
17321
21843
-24795
-11652
3771
30906
4234
29187
-21006
23615
23647
26143
-1561
16579
19567
-27281
14792
17701
26756
-17303
-18895
1390
-27611
24016
-31782
-11048
-4848
-31705
-32250
20533
-3454
30901
-29564
-25578
6398
-1901
-17033
906
-20442
-4309
20715
-28215
451
21787
-30571
-20028
27386
10451
26170
-6481
27165
19974
-25870
-24230
29818
29439
-8436
-5059
26596
-29198
-9213
31851
4599
28147
10979
-3537
4801
15286
23017
-3389
30603
-12670
-25434
-21314
-17608
-30403
-401
19401
19565
-19554
-4874
10368
24304
5626
24676
1608
19671
30098
24061
-32700
-26362
-20577
20320
26145
25635
21665
6218
-32759
30592
16111
-1456
19953
3343
25241
-8166
24507
5550
3450
26539
-5093
-6266
31624
-32188
27189
26228
-10622
-25863
-29873
-10158
-13813
11392
21081
-25669
-20584
-27149
-10907
22548
23931
4571
-5656
30003
28773
-6992
17165
-5585
28015
-2278
28883
-24418
-3644
16139
-14042
9575
20360
11343
-25291
7259
7391
15584
-12236
-250
3855
17900
14706
-6479
24122
-16569
-17287
27553
-26076
11080
-14570
26327
5667
13055
-3501
5138
11728
-24042
16949
-6381
-27996
-73
28491
9267
-3639
6611
1765
8714
-22899
10800
-5968
22686
28447
15378
-2913
-18369
-3816
32634
10914
2857
18726
-29012
15639
6186
-4282
9494
22236
-10859
-10412
-1528
27759
30969
-19865
-13649
-16885
-9865
16060
32038
12253
-30097
-25989
10389
12383
-21522
12368
-323
-13669
24356
19436
2637
15146
-31497
27851
-31464
26855
8697
-9449
-29162
24176
-11776
-15519
-29206
2506
29742
30768
-11470
-30461
31758
-23683
-23392
14811
-14676
31278
17085
-2368
-4120
32200
-27014
21649
31800
26412
-18900
6684
-9593
16318
678
-32341
-23834
-11973
-26830
13259
-28368
12736
-29549
-5949
19663
2226
26875
15437
22332
18076
24502
-7736
21938
11855
-7839
-25009
-25258
-17721
16143
-27161
-382
2789
13662
-32104
-1842
-24265
32733
11266
-30894
30720
4609
-10124
-17902
-19990
-12580
2330
-26647
-30875
32659
30016
-31700
17892
-19552
23822
-10870
25611
-598
10934
12743
24300
-10207
-28250
3838
-19324
7598
24012
-17369
27815
7967
12740
-489
26706
905
14980
-12066
26521
-27856
-20822
-22190
-8858
-30033
-21275
18137
-4952
-11654
26802
17617
-6821
-6449
-4210
9369
-26834
26453
-23451
-9636
30898
-2563
25748
-3964
-7115
16894
-32003
-19296
-11245
-3475
-31558
-979
-262
-15642
-17384
8730
25745
13373
-6706
24090
1562
-14043
-18610
12115
17410
20513
3445
-28541
-24092
25035
-7057
-19985
-10545
31933
-7843
-23613
-22354
20850
-8558
-4069
-15407
-19019
-28953
30985
5124
-12935
17802
27786
-18795
-2458
17247
-820
14895
21144
2170
-21866
23636
-25820
-5533
5167
18285
21782
-19446
8836
-32238
21860
19692
15086
-8275
-12577
-9543
32453
5044
14420
-16710
16390
11228
5005
-23186
-12635
412
22127
-2799
11406
-16020
-4772
22594
7746
-11302
-30568
31905
-15132
-5547
-20971
25220
-16689
31295
25840
-1421
-6885
-23398
-10128
4719
5774
17480
25837
21519
16250
-29612
-3019
25372
-12368
770
-12722
-30992
-7731
-17694
30379
31298
15557
16707
-7502
-29668
10883
12873
28547
-6258
15508
-3343
-16077
-27265
-32035
29283
-3246
2327
-9603
21959
-25594
-17237
-7524
-31541
11695
-4822
867
8259
8640
9207
29314
1811
26921
-19577
14760
-24160
-16468
27729
-29849
14387
29748
28597
-20264
4674
18477
8075
-22059
7510
-30272
32109
-29295
-19905
-4334
-5247
20445
11049
18668
-10430
-6594
-14337
-1637
14844
-5038
8447
-11747
-26368
11526
-8148
-29547
-3542
30414
-9325
-21528
-18515
22598
-4920
-3880
-22977
-11587
-5180
-18966
-491
-5264
-25767
-8025
6045
27587
-16689
29930
-26509
-29222
2985
-12984
-19849
269
11884
21500
-8168
16886
22133
-29265
-20001
-9708
22095
-28235
29962
4380
17275
3588
18909
-3855
27106
28169
11723
1170
5878
28032
14892
-15975
-2058
-20904
31225
17040
-1120
-24912
13865
-32102
17911
27156
30457
11189
1311
4618
-22905
-16944
-1955
-29720
10368
22903
-1547
-29253
27066
-15035
5066
-6841
13843
28221
21194
28531
-25638
-12342
-13254
-10149
-27964
-24594
28635
-18679
-16031
21369
16802
-27207
29639
-20723
-21289
-1135
-18383
-18910
-20960
16723
26784
-10281
-3724
277
11872
-3696
28863
-32385
-29058
11544
-21694
-19785
13923
-22097
-5941
27425
-249
-9222
-11681
1465
-22055
-25991
-721
19493
15799
-15762
-8373
-27896
24187
-20197
3372
26509
-32519
23690
26891
-29807
7381
17599
6541
18404
-14493
-24106
-16406
29672
31236
-15184
26828
-26643
-15014
13853
-14628
-309
-1122
26591
8489
15385
-4529
-10626
19464
-872
-28341
24985
2713
24170
-28776
-12310
401
-14789
-11587
19802
-13850
5718
-13616
10785
7714
-26971
2429
-18626
6829
-6302
21456
-29867
-11875
2789
11183
-8775
1528
15180
21758
-7490
-30491
3037
-1730
-12792
-10353
-24645
19252
-30715
-31081
999
20882
15138
20552
3059
-9152
17309
-8886
22390
1592
-31413
2608
20128
10491
-363
5409
20246
29721
18984
-9730
-25306
-21297
-17528
-20818
-20030
280
-13181
21940
-5782
-10334
30847
-19267
-19379
8281
-18356
2389
25469
-1123
-8809
26398
-11280
-31431
-9551
1831
16603
26394
27685
-19393
22999
17982
-684
-21707
-13298
15601
-2901
-1235
-16158
-21739
-25665
6807
3091
-19118
16832
30995
-23701
17172
-28222
12830
6953
-1858
14189
14460
-9847
-6301
-17780
1324
14751
-24405
-16097
18707
2523
-32103
-874
-20905
6203
-4070
27895
-22981
31852
15669
-2867
-28802
15699
-7583
21172
31015
-22271
-281
-16395
-30346
-4335
5886
-10559
-3333
7732
8955
-5659
1811
-13751
29162
-17719
-28904
-31137
-14885
-7409
16944
23924
-165
6551
-13496
-5810
28610
27693
-18408
-3039
15887
-25630
-2145
-32569
19529
12006
9850
-21099
10363
24160
-828
-5545
17947
-30405
12880
-25098
10808
-14162
20073
-30169
-17865
-8211
-27601
8407
-9226
-32635
26828
173
-5518
32321
-2668
27209
8658
-25609
8330
3975
12041
812
-29475
-12316
-19346
-25746
-16212
-11201
-264
-7666
14204
-23151
-20175
10705
23101
2451
25311
32337
-9737
-26222
25939
29845
7783
-21400
-12068
1834
27814
3660
3492
-3192
26784
8469
587
-14509
2713
23926
1921
12432
1182
23600
4591
8133
-12077
-14960
-22889
15377
11111
-27032
-32515
-4215
-3914
31695
-22949
21551
-28785
-5632
2885
12738
-30434
-24039
32321
22781
-32407
5591
-22732
-30354
3230
13836
-19651
-18044
7019
-7237
1537
29854
29721
-24649
-12811
27816
-18669
13668
2676
-30577
27221
1261
-32524
-3773
-13639
-14365
31226
-31016
29880
15883
-10569
27925
12318
10112
-8896
-17826
-3023
15682
26269
18236
-415
-6071
-5103
-18114
683
30307
-26209
21182
-12137
-8912
29649
24993
-972
-22360
3222
-19411
-11498
6861
-2668
-3584
-9040
-20541
-6234
2318
4388
-18050
6403
2061
-9584
-11332
-24948
4559
-10763
29752
937
32698
-150
-10159
21649
-27521
16337
27486
-11580
8577
-10101
18027
-9754
1814
-17478
-9397
12692
26886
-23219
-30795
18967
29501
18824
-9181
-12735
15432
-26610
16517
23676
2543
15518
32627
28423
2399
-28979
17833
-31480
-27789
22226
-3869
-830
7443
7804
14119
19070
29592
2982
4636
3802
-2506
7479
28422
-25091
-11729
-26630
-1333
999
-25337
-4302
27929
-10775
31420
1758
7810
1303
-17907
-24210
-6278
-2532
14564
-14981
11040
-12164
-10038
3498
15622
-8753
-3689
11273
8609
23581
-26783
10623
29498
-21809
-15166
-22190
30041
-27484
-9937
-15384
-8066
21651
19523
22325
13635
-32598
16295
6512
-7360
21924
-5899
-21622
1753
23563
31537
-24049
-13836
-6538
-24854
2273
3808
-22325
-29045
-8694
31052
20658
-9672
4994
-12655
4379
25870
19934
983
18272
-17471
12772
1011
5280
23773
-11296
-13119
29700
-27930
-2257
-9611
-7167
-19875
14869
-3314
6810
14013
-7337
-19220
-5270
11397
28583
30375
3629
17126
-19520
-5589
-18285
-10348
32344
18506
8737
5240
-3859
-11512
-13640
-2515
-31497
-19764
-22110
13718
25651
6666
-19274
22292
8199
-1659
17223
-1482
-7464
-765
-12276
31662
12588
9548
-19129
507
15371
7698
22965
10059
-24933
-25508
-2410
15838
-1480
5757
5976
-5447
2065
-29180
-21470
-7708
-21330
20553
8487
-28234
31521
-3436
32562
9021
9083
-18015
26514
2046
-1616
2300
-19428
14995
-4613
20609
-24559
-31743
16421
-19614
-17553
13485
12711
20551
312
12381
18013
-22091
9341
30043
-29047
-21504
-7678
16089
-8954
-18804
28094
-12190
-24799
-11913
-14657
-8098
5916
-11516
30864
-16282
15744
7033
10578
24461
-26181
22958
17522
-29681
18325
-13946
77
-28093
-20082
3748
1386
-16942
-17651
-21954
28666
2887
28531
-12358
-28909
29972
-4253
17928
19366
23663
-3648
-22509
29598
2567
11159
979
-16476
22850
-26506
-13922
12950
59
10932
8688
-69
18321
-7058
5472
14189
24827
-11967
-32558
-4248
-29854
-17529
-25498
17580
-30269
-454
-25885
-16893
21817
-11281
-14900
21838
31121
5414
31891
18335
31874
-30814
-28300
-29389
-10844
-29565
6848
-2483
-25251
-10824
16295
22855
11058
-24683
11361
15468
8127
-32301
14862
22481
-16821
-25254
-21712
-4167
-7866
-6753
-21126
-21208
-23293
-10914
-26294
-13029
-26707
-17396
-28255
26030
-384
-13876
-20210
26825
-22589
-27988
8399
-10900
13089
-7295
22143
-8415
-4247
15903
-7797
23928
-29664
30813
-21174
3862
16066
19106
-19598
7927
26054
-9699
22421
-26055
-23792
5030
19667
23897
23136
-24151
27097
-16255
30958
28259
12942
30799
-11119
-31743
-12473
22103
988
-14528
29177
-459
-1599
15092
-11599
16119
-28169
8106
-21999
10767
-5636
6843
2925
-31290
18915
18898
-24493
-25574
16946
-21343
14375
17242
17570
30681
1281
-9971
-23793
8101
29876
12407
-31772
-10790
-17325
-26455
1246
9192
25450
-30783
-19771
24362
14204
-25550
18366
-18667
9052
10142
5696
19189
530
-29680
-26716
-9095
-15137
22241
28290
31623
16379
-13478
25876
-5892
25502
-11570
-3128
-4880
18946
14424
8209
24078
21041
2467
-13980
389
-19922
763
-20622
-22147
20944
18078
25795
7706
-20953
-29802
29935
-1877
9015
-26200
-16691
19944
-15872
-8391
8764
1875
-6077
-16626
-17377
-23610
-30537
-18435
-25557
20328
19478
-8538
5526
23791
7549
-29056
12445
-19320
-20519
5994
19981
-28341
-19482
-8750
5449
-655
-1971
6611
26239
29100
-9154
-31949
5531
7624
-7072
27464
9915
29797
-31801
-13437
10341
1493
-2076
-31779
29843
-31942
348
-10202
-5674
6062
-9469
1674
2977
12262
-572
32268
15203
-10700
-29047
-5806
-16749
8889
32125
-21678
14259
1055
29316
-16925
-20339
-13398
-2308
3590
-29726
-15568
6000
-11605
-12829
-32290
3972
-17598
11925
3179
-29663
-7987
-4691
12009
27807
-29899
32015
-110
-25071
-7973
656
32224
-15399
-1650
27216
-14634
-6909
11987
24759
19999
26210
7351
-1092
25822
-24659
-19223
-1943
12426
9216
2343
-8895
-27026
-29445
32021
1456
31486
-12540
25357
3605
-28234
-2141
-27764
-22250
20018
-4648
-2551
22015
12857
32095
18092
16694
7905
20174
24467
-14355
10234
22179
3578
-11278
-16431
11467
-3225
-21084
2687
-16669
-414
-8414
-22140
-1955
-19395
324
11182
-17785
-5480
23014
-28441
-31012
-30762
-30844
26582
-22754
8806
-8667
824
-10275
-12958
-31862
18791
24281
1938
-15469
4122
30007
-3660
-16032
27478
17554
1885
-24496
26731
7747
-24263
-4979
32199
1819
-11385
25010
14010
28759
14947
-29071
-21137
2203
-5755
5611
-30995
28545
-22666
8984
14102
-2892
8418
-23062
16573
13744
-9162
2808
14956
1757
-9969
8365
21301
-24700
-15058
-26494
2432
-8942
30155
7257
23544
-20532
17632
6309
12661
-27773
-21287
26420
29431
23814
23007
5708
-2994
-5860
15449
-2166
30363
24125
2251
30305
-26446
15093
10345
-21740
-8198
25193
30784
373
-17003
15156
-27547
23256
7636
19075
31217
-2929
-1257
5629
-15344
-23927
-28860
22646
-19263
30387
-1994
-3546
15243
14820
-27010
31673
6552
10806
-5663
-19571
3757
9593
8652
15991
-30783
12069
22060
-28038
-7793
5729
-30386
17315
6658
17116
-12837
-18061
6903
-14869
-24696
-26634
-7575
-27660
-14124
-23265
-3653
10276
-26598
-29233
30055
5909
-6782
18812
-21250
-10428
-23293
-31846
-27455
510
-23585
19995
7951
7187
-28868
554
-14317
-17944
16397
13225
-13979
16076
19970
-24922
15050
11497
-9882
-32103
-28703
29563
-7012
-11037
-9580
-5377
-24196
21660
9526
-10842
-32288
-15712
-25585
28621
10750
15813
25695
1691
-11395
-21190
32069
8239
-9006
-6057
-5381
30292
-28983
17653
-11872
-27791
-29210
4637
-12653
5559
28191
4969
1028
-6567
-23418
-23223
5179
3107
-20968
-9511
29505
-20130
-4036
30464
-5792
-32588
2185
-24418
13624
-26267
-4120
27464
-14888
-4341
-28419
29449
25814
17792
-1290
14012
16967
-26271
9432
12499
18666
-3947
-2236
5001
25258
-8080
-25774
-5684
30525
-1127
19685
14774
4211
7447
-17621
-8507
548
-27907
6539
-12013
13166
29963
2084
6046
25378
6860
-30867
-11386
28036
-5514
15967
-32679
3832
14223
-31553
27226
8229
21996
21291
-196
17813
-23113
10335
-18468
4584
32353
-28821
-14539
32577
3082
16869
12245
30525
31028
10391
22958
-24839
-16266
13914
-16073
-18594
6615
17337
-5231
-8798
9972
7674
12181
-8272
13577
-2138
-23930
-30143
20003
-23982
-28689
-12596
4407
16333
-13
20724
19258
30245
-11818
19063
-7588
-26356
-17540
-22358
-1512
26495
-26551
-13333
20992
31126
6748
-22665
-32688
-28278
-6399
-11596
-1372
-25826
26502
13198
-13125
-20139
2562
32650
4027
-11981
15557
6585
16049
27187
-28054
16446
-10589
-1450
-14212
-13061
-18166
-3279
18161
23175
26502
-32749
15297
-15463
-3793
12132
-9906
5327
21556
27293
-17550
-13181
2674
3182
1791
-18384
-21931
7981
8453
-29437
-17709
-17683
-11430
-17697
31865
5415
30473
-10880
-20331
-9571
-22470
13495
-30617
17914
-20880
17535
9501
15588
-21917
23611
-15872
7086
-27466
-26821
30631
-20052
-27392
3937
17984
28890
-29882
27595
12576
31430
12754
789
23606
9711
-173
23429
-32183
16386
-13713
-18135
8280
-25097
14389
-29637
6841
-5777
-23575
-32692
-5123
-17892
28130
1356
26155
66
14467
-9380
1709
-4826
-26077
2627
20463
10760
1549
10046
-1446
-21308
17363
-25841
-18652
10316
-29428
-30037
-23805
-14821
23883
-24499
-10314
-25275
-4786
32239
-4663
-16977
-13023
-13156
-7498
6401
-28707
-1042
-7675
-13951
-12497
-30013
9442
-11851
-23158
30506
30752
-31821
16301
-2681
2730
-17913
21103
-13532
16132
14207
20550
-23600
-13062
-6206
15006
1028
-30885
16225
-20755
26069
16381
19764
24717
-28962
24293
27102
5795
-19291
11845
28038
-11510
29549
-17204
31045
-15657
-7120
16549
-28030
-15833
-15309
-29691
2577
1002
3822
13625
-25672
30125
-4531
-21290
-4996
-7174
-8729
-3087
-25083
-29569
15907
-18211
-15029
17275
-12194
2892
-20237
29990
8238
-18737
27375
-2932
10430
30926
4014
22753
-6456
-13555
-9426
4602
-24213
10260
-9220
12188
17770
27324
23802
-13069
-32687
13090
24532
-31874
-13535
6936
17886
-20508
-31199
21583
-8845
-25770
-8792
-18682
27446
-23146
-19586
-20942
-24600
-24946
11928
-3849
-12358
-15330
-23385
21061
-5350
-4774
-18387
-26211
-14077
-4449
29250
-24740
8188
14231
14852
20256
11624
-29592
-27654
-3971
8370
748
4678
-13040
-31999
-32722
28039
-8652
25480
-7481
21351
-12332
31487
15085
-8072
-9364
-9788
-11788
5061
-29887
29808
-13761
32391
9657
4488
16801
-21183
-22915
-4396
-26206
-5215
-3574
22101
24577
-12169
-19010
-13650
8509
-30724
30285
31727
-6466
30861
-27460
18194
-4951
-16573
10024
24264
-30278
26557
18462
2796
-20768
26484
20152
-29085
-17533
29305
-471
-138
23907
-20798
5304
19248
27643
-8717
30054
19685
3816
26764
-11726
-3159
-7679
-12910
-24173
8753
-3579
8359
-30747
24548
18447
-5620
3666
29147
-2938
31752
10863
11871
20673
-9375
-1033
9630
23363
15707
-3954
28577
-23209
18534
-8542
30989
7859
21909
23174
25946
28199
24888
12874
32019
6767
-4797
29200
26661
25343
20076
7424
4228
12244
9516
19722
-20114
25650
-20308
5971
14494
27540
-24859
23685
4390
30570
-11894
20545
-72
-27904
807
15370
18837
22820
22835
15370
5492
24293
-22669
7760
16360
-17365
17578
-21430
3847
11688
-23969
11375
-4242
-11538
-10321
28179
19937
-27023
28405
31993
7310
30288
-9328
28707
28364
13714
-27001
26938
-32190
22376
18758
-32024
-3141
-4741
12475
-30221
31384
-12354
15118
-17606
-12665
11669
-19334
-25288
-20618
24657
-7585
-23849
20441
6597
-32088
-11904
11675
18643
16380
-24461
14308
10276
3217
-16702
-5979
18710
6553
31582
2099
-3176
-24419
-29948
-17480
5287
5774
-23007
31137
-29796
25121
