22336
14453
29407
-28942
-16578
-576
-8307
-22394
11473
14488
-29776
14340
-31476
-18691
-24253
22976
-19513
26782
-9745
14385
-30010
-20204
-32297
7322
-18418
-1537
-23361
5218
-23052
11009
-32377
16523
21340
22300
-2369
-18145
16383
-7660
-9238
-17294
18282
25028
-8243
-9186
19341
-15093
9245
11644
19116
-10907
-22817
-21582
-15658
3176
-15418
-2955
25342
-23114
-15670
-28908
7476
-10594
-14579
-15186
12192
-6923
27373
1783
29906
-14763
-27920
8331
31957
12744
-3017
15287
28279
-32248
26701
-23460
6420
13158
-24607
28339
-31044
-5168
8709
-10109
-19417
-14274
1727
20571
3323
4025
4544
-673
-32205
-10012
-11897
-20528
-32449
30969
-31620
23947
-3596
-20646
-28859
-15857
-17576
-26348
-12571
-9096
6352
13721
2005
-25394
27366
-17573
-16385
9640
12813
-26742
14045
1366
4783
-11944
27745
-9086
