19875
21890
-23336
12295
-9918
-25796
-28176
25375
-58
6608
-21413
-15505
-25502
28747
14538
-32149
10436
26594
-23964
-24748
-77
-17082
-24980
2585
-24495
23122
-4630
4081
-23866
2306
11051
-30141
4089
18696
27974
-20309
30859
24487
6565
-9305
25095
10448
-32317
26471
16866
10656
-19665
-21297
-8474
-15862
-7889
5684
13399
25549
-8218
25891
-30280
-19538
-24064
28827
13737
-12750
22454
-12672
26766
-11008
3920
-18423
6413
-23929
15630
5910
-19030
17878
-24945
-28820
-21203
-15494
-2520
-11775
-12148
12582
-15153
31531
24550
-29361
9376
-19702
27628
-16879
-5842
-4372
21803
-3453
-18043
5994
-6783
-357
-28709
-21553
16934
-4861
29463
31811
-21750
25793
-15936
5757
-5406
-15372
7695
-29163
2794
-2063
9692
-31185
26543
-29187
29952
-11616
-15593
-17543
16168
-5702
5425
10456
15574
-32494
-5539
7625
11432
10437
-17170
-8198
15850
9767
-30725
15516
2476
-3528
19453
-25013
10348
32491
20961
14222
-23338
21504
10780
9059
19180
-9250
20510
8061
-29534
30872
11731
20242
-9642
-24092
2114
-3799
-2651
7578
-10855
-17365
-18873
332
-8815
-29127
1108
-28526
20574
-23455
-30226
7874
9167
11349
-12718
-10234
13691
14124
11215
11335
21378
-26390
-12296
-4020
-11506
30811
27028
16912
-6907
2172
15581
-26341
-15395
1062
242
-23833
-25038
-7847
18434
7231
4743
7792
-20228
6890
-16086
8351
12315
23567
9987
-10201
14777
-31698
23155
-25006
19731
30298
9966
3503
2040
-19294
7472
23625
-7268
1475
-7936
-27975
874
14831
-24787
-28753
-21340
23107
24540
8221
-24976
-25269
-31538
-22374
29260
-13590
111
-26435
-25787
-27746
-3662
-29038
28650
-4953
-14651
13673
-20110
-5656
-20988
27445
-4699
-32097
-11258
9706
-15838
2224
8278
18034
8911
3566
-13028
-17165
10571
1970
-22900
27048
6450
24972
-9989
-3327
14545
29992
-369
7319
-31193
-29881
30936
25316
-7718
-17930
3904
-25723
11811
7951
-6580
23646
18073
6877
25876
4055
-455
-2321
3199
13012
-1482
28494
-29983
-1902
5351
-6106
28374
15995
15152
-31993
-14227
50
14031
-22872
27248
13730
-17449
-3247
25121
-31426
-31353
-22373
-29653
32628
-2667
21388
28285
11337
-9584
-15224
16889
-31876
3409
31675
-19742
18258
-13515
-20875
-18578
-3430
28572
25617
17882
24678
2664
-6847
-21589
-22817
-30315
-22050
22186
-2600
-31635
28297
28866
16131
-22747
-535
-14355
28998
21183
-23647
10129
4026
-21045
-17389
31232
16419
1374
9210
14788
-25324
-10759
21833
-237
-26280
9303
5794
-28341
5690
-8234
-29689
-32756
2515
-7711
18448
-28177
-25587
-13610
7186
-31924
-11219
8479
2565
-8727
4639
-7665
18003
7382
21943
-22084
14158
2424
-1346
26850
-18733
-16843
5085
14671
-9114
-4219
-2451
-27645
-31534
-11843
26231
29272
-31191
-15109
16958
10718
28668
-20497
11917
-9409
17443
-16099
-9712
-16618
-23043
12119
12203
-30956
12019
-13317
-28001
7900
25336
3975
10236
-3442
22404
-24719
-4097
5013
19395
8696
-5231
-27020
27613
-18184
-28013
4052
-21509
-27821
18435
-30406
-27700
-25322
-22959
4174
21654
-25560
7146
6061
-8989
23254
26793
31786
-29438
2966
25081
-11474
-16698
30913
-19214
1672
31980
-20353
-7777
25420
-5786
30603
4023
19466
-26062
-18606
18850
17516
-28896
2948
-16801
26778
-17719
28734
-5817
23286
-22639
874
22641
-19989
9109
-17965
-12860
28015
31037
-18872
13007
20906
16763
25596
2926
-23011
9301
17301
-17204
3164
-19171
-1569
17560
22619
-11024
-25603
-3618
3896
17190
8728
-22726
-4472
10711
-28650
-16624
13761
8022
25159
-26701
-8272
-3829
9393
-22632
28311
19303
-14625
-20743
2902
-29683
15536
22928
-14593
-11293
-3046
-18384
28993
18705
-17889
30555
-17458
-28621
31045
15407
13985
-31990
172
2967
-10126
-8215
-3564
-25331
-10428
21246
11034
5406
-4520
-27090
-12279
1430
-30001
-12678
-3911
5268
-15885
-32446
-17439
-13940
7949
12011
-25408
9282
-10247
9647
13273
15088
29663
18829
20762
-1837
19566
-17650
7289
-23741
2234
-14390
-9322
20700
-24353
-21525
23848
32462
23434
23403
-19577
-27632
22016
-21005
4543
-19560
30548
-11313
8242
-7537
1130
-17059
15631
-28620
28200
-3344
-882
-6922
-29875
-27463
-28452
27054
22284
-3409
-29985
-25028
-20219
-24968
29314
5934
-1530
-21942
30370
-5444
23421
4490
-31988
14645
-25761
22498
-27768
-29936
-25599
395
20275
7194
-30798
-5970
-7974
25830
-26011
-31676
12552
-2243
-14182
27744
24186
8154
30420
-30547
3348
-14238
-341
-21418
20082
-2491
16888
28176
-7146
25181
5960
-20837
-25973
-26927
-20650
12468
-4360
27463
1642
-1371
-22654
15913
-13155
31097
18628
29817
19480
-12375
-26035
20797
1821
24136
-518
23471
-16874
-853
18122
-19697
-13938
21840
-28930
26378
-30454
-30226
22469
8319
-19356
-17752
-12217
19016
-21036
11652
-15007
19569
12749
10652
-11517
18224
19120
9029
28117
-21116
7114
15134
-3765
4385
-13926
6008
-26811
26011
-8087
-27385
31077
-5239
27951
23309
-15237
-3211
15268
11720
24238
30554
-18059
26060
7364
9962
23812
-5576
-8671
3586
11376
-26401
3738
-18351
-9208
12481
9325
28078
-26049
-17021
-14912
-15211
1335
23301
-18658
27243
-10387
17622
-14035
-8319
32024
8994
4697
186
-26522
-24720
31929
-15877
13241
-24412
27917
31852
-28934
-22043
-25326
29948
17313
-15987
-11071
-6216
14993
7626
-14672
3947
-16895
5324
-11817
7451
-15324
-11350
9475
1856
-6250
-3618
-2094
7002
7326
-5748
-24923
-12777
-14596
32111
-30971
-17797
-24511
-653
24902
26618
28112
-1962
-24006
-9037
6531
9618
810
23021
-15530
11395
12524
-11106
-20476
-26562
-6807
30246
-695
-21507
9872
-21622
-2944
8766
28898
-27095
22934
-4893
22458
-17273
6902
11227
-3942
-29239
-1273
-16422
-31327
-2867
74
25412
-6129
3284
23904
-24394
-29164
5592
11457
-12402
21978
-9905
31991
28978
-27276
24049
24575
-18910
21422
30937
-16206
-16818
-22974
-7750
-29647
-25504
-4993
9634
-31268
5856
24028
-10463
-17291
-8645
-12456
-16941
-6290
-21127
-21527
29665
26713
-1132
21757
21473
202
-11836
13598
-29744
26922
12912
26860
32401
7499
24121
7159
-17073
27263
20448
-28207
-20539
4460
11478
-16220
17218
31249
-29015
-11006
3175
24429
-11290
22717
24422
-25516
3754
-26652
5294
-20331
13725
1865
5303
24737
-32226
13926
31145
-9103
29693
-3704
6135
21147
-6696
17429
-15822
9110
2031
-22931
-27715
30471
14196
-17826
-2210
17856
12360
-1178
12820
955
-6868
17433
24113
2504
-8383
-29679
10590
-1467
-7735
2049
4649
27486
-17236
10623
-19300
-20632
8399
15092
29248
-812
-27994
2668
-4089
7896
17482
-7504
-24831
-3583
9200
-4288
-761
-32111
229
-3321
-7498
-6205
-24625
30553
2574
22184
27667
-9468
-23102
-24841
13605
-22179
17267
-25638
-28923
-24878
14814
12620
10765
29428
-10413
-30075
12510
5770
16313
7826
-2428
14825
21047
18564
-28712
24801
2808
20062
10037
-14421
24806
-31911
-15526
-19932
27056
-4109
-18682
-30789
292
-28030
16118
3263
-26458
17215
-1843
29034
-31193
914
1663
-21144
9885
-14630
18882
17539
10084
8490
29702
-21113
14762
-15250
-26052
-20350
26826
13099
5416
-22885
2938
27793
19839
-4196
-25415
-4606
31515
1723
-19618
-982
-4647
-15506
28191
-13201
16808
8292
-2434
-12917
-341
22192
32329
3838
799
14058
20188
-15138
28236
26658
-4769
-19361
-24153
-9577
9519
3607
-20280
-8046
14273
-22080
-6382
26029
17914
-10296
9975
-24727
25191
20251
11404
-4164
26808
-11811
-22255
-31251
-1439
-26205
14727
-19264
6241
-17577
25628
2101
12141
5304
-177
7090
22926
13992
6326
9015
29548
11137
-21817
-7192
-5156
14199
16225
-30832
25506
14006
-26110
-25525
24218
-15828
-3148
-24411
1614
14109
-15627
4011
-24280
30276
-28202
14444
13515
26898
-25697
11218
-22866
26964
-21847
-18490
15480
-22788
-15609
-19217
17218
-21736
13810
10228
-20265
-8929
9218
-1356
7984
-29010
-7073
-22245
17723
-4516
-12956
-22419
27302
-10288
569
-28707
1099
-25485
22387
-31837
-20167
24116
30685
-26473
-32126
-19031
-16514
-16191
-14271
-19211
8307
-25950
17384
-2412
-23660
-31504
13225
17641
-325
7853
-16008
30661
15320
31565
-15991
16108
3574
15850
-20238
17732
-18061
7054
21317
-3343
-30520
14166
518
6995
-1376
14833
21090
-12287
21262
-18034
3863
-18205
3795
17659
3752
12087
20785
-43
-18888
5307
30412
-31148
18682
-16143
25530
29130
-21977
17268
-22433
-27548
31728
21816
-6111
-19990
-30543
-16577
-20431
17579
-14007
5957
-11560
-9320
-21117
-6587
-6634
17618
-16773
22804
11264
-10418
-21264
16148
-7643
27511
10528
-4952
32368
9591
-7497
-26432
-19819
32444
5685
29849
1380
11128
10478
12005
-7455
-28978
-28650
-22062
1999
7823
31848
-29193
-28256
-1668
31033
-27996
18775
-20209
-21282
2947
-2763
20279
306
-4006
-14316
20683
2770
-27417
10465
7691
8766
-29925
24195
15930
23782
-1087
-1975
-13850
-15235
-31383
-9516
16057
11347
-28522
21625
618
-23748
24506
30733
-15098
15411
-14454
19640
22309
12107
13556
-19973
-23723
-21551
-10180
-29035
24811
16922
9630
-3330
7443
-10474
9632
382
7230
31184
8397
8107
27102
31988
-32576
15704
9501
-30598
18148
11848
-4794
21290
20813
22573
-7150
-11031
-23007
-19355
23514
-4777
-3213
-26965
-9116
-11274
-13510
-26219
-14842
-19288
-1235
22819
6219
5681
-4669
-2975
-4206
-10645
-17373
2669
-4082
29509
-31699
5363
13061
15814
2253
29418
-32306
-11458
23704
19619
10027
-24733
-29394
-10872
-17441
25003
10797
29615
-23600
10617
-13904
30183
-13404
7213
17759
21938
14853
-12759
-18770
25339
-28007
-13127
-1882
29484
-19843
-8753
27185
-6885
21812
13526
-9140
-4032
4593
9882
-1784
-10849
-21473
11880
20335
-31710
5269
-15554
-30679
4656
26956
32757
-32476
-10004
10443
31806
-28497
28978
16512
-28313
-10836
30898
-14004
23314
-2617
-27798
-13905
32231
-30133
28530
-8020
-28033
32375
-1888
30890
10339
14323
18494
-26272
15244
-26082
9165
17708
-23080
-20728
-9719
31669
20348
-30681
-328
8028
23538
552
-7061
-28400
28547
-6609
9767
-1954
14573
32069
31433
-29274
-11958
-17936
-2436
19829
14252
-2425
-8858
-32603
-1463
26234
-25897
13940
-27325
32761
21073
-25160
-4818
11414
-24967
11204
6108
22891
25825
16553
-17303
-17503
31486
8723
-18715
30956
-10594
-12472
-12462
29756
-13579
14322
-4538
-15629
-6261
31378
16514
3221
17170
32713
15590
19898
-14144
-20732
-26169
6657
14611
-12355
20795
20901
-21266
12318
731
15941
16127
18057
3634
-30497
-9832
14702
-12275
-18706
30745
-247
15963
31210
-29026
-11710
-17344
25331
-22774
13524
-12909
9211
-4027
11966
-9474
17596
32529
13964
-8080
3059
21377
31043
-26229
-20384
3636
-31845
-9857
23374
31307
-10819
-29168
-9858
-27579
-8964
-1681
-16605
5415
7947
-21673
-19101
29393
-28720
1645
-14076
6062
11728
14259
-26447
21467
-10204
-1653
-28962
-14542
2148
20321
2378
28501
11181
4578
-18466
14741
3411
2596
-19105
21279
-20078
-5577
-9316
12202
-18016
10258
932
12022
26436
17253
-10484
17113
-5664
-19887
-17964
5466
6563
27637
14975
26043
-702
13388
23974
12173
-28288
15098
32731
4744
32328
-31815
21829
28520
-3833
-17441
15707
-18118
-23510
25890
19627
416
799
29213
-23576
-26759
-8048
15333
-30250
4338
31724
-1217
8736
-5830
-10594
7532
18089
-27958
6821
17602
31164
17477
5874
-7547
1494
-15377
4608
22285
27682
32653
21047
15832
-778
-6090
-26152
-31052
-1978
4528
-5318
-14904
6554
-15538
27374
-28132
8811
23895
-25437
1355
1960
10330
-19977
-861
-5279
-3838
-9948
-11560
28385
4994
9940
31023
20861
463
28288
-11096
3198
-4019
-6646
-19189
-18629
-19730
-4180
7082
29315
24930
1288
-13856
-6142
-21829
-4163
27019
-12851
28915
11535
7941
-26838
-22428
11236
28612
-4590
-17297
-11659
27860
-25214
-2153
-24003
-30937
-29967
-31076
3199
-30934
29152
1580
25410
-29123
2644
-18881
1465
-32303
-20864
8708
-2124
2465
-22774
-25654
-17199
-32530
21692
17895
-7993
17093
-3643
-18224
-8062
835
14989
4566
8753
-13994
19253
22904
-15756
18033
-4527
2306
1329
31602
-27586
12945
29209
-5294
-6536
-31169
3894
-25967
14296
-31796
-6432
20109
-15360
15829
-11129
9252
11115
27669
-9111
11437
9609
-12943
-9279
-12233
28373
2024
10209
-32074
12580
22873
-25141
29245
-23558
7466
-11130
-23873
-10696
-7365
12652
-30265
-28453
19212
15169
-20175
-29628
19583
5079
25992
-4865
28336
27573
12048
-18901
9596
-30488
-17579
-27190
17294
7283
19942
31463
-14345
-28441
-23333
-10191
-25641
14210
3602
-7337
11252
-26291
-25231
-4609
-9619
14169
26164
-2154
-11179
-13435
-19763
-3818
17308
-28352
4890
17355
-5901
-6204
-15030
29097
-904
14788
9594
-12288
23401
12695
-8816
-14968
21800
13233
10605
-22611
27003
-7457
12955
-10394
-19913
26205
-29415
30866
-6774
-29714
-15340
9862
24168
21203
-1902
27712
-2100
1866
-25105
18667
-19656
-3878
-31162
2260
26490
-17095
25372
-30987
5573
-4284
11644
-3047
4794
-20839
1260
11458
-17516
-4012
9216
-4090
-13271
19319
4738
32543
26099
-1216
-27033
20041
-8816
5394
-13681
-25479
-28754
30869
19249
-4603
-27115
28583
-7250
7184
-7904
-32397
-11002
12469
1612
14492
-19498
-27903
-25447
-24559
10765
-903
-19355
24829
-29334
-29654
-30828
19089
-23119
17522
-19804
-2822
-8247
-17503
-8004
300
7643
-17631
-12769
-12880
17031
18304
13124
-10589
-31005
10058
-32130
-6680
-5395
24826
6936
-14892
-889
-14217
3646
-2837
19117
-3036
29259
7498
5968
26775
24116
-1314
-9178
-13316
-22229
12761
4209
-8600
-4964
1068
-21826
6602
-198
9149
11044
13893
11763
21957
13093
-17129
-13205
10995
-23511
-9159
-28300
25894
-9032
24253
18161
19969
12891
-21552
-21160
-24193
-10945
29765
31857
-26610
13635
-20542
13197
13894
3759
-16253
1144
17374
31346
-1777
13869
-25678
28466
-22025
15681
3359
10211
-25717
17964
-30291
-12739
-8309
8487
1951
-19976
21283
1338
-9684
-14102
-8866
2204
-31924
21687
-13142
1336
7416
-17999
-27707
25056
-18509
22255
9014
-28093
22529
24994
-11190
-24240
5485
-28811
26749
24350
-7492
-29066
19281
8167
21481
-5626
-18775
2289
29268
-20831
15373
21063
-23512
-3547
32537
22039
892
4087
-26267
7379
21449
16650
3020
-1808
10889
31687
-21842
32456
-15101
-10047
19598
9098
11045
24316
31863
-31883
1127
18611
-10891
19434
-30870
2746
-12503
26653
9685
16497
-5828
-16525
-9214
-14779
-32733
10186
-27845
17490
-1530
7939
-28644
-31115
22088
17925
-12165
16722
-25812
-22128
-16680
-26745
20809
-23071
21108
-23203
-26775
-7554
28179
9994
-26502
-27057
-32019
4492
6245
-17493
-216
3388
6121
3815
31180
-29055
-5486
-24777
-1013
-28440
-15167
-692
-1628
25141
12298
-81
16117
-7483
12786
25081
1816
1585
-1229
-21924
9339
-3983
-16657
-6676
14214
17023
-24756
-26022
14571
-20220
-13558
5003
5820
-30875
16356
-5560
16845
-27209
15054
29254
-3279
-14609
-1803
31333
19389
9249
-1910
-26939
4028
24440
-3830
-23516
-23045
30973
-16668
6901
-23427
5
28430
18525
17421
-19847
18586
-6525
14084
9431
-6126
2937
30595
601
27142
30658
14440
-5856
24898
-11819
26423
27878
-13981
-27099
29222
5766
-31953
32597
24235
-27944
12455
22520
-13453
-10625
26864
15316
13692
24476
8976
6694
13298
-27457
-19093
31399
-25241
10215
-16952
6953
22931
-23700
-13729
-23710
-13916
28983
514
5427
25364
15876
30211
-11165
-27513
14127
30757
-1825
-31359
9046
-1024
5008
-61
-26648
-16670
19627
-26456
-8285
-22444
-12562
-16468
-9653
-8572
-23264
21852
-4444
18089
1607
31579
-7240
25702
23666
30983
-2804
27579
19805
20074
6287
31768
29603
20230
20342
-13874
-25435
-28897
-1061
29186
-30925
31083
4114
15968
3596
-32328
-28364
-1191
9881
-13398
-16038
9191
-14814
-25167
21949
-11333
9839
25719
-26839
10822
13312
-15092
-21982
13069
-27612
-3530
-14169
-13971
-30804
3448
5230
-30947
-13220
-12095
-24559
1379
-18787
8388
9606
21287
-8257
-9344
9850
27856
10739
604
23093
23106
20585
-31121
5952
-1832
4821
28878
-10789
-16874
-9714
-6108
6135
17169
-8955
7016
-30826
15125
7495
3732
6894
10036
25560
32484
-23861
-23504
21491
-30507
-27825
-10446
1367
-15955
27769
16117
-3329
29104
-28978
-28124
-9706
-4103
2107
19785
-29822
-3209
17013
-29290
-9463
29530
-5731
28612
-7625
-9565
-10653
-18336
-25363
-19853
21776
14922
6234
-7099
-6207
-22049
15812
13783
17374
-31870
-17601
-18400
8918
-17553
-2252
17640
-12958
5057
5446
3951
25762
6283
-22866
13746
-32756
-29112
8195
14703
3536
27335
-23454
1514
-10889
-8149
-28079
-20726
-21405
23285
-11473
-23792
-12397
-13162
26541
21770
-1795
30465
15189
-18741
-25608
-5738
28866
-12268
-10794
-17988
4153
30428
-15089
22893
-25708
24232
-17766
-15505
-29095
-29921
6826
26006
-26198
30416
-3362
-25916
-9445
-13379
1402
-4502
6753
14272
-154
-22957
-29936
-23357
18460
25332
16315
-19514
15624
1653
-1648
-11896
-14666
28812
27962
-15414
-24796
-24038
17105
23002
23392
-28374
29607
442
-26762
29724
-21107
-4345
-2184
30421
-9191
9574
-24169
4966
20085
24329
17825
11221
-17226
-27425
17146
-4174
-8839
23011
-18384
-4470
12017
-31347
-3758
6475
-8459
-2061
-25149
788
-20869
-28897
8028
26903
31355
30336
-1630
-10605
9608
32612
-22793
-31629
-8751
10679
-25396
-25615
6655
25120
122
27449
7416
-7898
-24935
-22881
-8123
-21610
11496
-29461
7817
-8185
9948
6932
8663
26850
25277
-4604
9396
32736
15447
24215
-30869
32264
28737
20186
-12134
3078
-12154
88
-23361
-29443
5087
13380
-27300
22959
-21891
-31008
-19091
4000
1807
23105
-23267
-18069
-22362
-11679
23629
25285
21344
-15437
7957
-837
-2250
14966
-1535
656
18282
387
29459
22797
25672
11071
22224
-9935
30775
-2192
-17758
-5876
-30455
24903
-3564
-28553
-27747
-27377
9073
11059
9512
23479
13459
-30987
-10469
-5698
23326
-4722
-195
26887
21136
5183
-32751
13008
13194
18246
14293
15545
12568
24524
-31238
-19110
-22596
-17626
-26570
-23613
14366
25623
941
-2985
-10058
32611
11855
914
-23688
-6365
-32153
-1906
-26703
6041
-12297
-29986
21942
8679
-23498
-22436
-11558
-4062
10776
-30532
-17156
-28332
31314
-26206
23375
27390
-24327
-16593
4177
-10281
15923
-25077
-8027
2155
6422
8127
-30916
-29476
-5985
-9572
-18840
-29408
-18349
-30872
22817
-14652
-32424
-6683
-18903
-7798
-1753
-24029
25802
22344
-19304
-18499
-23607
-23712
-28714
19828
5613
-22848
-11249
30693
-30198
-22155
32600
25320
-5247
5804
-19329
-7814
-8359
-25214
7308
16391
-1474
8996
-19094
-29903
-16075
-17174
25045
-2047
4407
21317
-8748
-28290
-23915
28863
140
-18640
-9947
26232
-18800
21943
-15282
-31986
5016
-24103
1383
-2759
18263
7303
26853
2313
30465
-1168
-10041
-8586
19976
26702
-14386
5842
-32621
18453
24306
17498
-255
-21567
29936
18965
26740
-25376
-7788
-24690
1293
-4965
23646
19592
31087
6220
24957
9976
4526
20533
-19522
23631
-31183
-23309
7780
5003
6951
16274
12881
10745
27472
-24537
-32650
106
-29708
20996
-19519
-21235
-8754
-20314
-20412
2013
20092
1290
5559
28547
20691
-10345
-27189
22750
3392
-10812
-13079
2545
6311
1886
26403
1505
29013
-14486
27791
-22451
28697
31291
-22510
-5956
10951
29824
-28139
4832
18511
3113
9321
28702
-16267
-21020
6749
-5056
-26318
-13595
29835
-6211
-8588
15777
26695
-32090
-31889
-29603
5395
2439
14865
5037
4078
2037
20576
-25377
16336
-20415
22490
-17
30091
24464
-8776
-5525
-22985
-18077
10744
32462
-14444
13969
30608
13986
-6402
20263
21108
26859
-22453
-18508
-28093
3585
-28127
-3050
22399
25244
-28053
-17885
14452
19276
-4359
-30411
7333
-7480
4945
-11612
28895
-32198
5739
6908
26013
-28632
18294
32238
-28819
-8298
-20314
13788
3940
1897
-8397
21838
538
8837
-12073
12890
6080
-2432
30468
16538
25121
-13855
-4285
-22891
5017
-12177
-2804
-4230
23540
9537
29882
1228
-23962
7589
-32531
5521
-30378
2478
12292
-10305
8749
-22748
-16499
3705
12711
-9655
-9216
24826
2578
-32448
-4231
30401
-7368
-26884
6592
-4043
15006
-20965
5502
-3813
-15727
-15868
31647
-7968
26900
31119
-26885
19591
-11653
-2240
15973
-21520
-30909
-11779
14671
-28101
-21691
-24279
23556
4154
-1597
-22706
-16374
-16424
-28861
-985
529
-31052
-18490
-9831
11033
15717
-18170
-5859
21838
14668
-24787
-914
-32309
-25951
-23920
13121
-20786
21838
-27039
-20564
17114
-2429
1678
26047
30617
-9404
-1537
3429
-20419
6233
18552
-11858
31521
8639
20133
25600
9534
16894
-3173
20778
-9500
-31700
14360
497
29775
-11970
32008
24026
-9421
-27573
22077
6357
-26082
-252
-32149
-20082
-17688
-17663
20651
-25176
-3985
-23447
-24223
31599
-12257
-22205
27270
2460
-29474
-11672
24853
-30385
16330
25452
-25764
-26940
-16844
-2404
8686
23950
-13063
-21186
4335
-12789
-32611
4266
3224
20225
-18145
-28514
27793
10669
-24551
4016
12324
-2577
31295
30356
-8001
17199
-31714
-5355
-5440
19851
17668
28507
-6930
-6293
-25999
-9639
32587
-20792
12168
26434
-27258
30156
3319
1884
-10227
-22005
27949
-5562
19670
3757
12503
763
-17581
-11223
14998
-2828
-30921
-29349
2672
-11096
-4093
-12013
-8453
-18773
-11920
23973
15067
-22830
-21747
6460
-20393
-23864
-2817
-20988
31044
22445
11575
15705
-22884
-23266
21905
-269
-10383
15522
13979
8816
31513
789
12292
-20264
-16946
-20400
27931
-19173
-1343
-13560
-18919
-28713
11081
19672
5425
6369
-25030
9737
9139
7240
11633
1378
17961
31311
7042
-32591
23649
10670
15202
-14088
31555
28047
-11293
-1320
12190
-25986
11524
3508
-28622
25986
17081
2962
3877
-31850
-27709
9114
17739
22919
6065
-10974
32509
-32080
20185
1935
-27220
7054
20188
-5194
-19904
14572
-18807
1198
-1787
-14363
-5685
-11939
22654
-20502
2907
1294
18968
-10698
-3131
-32750
-28357
-11636
22346
-9706
-7851
6565
18147
-19927
9605
-10108
-17925
7314
4995
30791
28851
-18947
-4447
-23429
227
30311
31967
-2823
-12023
11234
2962
12045
-25947
-26473
-9698
-2664
25637
-23127
27478
-21295
21974
21999
-15098
-31208
-11256
5532
17475
7065
-28191
23210
-28051
-17002
24052
-31134
4968
-1351
-5498
24749
12331
11438
-9161
-31759
30307
9483
27161
-4090
9245
20909
-13565
-5376
-14581
-1669
19267
-5003
-31377
-32047
-3959
5542
-3986
24648
20971
28187
7884
26795
27051
-1633
20556
-11512
-16787
-8169
32473
-9748
-29344
-30227
12727
-14152
-32167
-27664
-31540
27595
12060
-25609
27001
-31427
-17431
14000
32335
-16149
17904
3227
16000
-15132
-29351
-10127
-16610
-8120
-27511
15812
-11652
-22048
-16934
-30986
10810
-20168
25432
1161
16833
-11239
-22186
3407
-4982
-30624
13161
26085
-31397
-10426
12078
-604
-14322
-11408
8630
14297
-30818
954
9680
14605
9417
25622
17664
20450
-30748
9910
17795
-11639
-14276
-6871
30892
28022
-7071
13353
-6047
9056
-10565
-8699
14229
30784
15645
-15726
-32173
16085
-31939
-25102
-21771
-15703
-5371
-16758
-24593
8190
-13260
16632
3436
-11003
-7187
904
-23022
-32607
23460
-18944
31308
17485
12471
-10687
-15136
13811
-19404
-28274
13278
-23947
2002
-4568
-13636
-25764
-27779
-23422
22616
4007
12222
-7807
-216
25105
4633
29331
18838
-10656
-29829
-3272
-31221
30651
-23386
10154
16861
22870
8187
-7357
9257
-24114
3042
28648
19084
9254
-25198
20566
6894
-10443
9552
-30478
-28264
31434
-27499
32154
24241
-26821
10122
-8916
571
-24683
-27119
12252
10093
-3895
-14145
13093
30156
-30782
-9502
2168
-22223
25016
10815
-29757
-4713
3218
-21654
16142
18331
8474
-23036
7544
17138
-26081
843
4157
471
-15297
12442
-19011
-16592
24962
15208
13750
-20241
-21345
-20732
22552
-7991
-28745
13189
-25957
4161
-20923
-4776
-19354
-30456
-24099
29584
539
-13879
22280
-7002
29308
-8636
-5626
-29372
29638
-12804
-10825
17084
11405
-19273
4102
-15264
-18764
10181
-23306
-18824
1465
8770
-30243
-25623
-3352
8779
12642
-17003
-9298
18399
-5381
-16770
-13182
-2739
-12221
-17351
-24723
-3589
14570
-10699
3834
-24423
43
11963
-30717
-28718
6161
-20385
-22287
-21322
-26276
2733
2188
297
-21593
-17977
18753
-27865
23297
-4627
21101
26913
19834
-12081
-24527
-13707
9876
-2062
-24893
2310
2283
18273
7231
9703
16419
1803
-4799
-5656
-18598
-3586
-3628
-18757
-9529
-9879
-16599
14691
15699
-22325
16440
25163
-28743
-29897
22647
1737
-30028
-6296
9371
12078
-21804
555
18683
24352
10642
-21704
23436
-29395
-19228
10285
-24056
-26933
-30218
4165
-25116
-8246
-9541
17182
-14923
16878
21812
-14068
22436
-3432
29257
-3815
24421
-20666
17946
-8822
19723
8569
-5369
13373
-23655
4457
-25669
25914
15650
32481
-22254
-17508
30153
-23763
-21012
-16732
-17662
-11059
-27428
-20916
3699
10237
-17838
29689
10624
7324
22071
8049
-26750
1767
-5288
14983
29045
-19055
19701
13714
-25484
-6021
-26652
-17845
-9695
-15425
-4556
-1774
-16256
-20724
14556
2232
-28192
-7331
-413
7902
17749
30853
8119
12881
14201
-27332
-20287
-29159
19007
-12004
8386
32131
1560
10080
-16589
24644
-28032
-26994
-12088
7509
-23795
-17027
8548
-8947
-3381
-25965
-10971
3297
-18255
2862
-26349
4053
13040
7267
26489
8630
-14157
26737
-8819
10788
-187
-19439
-27922
16557
808
29949
-18500
7673
14358
9879
-11883
32335
-13863
-10985
18396
-1251
4164
-18417
-29981
14613
12874
9045
-13226
15198
-1055
11625
-29994
31682
-31299
20980
5805
-10671
23416
-26131
29270
12845
-2853
24041
-18038
1657
7460
9027
15106
25610
4241
25938
-11645
24712
11560
-14790
-20836
-16864
-10389
-3405
-5774
-5922
-18116
-12825
2063
20221
29922
-11804
-27602
-3488
17596
14053
-16992
-392
713
-17375
21933
2348
-17324
25578
-5222
-27845
-17218
13050
-7116
10765
18096
24853
12807
4933
-11075
-32526
2626
28285
7882
5935
27141
6201
-32376
-14714
-3494
3932
63
16434
-17598
19630
-4002
27258
-2439
22347
-21507
-4039
4677
20471
3096
3152
-13459
14427
-29709
15917
11402
-24852
10167
-20862
3212
-20794
8848
24768
24157
23366
-4413
15365
-32613
-12307
-29505
18155
-10866
15881
32192
11986
-27517
-23513
4901
-22055
-24191
-13512
11605
-28784
21634
-29422
30695
-5770
-15421
-31307
14108
21058
7056
20276
1400
-21008
-13684
-32047
-23808
10253
-13275
-27554
-25411
6566
18530
9909
5891
-12907
22897
-23536
29407
24116
1599
-23526
29313
11084
25677
531
29478
-15939
-32327
6187
-22180
-23183
-14972
-19679
-26098
522
924
-10161
27886
-20297
6579
-22074
26602
-3645
18960
-24150
31252
-16243
12115
3616
-13164
11769
-25452
27431
-7361
-8458
-2665
-25175
11326
-4330
-13415
-24537
-12912
-28566
28792
14457
24652
-21398
-6309
2083
23326
549
30818
21705
-26783
-30690
-6226
-19139
22862
31351
-7756
-14447
3513
-26680
-19750
2468
-23935
-7561
-21167
22350
24871
23736
10222
-7823
-24123
11854
-8196
-23374
-2141
26725
-31974
4399
-13331
16958
-11373
20099
28077
3874
21605
-1962
-9894
19221
9799
-4926
17200
29340
-25640
10429
-5314
-32164
26549
-19046
-21947
11894
14215
9235
-9313
2642
-15886
-10852
-19166
26897
-18819
-11452
22351
15986
-18728
-30637
11056
24379
13068
-11183
26251
-8068
1126
4396
-13320
-7471
24649
-25374
-4319
427
30384
29746
21061
-29797
-7150
23132
583
7493
22362
-32704
-25527
26479
-28954
27199
-1845
-18082
32142
10879
23346
12441
27279
-14234
-13546
1340
-4622
8146
23292
24131
15627
-21442
31114
-7659
-28825
1023
-721
-29299
16815
26880
16448
29592
28779
-7163
-20551
-26404
25842
4660
-2589
29096
-17499
2684
4181
-15978
24250
-7671
-16665
-24052
30109
28293
-19215
-17612
-19770
-27194
25882
17643
22036
2390
-19254
4355
-26190
-26255
-3847
16307
23831
-7983
-11190
10962
-16322
-5018
25129
7689
-13628
32559
24052
21787
16159
-31432
14811
22199
24286
5469
-3147
-30918
-10621
-9812
4318
-4358
-24467
23999
-19481
-30551
22989
-29454
19221
-29278
-322
-32729
-27251
-1006
-30493
28610
20562
12287
-112
18965
-32685
29642
-15415
-837
26359
-8565
9422
642
-27377
13319
22645
8857
-15097
-21422
-15047
-27873
-11784
14297
8095
30920
-5380
3338
2402
-3789
-9678
11815
20325
30569
7674
-18956
17563
19700
8039
10153
32377
4789
18409
-13518
29513
-20555
-22429
-10459
-1939
13823
-4688
20675
31079
-5331
5465
-19571
-14458
-6486
22707
11481
4081
-8837
25809
-6748
-28841
15591
-14382
-11935
-17436
-30503
-25005
-8132
5095
-26455
-4534
16721
15066
-17400
12164
6372
26859
-3096
21978
5065
10152
-21170
7562
-12924
27073
-23257
15315
-28201
32754
10544
-24890
28087
-28967
6057
21951
6019
-14876
28710
642
-12968
-19682
-25875
22985
23557
14085
11031
-25016
-15525
-30006
-8507
-26660
-3638
-1812
-25940
-11782
6604
30185
-5068
3012
27660
-11198
11848
-10382
19977
-21202
27262
21218
31289
-8048
-23199
-27675
-10184
21053
21713
-7012
31436
-15317
-1081
-15979
5994
12402
12337
-24866
20660
-5532
10490
-29722
10605
-18217
24615
29239
-26584
-30809
31071
-19446
-20504
-24015
-25792
21267
-7333
-15076
-8060
21144
-806
-29048
8181
746
-1531
-11403
25461
-28077
-19675
23584
-21822
-4590
-3054
-3446
4290
-5193
25082
-15528
-29862
-22169
-11969
18316
16730
-14825
2304
10543
-27928
20402
10311
-10396
-8041
20203
-28439
11958
18099
-11172
16115
30933
-24227
20147
-7105
-8222
7856
-19088
25385
1040
-11940
-3122
-16663
10574
28447
5922
10137
-7716
13655
30916
26144
-18114
6286
17812
-14197
23616
5331
-28171
-21444
-31451
-28274
20065
7437
3863
-2839
25404
-1823
16901
-20612
11109
25957
-28999
-1560
816
28273
-18063
5090
27785
-22453
3062
-9440
9348
12259
-15781
-10282
23109
11236
6734
-27617
11360
-11374
18426
523
-16939
23238
14698
-6815
24182
-10085
8099
-14380
17259
-8225
18340
-2159
-27321
-28225
-2995
23323
-20808
-26775
-16665
-7500
-29118
-19171
-3042
-15179
770
8684
-6166
9450
22897
-23448
-15997
-24957
3157
12191
19029
28946
18297
-29000
-15306
-7356
-10378
-22573
-20228
-15146
-10412
1933
31584
-12212
-26941
5843
931
-19965
-16873
16227
20432
1743
-28034
25265
-5465
2284
26228
24644
1121
30372
-22553
-13296
12662
-29327
12077
1484
2140
-5952
-20500
-8216
30951
12631
-10258
-31763
18782
28087
22868
-4515
-2991
31573
17244
5073
25073
13249
9697
-16641
-27376
-32529
-16413
14324
22819
-26527
-19848
-17692
23890
-8186
-27648
22124
-4686
-4637
25037
-26057
19821
23229
9023
32337
-24319
4372
-9810
-11895
1365
-25359
14614
12387
-28262
30155
10710
29070
26566
-17750
-24649
26347
-32686
29737
14579
2638
-32003
-12672
-14824
-23221
18279
20950
-24388
-14241
14356
16965
-6991
-5772
-22224
-4940
-28269
79
-1735
16672
-4816
17545
3312
-15501
31764
-13958
-22123
19032
25006
-25641
21617
-3371
-23532
-19860
28526
21028
-21045
22633
16144
21890
-30440
4248
-532
-1762
-21031
12805
24179
-15828
30068
-19004
4034
27504
4771
-24006
28247
-5112
32642
-30126
2925
-1348
7808
-28384
-16269
-8507
3335
-5404
-30230
-525
3598
-3687
-19540
-6937
-3132
-30866
-10295
-20172
10999
-15955
-27303
-29295
25788
-10935
-28219
17430
7921
-32073
7105
23224
-32191
-5827
21814
11546
-22417
-18375
16391
4574
-23239
8432
-5388
-8315
8607
30002
27311
-9780
32314
-21925
-6422
15947
-28525
30158
31338
4160
22984
-20894
-24398
-24639
28595
1799
-25528
10269
25210
-6521
32678
-22228
1828
27837
-7581
22028
2712
-17439
-16933
-23952
-19079
-4657
-28713
-31934
15528
9635
27242
9953
-5637
13148
7593
-26827
-4289
-18029
22707
17800
-24764
-7129
-26923
13281
-2823
-12594
11970
25305
-15015
28807
25781
14299
21582
-749
32760
27565
586
-21333
26101
-15484
18534
-24788
-24234
27101
14234
9588
-5627
-28447
8732
27379
-19017
2416
151
-27844
-12151
20415
39
28716
-17915
-32757
19037
-22627
15275
-7522
22813
-12949
-16202
19309
1951
-28174
21159
-32242
-24412
-18174
8855
-20644
32557
-23302
24475
1999
-3331
-20688
22207
30947
32429
-6670
-19012
-751
31454
18862
-25679
-15481
-22252
15496
-17280
-14906
-30811
27829
-9058
-31779
15608
-8062
-6482
-32420
-21459
-31178
-24377
-29315
8261
-28494
25810
19836
29422
31498
-19969
-1025
-10510
28898
-23565
-18882
14373
1684
-22578
23480
-29371
-31933
22504
16111
-30089
25007
-28761
7774
-12842
1921
-1611
-29281
-535
5772
9880
18638
12266
31269
-24062
-14175
19985
6522
-2661
-9535
-31419
28586
-10480
-26947
24157
8189
6089
-25341
28679
14908
10558
31681
-17148
19922
-7989
23707
17070
25131
2490
13976
25384
-11311
-21958
-30288
4925
9730
-32194
-950
-26150
22159
22879
-15826
21939
-18589
25709
5368
7124
-18284
14456
-6210
11638
-3133
21792
-25522
3917
10415
29988
-2490
-31207
-8167
-32280
28395
-16234
25737
-32624
-15763
-9137
-78
11235
-26483
16111
20433
-4152
-28983
-3667
-4116
17517
800
12808
-28751
3244
-3613
231
-10962
-10722
-25536
3902
-8137
16898
-28620
-28896
-16449
4601
26465
-29282
2735
7585
14435
-2494
8029
13458
23738
22866
-19000
-13657
30736
8058
19475
30864
-14760
29320
31748
26901
-11657
20093
28869
-5138
11740
13424
-978
-20001
-4907
-27456
-16595
-27502
-28733
-1336
16471
31490
-14491
27383
-2972
-5786
11949
17860
516
20857
-12962
-29718
-13017
7721
-5950
14826
-27594
1375
-13641
7322
9689
21635
14817
-7975
-9018
25561
-32575
-3907
-14097
-290
23823
19289
31381
-27985
29840
12860
32614
-30060
-9115
9711
-18070
10983
-4150
26017
24345
-8211
-19803
-13539
-5224
9799
20167
21681
27132
-936
21633
-18553
28242
-20958
21786
-28662
-12862
-29941
14140
-28598
15690
32044
-2263
-23322
-19919
13707
25756
22357
16541
-4495
32641
16851
2014
-2752
-17570
21
18240
-27438
16672
-28028
-13153
17126
-7390
579
-30390
-28026
21192
22227
20767
6098
9954
-26427
25758
-15603
30100
20432
15905
12344
27723
18029
27308
17125
-11665
922
25398
22809
22830
10838
29798
-28295
-417
29368
-28483
-7652
-8638
-28505
-8681
-11530
11384
-2065
-24252
32271
-25979
-31441
23039
6171
3666
11573
21458
3801
3780
-21215
4915
24089
-32625
-7465
-27663
18541
-32703
-15198
29221
4252
8521
-27285
15057
7520
-2268
25785
-32002
-13337
14375
-29430
4319
15196
-8080
-13395
-29479
18351
-6115
11647
11386
10704
-5627
-32021
5558
-21321
-11021
-28200
-2029
-17138
10773
11548
-11154
31708
-29452
31814
23499
-9784
-8264
-22773
11372
-2632
4786
19941
-27743
-28447
-31179
-1487
-24660
5516
-8092
-11700
30836
5128
-15989
-25661
-30854
-13635
22805
20683
1263
-11931
1916
-20578
31620
27865
-11231
-8023
4705
27948
6473
-1310
-6588
-14792
25966
-30509
-30742
10346
13844
-7761
10396
7532
14289
30802
-23712
1258
-31139
27127
-24079
1102
-3982
-32042
8125
-25109
-23944
-23113
-27246
-21677
-25206
-32757
-17391
7261
-3883
-30450
27629
24671
-1908
-3117
-20577
-13975
-9724
16108
13020
-28931
31875
10085
7468
50
5185
14011
2951
-7078
30469
-10184
-4722
28309
-2978
13705
-28596
15131
547
-15444
22361
12235
-28835
18789
16100
16444
-1067
12651
-23888
12418
-11850
21329
12916
-5109
28673
31166
25673
5328
27730
29776
16902
2276
14669
-12591
-28024
-4148
9932
6476
-15620
-29605
-30107
-11868
24510
10604
6544
-10819
-31284
-28678
-29105
14035
-9944
-24886
-19880
30566
1684
5525
28002
-8669
4609
-11510
8093
6808
-27621
-1208
26631
-21189
19495
13305
2040
-26783
-15988
-18286
-6589
633
17978
11152
-7568
-15972
-2533
-23520
-6006
-770
13038
-22660
-19124
15881
-7643
-10675
19994
13684
10193
-17033
-12477
4422
4221
16636
-22264
-9760
-16863
3629
-30797
-4101
-26211
4780
-26926
-9895
18322
-6679
-137
-13579
-11017
-25550
2494
5971
-6821
-25929
-31195
-32642
32458
-28971
-15068
25793
-18729
9685
-19084
-327
664
-28214
-14735
22006
21745
8206
-26660
-2302
4580
869
24667
-9041
-19377
-9399
-27299
-3572
-29874
-27971
8868
-32521
-7079
32232
2239
29465
-22694
714
-392
-2305
-32697
-24817
28585
-18222
17330
-26192
-3418
15159
-22338
-28274
5646
-1331
-29819
1308
-3952
18077
15934
-3510
5613
-10348
-29985
-13512
-28117
12727
927
8777
-11094
-32197
6950
-18790
-16800
15224
-16950
424
7419
-7692
31257
24113
-23885
-11274
-31935
9355
-16225
15004
-2464
10038
-21575
24256
-23295
7762
-13068
13140
17964
-21252
-16580
14441
17780
-25190
-32144
6088
-18807
-1649
-32297
28027
-16719
28160
-20011
20868
10066
-2299
7307
-24220
-15600
20876
19906
-4469
-31376
32558
-28633
27894
18432
16404
-21076
3437
-3767
23378
-1948
32008
27067
23971
-13660
-6077
29308
-20557
-10527
-7045
13569
-18570
-686
-20318
23327
-30861
-1447
-17622
17080
31098
-12543
1410
-21009
14863
-18025
-14798
23163
32257
-14331
-29495
4253
28759
6724
-10284
-25471
5274
15974
-11728
10144
32580
5664
-6367
-5695
-11812
32195
21061
11674
5309
-17990
6695
-28761
-952
13456
-9467
17906
17797
9785
-14824
-23058
25851
17341
-726
-7387
2846
10695
-27948
-18008
-23734
19614
-27287
14409
21525
20512
-22794
-3052
-19949
13932
32670
22910
8472
-14658
-5000
20234
7555
-23387
28617
-3939
-504
-11412
2063
22050
-18748
-22696
13036
24792
12059
9837
-6970
-24378
-29249
-11485
18921
-19054
-22012
12149
-17681
-22421
-2670
-24049
-15813
-22089
29248
-1554
2380
23681
31978
31313
8238
2696
-9288
15245
9342
-22828
-4747
-15606
26343
29848
-6879
16937
12078
3675
-4473
31234
29818
4973
30298
3408
14876
30302
-13429
26242
-1671
23133
8128
-4082
-664
25155
19706
-32517
22089
-28605
-9846
7684
-30917
20397
27365
23577
16498
27671
6743
-8974
4030
29137
11117
25519
-6037
-28203
20477
18967
14660
6912
-29421
-6754
-15465
-10765
-698
-24365
4252
17993
-18275
26244
-18843
-27727
20975
11293
-29267
29109
-9553
5382
26775
12180
10774
15378
-21071
-535
-27369
27990
-3915
-27408
-30932
5629
32540
-2585
5190
3089
-10465
8548
13557
24070
-11519
17548
13539
-26980
-29302
18018
-27544
26673
-4337
-30168
-26016
-19559
-9310
3642
13911
32748
10732
13960
-28217
-14410
12618
22665
-1698
9914
-20108
-11065
-8667
-432
10488
-4552
-10531
2066
-19319
26570
-20446
13509
-1356
-32097
-24748
3959
19003
9759
14122
-20000
-31050
-9344
26722
29337
5577
17684
-12514
-22901
-9083
-15707
-12342
17455
-9823
6335
-23794
7687
-6359
-23499
18319
-5195
16106
-32482
15539
1960
-27800
-2895
14108
32586
-6041
-32462
15078
8243
32713
15347
9008
-21536
-8982
-15379
6292
8351
-1545
18413
-7755
11312
6205
19504
14062
-12241
-22127
-21104
18398
23421
277
-23513
-14872
22059
-2526
-15806
-23928
-19102
-1221
-29700
-32415
-29810
27639
22752
14959
-3807
-10223
12035
25837
6549
8200
-18917
4304
-22169
19714
-13150
3437
-6612
-4613
-24867
-21737
-15405
12050
29300
18693
6924
-12098
-22730
15748
2999
-7156
-8142
-11840
9684
-28984
7207
-2587
18771
-18943
-20536
7388
7883
-15713
-10092
-1818
5054
-2299
28639
-15775
2494
7537
-594
22647
7438
28726
-32079
-19753
6830
-28150
5694
-32635
23433
-9078
10030
-28714
18595
29452
366
8849
21130
-5859
20292
-16996
-21886
-24354
-17154
-32761
-25415
-7147
922
18000
-2227
8298
31828
25799
-13424
-23074
-30190
19495
6386
-14543
3043
25830
21840
-6666
5113
32251
4939
-28249
-3626
-31340
-6856
28057
3846
19553
-25784
-446
3642
-32700
-9063
-26361
24533
24644
9185
22913
-11202
-31777
17265
-10817
145
-19353
21777
-31752
-29797
-22172
-3563
-23394
7590
-29717
9341
2670
4924
23964
22424
-10829
-18429
10305
9297
8627
-14020
-31478
-26489
9024
-15161
-81
-21406
4016
6931
27351
-2075
15700
-31877
-1762
-2522
-4655
7453
-31672
130
12995
15157
30226
419
-4331
9320
-25436
-18950
14596
19649
-12050
6750
-17606
-16314
-11823
-2778
-10861
16012
22819
-655
-15310
-31124
8076
29433
17444
11269
1679
4701
-17141
13632
11100
-325
-23808
-9415
15639
-1181
30408
25596
27592
-6705
23689
1046
-16261
27301
15138
-26653
31063
-20359
27193
-27728
-9688
-4674
11545
-5640
-17906
936
-20869
12144
25052
-22786
28496
-30813
-11620
21318
-14287
-29945
-14728
4432
20612
-21799
-826
-29333
-8503
2992
1624
6988
-8268
20041
-27319
-27657
9860
7649
-7979
-21227
-13767
13722
-27662
4443
25669
-15925
26337
10826
11944
-23409
19847
-17733
-17048
-1816
20362
10983
16074
-19372
-18516
24649
-14967
15724
32700
8744
-28728
16376
-7491
-14094
-15476
-30866
2836
28973
-30567
-7958
19323
17245
-162
-15806
32411
-5011
7704
-5560
-11697
-14096
32069
22965
32245
-25635
-24681
-11823
-11860
-342
22674
-8283
-1619
21054
-16315
25350
-18279
-32498
19833
-2728
-5842
-7721
-4862
-5270
21792
11618
-10311
25360
-7835
-29127
17239
-20697
-10449
-25299
28438
27301
30543
-10293
17411
-3500
-29595
-21586
17075
8358
28945
20673
-5872
-25401
-11438
-4404
1917
14286
25519
-32580
3623
-10824
-16057
-21997
-32296
-11934
3269
18202
814
-12205
6959
11849
32541
27999
-10194
23194
-25449
26164
-21122
25734
-14742
-2752
-9048
-11872
-4320
-9945
27794
-14960
-12994
-11203
26360
-3884
-28772
-30915
-28998
1473
-23290
-6182
22852
-9426
26295
-25496
-18867
-26040
5618
30378
-32021
10927
17711
7186
5122
-15251
11106
-16758
24058
21985
21723
-5786
6173
-1987
-23279
-521
2481
4018
-11886
-29663
31866
28140
-20425
31408
-21887
-15946
14934
11394
6596
-2790
17951
24091
-5449
-12711
-3390
-16276
-25252
-27817
19821
2782
12423
-4686
22549
30528
31052
-29936
-2137
3172
-27824
10074
32655
-7033
13706
-6558
2652
32471
-18415
-4484
31372
29317
22751
28298
-2377
-23457
-11117
-8285
-22385
25168
9115
-21018
27616
11319
-12376
-11745
-4984
-8910
5774
19748
-11500
-7839
29720
-29510
13779
-11066
27254
2035
-7893
-25452
17287
-2192
20107
-13692
-18312
20597
-12235
-3383
7170
-25629
-28562
11411
-5942
-8349
-22857
-12263
7726
-20019
8519
4249
11380
3503
15114
9502
32682
-12694
520
-18855
-10965
-28294
-28018
-15892
5662
26419
-12573
30784
4786
21201
-22393
15604
28550
8454
-2804
25505
-6122
30430
23438
-23404
288
26568
-14309
-6487
22403
-10267
-1199
4237
20826
-11029
10598
-18397
27357
-19182
27188
32686
-5748
29663
17351
-493
-23935
12248
25570
19427
4935
2905
-25177
20610
-26483
27109
-12074
-18677
9017
-1978
10464
-28889
-18258
6636
-16537
-28570
-19449
-16949
27635
-9911
-22761
28068
8492
26316
13518
-8094
30966
9846
13282
-22291
1733
-3823
23693
32338
7917
-1804
-10922
-28693
16383
6985
17039
-1141
-22219
30294
13372
-14442
-32480
-5002
-14269
11017
15017
-9875
-14316
24204
-3844
369
20580
5006
10704
-25361
17059
15165
-4677
-21900
16016
-7768
26556
-32655
12747
2900
1587
-263
2058
28914
-3745
-8869
-8366
-15153
19553
-10957
26578
22829
2741
-11595
31889
17852
-17877
-18423
25423
568
-16509
28433
3183
-19247
21334
-23641
-22044
-9444
24269
16261
-29016
19271
576
-6497
4291
-21126
-9915
30504
3283
11934
-8124
27545
-24861
25434
2285
24304
-1696
-15166
-16605
25730
-4774
-15561
-14863
-24458
7255
-16940
27149
21173
-24637
-32151
-20472
32075
-7364
14042
-24018
-13072
27361
21031
6067
28890
21869
16312
25989
15259
3468
30870
5665
-11608
-23066
-18315
-16052
22952
-2825
-15330
23457
-16516
27518
-25793
16022
25617
20771
13251
-15811
7435
-5778
-25272
10627
10481
-321
-14510
17416
-26365
-6945
4178
1337
-6653
18370
-3486
-960
17490
-3975
-23001
16031
24243
-24281
5879
5435
8543
-1457
32149
1460
27985
-8670
-18235
18685
-12084
-9764
29214
22166
5841
-19340
-22185
30478
19420
10068
18066
-30453
-13913
-22102
25745
17957
5068
-8078
4329
-26346
22820
13685
-4562
-14504
-175
8894
13512
8366
-7149
20616
19223
-2716
6604
16969
-2212
19702
-3755
2053
5449
-17991
6533
3234
-20917
14157
-17036
8861
-10829
-18027
11863
-6096
3322
-32205
-25358
-23628
18406
-4341
15538
-30952
-17905
29010
-4050
26964
18533
-19173
8027
25096
-9054
3921
-3913
18745
14980
-18611
260
26411
-17808
-19697
1230
24247
-29690
-23774
19348
-2610
-25662
24477
-21353
-12791
8204
-13213
28019
21890
6629
-2427
-17408
-9695
-25643
19045
12939
2008
-31155
-17032
10079
9691
6644
-17986
28968
-14520
-21608
-20630
24524
-16632
-14268
20284
-10989
-24820
13066
8529
24060
1
-29340
-10413
-21163
-7355
31671
16357
24849
18171
26097
-1598
7182
-1153
2925
-27052
-8372
-32349
-2567
-82
-26110
-11469
-11097
-27539
-25316
-20506
29157
28387
-19853
-16048
2532
30848
6376
31315
-19930
-11219
-13820
235
-23907
29958
-4902
2686
32103
27956
29
-30412
-13775
-19500
29013
-30914
25332
30895
-19776
29237
-26937
27692
-25700
32402
7204
27217
-21611
-5818
-4743
3494
30875
-23939
11636
9911
-14518
-838
-25150
11821
20052
-12796
-5728
-1530
21879
-11525
-15858
8463
-20920
22157
-9316
15633
750
-29938
12279
21996
-842
11226
-11832
-17292
-14724
10794
11941
-30967
-23058
-901
-27874
7748
3297
-14268
-17263
-8975
29194
6154
13583
22535
-5119
-6200
26657
-29710
12031
-19890
-23205
12973
-15404
30226
-374
31238
29957
-25070
30660
-22553
5578
29672
3047
-16879
-5495
11697
-24244
-11805
-24621
16918
-13539
10472
12349
31153
-6517
-19972
24061
17602
-22165
14287
-28667
-2626
20749
-14693
22129
6246
-24199
-19043
23244
-10041
-9887
-27187
2226
-8373
26514
-2385
10454
11724
-21385
-17701
32486
-30787
2240
-12259
-8712
23845
19019
-26649
-2326
4650
-2729
22027
16729
32590
-12395
31242
-11270
-2433
-13355
-22617
-25745
26846
-31486
18146
-26323
24238
-11602
-30426
-21872
-25107
22111
-29343
4086
-1665
9986
22189
-1292
-17472
6933
9622
9016
8570
27210
22904
-30414
-12263
6200
-4563
-25062
-14359
-24475
-10317
2915
-3533
13885
-18565
-18789
21079
-15896
-10797
30
844
-17141
32445
6946
-26347
31003
10192
-28618
29466
21281
-5014
-236
18426
-30977
-25948
14146
20368
-1204
-8534
-31394
306
-13307
-30641
-30866
-20748
-4610
-31413
21557
-1494
-16434
30798
-10632
-30063
-26198
-9671
2117
16923
6981
-31457
25015
1439
-17414
28537
6191
30888
18236
710
-13147
-21136
31480
-15591
-18779
-2381
-15849
31421
-6074
-20866
-31689
-23180
29135
29274
-15376
12434
-24095
-3142
-20933
23706
-17127
2710
18058
-31389
6313
-3675
-3444
3729
-7528
26347
8591
10688
16603
16205
-7181
26244
18986
-11331
-22226
-27521
-17994
23226
-29343
-28481
-18684
-9031
24931
-1283
-31239
12041
29421
21324
3339
-26895
-5398
-183
3893
3571
19871
-55
-18766
-565
1547
-31638
-3807
-18219
-3893
-10010
-24060
-2374
14192
-10690
2750
31803
-28070
8356
-28380
-5913
-1011
5425
18641
28664
32000
-29766
-20762
24969
-27751
-20527
-25297
-3403
-4174
-15967
-4110
-18784
-20025
8477
7097
-8182
859
10825
-6068
16366
14947
26711
-24090
16663
-12946
10584
-6152
17333
17288
14060
-26478
4858
17841
606
-6095
1517
26837
-31967
-13749
30801
-27615
-26091
28674
-24055
29
15574
-12007
6155
-4104
208
318
-32544
-10928
-29459
23041
29176
-8205
5182
9431
8688
26490
-11519
-20994
26427
19290
3185
-21542
13771
28568
29645
-32047
-12155
-31328
26795
28402
-17212
27141
15093
-27703
15304
-10144
-949
16996
-15946
11915
3879
-16280
-675
-30100
-277
-3409
17804
4337
-3948
20371
6488
20164
-31533
-5916
-27883
-18554
1934
-4517
15955
-4933
-22519
23508
5811
-17833
18650
-21144
13638
21790
-25106
25413
20550
-7993
28266
-14692
19960
-21699
26974
24114
-24842
9148
27605
-15851
26039
-16312
-1655
20787
-2585
-26212
-15013
31924
-31588
10444
17266
6613
-28216
-16076
14777
4910
-10985
-6124
-21591
8356
-14054
12326
25047
19675
21454
15586
21917
6682
24339
-4213
13843
19413
17739
-25803
6476
-15313
21483
20791
4414
2153
15638
22721
27679
-25474
30581
-560
11367
31950
6414
-2969
-27358
-13766
-1277
-23702
-4782
3840
-3511
3659
950
-24334
-7534
-3237
17082
-23258
-14350
-9187
23163
-23381
-11290
7939
24910
23401
30967
14611
-24031
9244
20652
-31058
17947
-26879
-19378
8961
-1153
12618
31890
-2040
28117
-18546
5932
147
28792
-5134
-28519
4959
8530
11937
-11243
-5307
9500
-20845
-9858
19543
664
-24456
-31224
-16767
-16776
-14999
-20233
-32250
-6645
-27658
-22712
-21026
-25253
28137
28570
5035
-11296
-5906
21982
2008
-1416
30257
7927
-17984
-354
-4686
-3439
-799
17541
30767
-26827
-18706
-27854
20780
14197
31565
7604
29559
23331
-8516
6672
-26186
25376
5105
-15276
-8716
-6464
-22366
3144
4556
-16981
23318
5580
-31283
27835
24946
29392
32696
8694
-18440
21332
-13554
7659
8554
-14447
14157
10441
9561
-28693
27090
-443
-16410
-23728
-32039
-9989
4557
14272
-7680
6502
3249
3268
5581
31025
-22615
-14290
25139
-19902
-2942
6147
20241
-20399
8647
-10311
-32091
1872
17528
-14456
8575
14414
24132
-28002
3014
31642
19813
-24454
-3207
7818
-8709
19068
4647
-6605
-9634
-11837
-13312
9259
-27668
11266
11914
-28642
-6289
13556
-21552
8372
-13804
29323
32752
-1979
-7582
12953
3196
4931
-19310
27898
9938
18706
-25881
24972
17979
-14632
23282
-24848
10772
6475
-32588
7482
-31307
16476
10665
512
8531
26774
-5392
31392
15080
-9550
-19330
-20365
11750
-31549
-11005
5141
677
-28386
-1042
-15111
5105
19449
-13052
-20002
-25573
-24314
-907
-10082
13388
-8678
-11505
16136
20160
-12321
27855
-20581
-15056
8272
32354
-10185
-15362
5516
9592
-11966
10967
24888
24945
-21045
-17569
-13847
7076
8080
-1819
-21175
4423
17767
30641
3200
-980
17249
-3247
1883
8169
-26856
659
-17900
14401
22778
4469
-19119
18365
9182
-22013
10772
28540
-30457
-29919
-11184
3628
10561
-2246
-9988
-12933
-14881
17581
-14155
-23465
18395
-30094
-198
-18975
21885
-4352
-23740
-8158
-3067
-21101
-5698
11491
-24375
-17861
-15594
17631
23965
-32155
20581
-30337
8737
-24478
11488
16944
-24832
26029
-18997
-9024
20836
-240
-22041
16712
26990
-12855
-25480
26777
-25084
-21885
21211
31349
21199
-19291
-17277
31878
-2217
22389
-24117
-22245
1036
8193
13614
-24936
32123
-29540
-9129
14365
-622
-12146
-18778
23514
-19253
-27656
-14387
25698
-31091
-22393
11614
-24002
-23237
740
-29285
-30994
-18393
15065
-8064
19184
-1059
20619
18537
18804
-24876
-32640
28915
-9531
-14786
-30372
-28566
-9339
22846
-5326
-28021
29213
-22264
7458
-17200
3707
-7593
-30341
-27242
4365
25865
8632
-9016
-14822
-15345
-29795
8330
-7906
14009
21761
-27379
-25398
-6595
-17209
14439
-31239
-20550
-26551
-10780
22263
-17266
32600
13773
13231
25839
10818
13691
22839
-2764
4394
20287
-3312
-18766
20965
19366
27100
-3060
-12461
25417
-26861
-14624
-13340
-12951
-19954
2156
24220
12673
-2493
23290
20752
5558
25761
30195
7777
-20777
5114
-20996
11716
-10277
-19285
16801
1825
13810
9287
-1839
-21792
16413
25366
-11861
31092
31676
-31870
19500
-26323
7744
-31475
-12131
-9940
20976
22679
-23321
-20477
-23782
-13155
15408
861
-2951
-31387
-26610
30689
-21832
-640
5906
-6501
19209
4332
-19472
1713
-904
7751
-16081
-19151
-26487
-4027
-6116
24526
-7941
13791
-273
4088
10610
-13120
-11573
-26377
-11537
1394
-12675
-16145
17287
-16487
-7767
-23049
25886
12517
28293
30774
-5207
-25113
-9089
5526
-17392
-3624
21979
27923
-17455
23194
-25817
14932
2690
19665
-10058
6348
-25026
8207
12506
-26577
15179
-29068
17819
-6670
28836
-25843
26519
24025
-2691
-9124
-23564
-14723
31362
18305
6368
15278
9560
-8567
14065
30244
-5960
-3117
-12553
-28225
-16761
4880
5991
-18115
-3724
-5066
7408
-13165
-12132
-30828
30488
-30190
30697
28425
14177
3487
-19314
-31511
22629
14926
10290
12791
-2101
-20857
12328
-3115
-19814
9749
-23601
10475
-3258
18874
-4022
9695
6448
4183
19529
2706
-15921
23152
12415
18108
2834
30372
24130
-30708
32526
31737
18005
382
-16680
18115
-14178
-8682
31137
11730
29772
26365
-25775
-15625
29021
23445
3910
-19903
18688
-23011
13165
-27773
-22311
7430
21325
29753
14362
-8143
-31652
31290
25849
-9606
6851
10087
-3238
-18696
4964
-31939
-14133
22849
30157
17029
-2731
-30774
-4386
4802
-16771
-13799
-12407
17526
21188
-25810
-23819
-2053
-7961
-26329
16653
8454
-14099
-8616
14652
4828
19009
-22202
28603
13300
-22221
-12140
10567
-17120
28328
-21574
-12546
32708
1660
28292
1826
26628
-27726
12020
-12892
27515
14469
-13525
-2452
-751
30924
15701
-6501
31259
-14452
-11392
-24874
12283
-28645
5867
-24665
30455
26344
7777
2679
17776
-25197
-7965
-25011
26890
19615
-22751
-32677
-10954
8978
12935
15121
-35
20324
15703
-4032
-1045
12145
-17843
-28369
-24952
19355
-26321
-26550
7918
20759
27000
-25046
5021
29572
-10539
13681
-17177
26263
-23926
12738
-27721
30704
3749
30616
-19576
25505
12549
10176
-25843
25136
-3897
29773
10438
-7448
6447
-17916
13871
-15209
8402
12351
-28967
-17291
15138
-9640
-11289
13403
12589
-30997
-20297
-17136
17985
-4020
-12717
-18846
5127
-27791
-1594
11256
7046
23967
-2334
30156
-977
-15957
15626
32190
-32006
8819
-17729
-4986
2340
10584
20354
3342
6903
16638
-14456
23716
8433
6036
-1159
7093
10907
-9428
7638
15838
21507
24183
21567
-18859
-25456
19193
-24494
-30913
27090
-6404
-20268
-25696
-7188
30689
4913
-29706
15618
-8166
13058
25504
-15283
-20598
21949
-18979
1578
-30236
20943
-15568
22667
22859
19554
24069
26518
-2286
-8813
22217
21576
-2086
20058
-4153
20711
10494
19212
32656
7034
11056
-1739
-29855
-6183
-32245
27938
-1812
-24294
-5920
-7305
2074
14446
10062
17469
3717
-29184
-5842
15371
-3340
-10400
27373
8492
-14606
12146
19578
20473
505
26931
32551
-18052
14046
22777
-23543
-11361
-9429
19689
-25572
25332
6756
26593
-21315
9505
5253
-29648
4483
-15603
10269
27288
-12353
-20764
-11655
-21890
-8648
-27826
-6772
11796
-11790
24944
15615
1772
17085
-10620
-11227
13031
12085
25629
28575
-25506
7946
-23506
9865
-19160
-31681
-563
19068
-31303
6037
26934
8187
-12494
18322
-16534
26380
-22409
174
-5276
-31722
30810
-22368
-903
32468
-10941
-29183
11262
18089
-7341
14502
-19326
10936
14711
-1332
17296
16273
-23737
-706
-7255
8391
-7306
-21096
8078
-7412
6500
17717
2351
-30600
-15918
-27501
-20492
14078
-12977
-30791
14276
3778
-25734
32357
-10410
-4081
27663
-9290
-15660
