7411
20242
31376
1800
-8435
-17692
7804
14334
-25546
-10382
-7361
-27658
-23801
-24793
-21979
-29882
-27603
455
15332
-28353
24655
1602
-17523
1962
-23482
-32502
22837
11182
-28851
-19682
-31396
13081
-19153
-24581
-13282
30505
-31836
25159
-18240
22637
12021
12184
17975
-25754
17617
-5324
3142
-717
-8689
-20685
7364
-9436
-30587
17456
-1773
-2138
23731
-27780
5404
4602
-22182
-195
-31057
-18486
-31586
16951
5229
13757
15290
28057
17431
-11230
-26230
12748
21239
9361
32135
-22835
25014
14710
8993
2908
-16949
19504
-15215
311
22193
-20865
-3910
22212
-14366
-1167
-12869
-18511
709
25104
-22811
11794
9041
-27716
-23928
-9738
12041
6256
-25362
18018
18963
-8413
25598
9575
-11785
-22495
-3392
25012
-6762
9526
-15636
16713
-2143
-11640
-23856
-28044
-19974
-9953
21649
-12424
15276
-2421
