-12204
-28011
-28441
-31811
22039
4838
-21221
16967
18734
-19079
4989
-25663
-8547
18692
-22943
31687
17838
-23599
-20368
-8590
-10763
26257
-20458
-30921
-31357
-19631
6539
25180
8590
2619
-17504
-2861
22650
1169
26908
-16794
21816
15396
10658
-14622
23781
-12357
15326
-32013
2772
-30101
32253
25409
30128
835
-22897
26553
7607
-24141
-26291
-17925
19660
-982
-16928
-20687
21855
-16911
-31871
-6934
-13182
-24832
29763
-30255
9512
4463
4171
20850
-11836
26159
-20845
-15867
12300
-25463
21890
9333
-11913
-176
-29510
27598
-21379
-448
-16589
-26478
4689
18377
-21422
-8213
-7686
-11519
20564
-16599
-3606
32018
-27486
-23946
-32514
-3705
-23073
19292
-19368
28834
-12806
32542
31575
12237
26181
26289
10224
-7107
14747
11209
-12579
-6410
3920
-23720
13077
23927
-10555
-3427
-16666
6219
27678
7085
-1321
31367
32300
-1437
4017
-23372
-23055
-22961
7494
-28347
26285
-5105
32131
-6292
-13708
-27595
28467
-6492
-14938
2271
24254
26411
26369
-27396
-25127
8834
-24420
23806
-2894
7282
-11742
19804
30687
20282
23783
7802
-24020
-15720
25026
-19187
28825
-19690
-23452
-3029
17769
-21145
-26136
-26284
25397
21902
-18967
2536
-32669
-8343
18989
-10651
-20206
-6364
-20904
10791
-21648
-1534
9249
-9149
-32049
-5692
-13269
4023
10388
19565
-22514
-24123
26822
450
28454
12930
11818
-32127
8775
26177
29270
-19096
-23488
5668
-13788
26051
30831
17354
-16414
27290
19663
8448
21644
18423
4412
4517
-21044
-8030
-25255
30078
-11577
-18005
9516
3753
-18290
-14394
15938
-27325
6955
-837
-7617
-2764
8176
31053
-6517
-27902
-8192
31353
-16250
11465
24510
-18429
10622
4558
-21063
-3233
-448
24910
8900
6075
-11741
-32256
9329
24719
17084
22446
-21978
32352
-14211
30415
-25273
19614
-20808
-7751
-25277
2426
-32109
18235
7254
-30902
-2185
-2530
-21334
16500
4494
31533
-10026
1275
-31428
23872
-16588
3377
16030
20605
14019
-16295
27320
-8579
-29224
-9208
5175
23435
4335
-8913
-2352
-30851
-14272
18573
-5676
-5889
-2230
16721
25747
15240
-22610
-7025
2891
16011
-11521
-31177
-27166
18311
-3120
-18862
3216
18740
-25516
-4112
-8375
10316
21969
2126
2321
-23374
-12509
5795
-25239
28041
31728
-20045
5110
28379
30791
-1961
27150
-4398
-26687
-17741
27979
29163
-10054
-28275
-1025
-10524
8620
-7376
-19456
-30034
7082
-13882
8019
-3674
-1814
-6034
25867
-8765
32583
-3561
18889
11638
-15219
-8658
-22527
-30304
-15520
3599
32246
21980
-23714
15200
9017
-8124
-8127
10477
9676
-17871
10176
-11159
-20172
-10084
16122
19615
3225
22118
9956
10022
-31161
14002
12740
27854
27885
-10742
-2601
-27076
-6873
25763
-19658
-18869
23788
-2589
-28418
6961
9194
31479
-22364
-3389
17309
-5226
30133
32411
30307
-7098
12813
1907
19860
-5173
31532
-7672
23436
-23691
403
9828
2566
-4705
-16117
-30008
-17678
30598
16706
4345
13848
19018
26812
-10118
16194
-13783
-31551
-27574
27511
-13276
-16156
4066
-25394
17736
-24598
10241
-17735
14012
12766
4935
-28547
-808
-19012
19358
14740
-9614
-21166
29847
9554
20279
-24587
4344
7332
-21998
-21562
-4954
6279
-14803
19639
12699
-18796
-4540
2561
-27900
-20532
-32166
3926
-21201
-10450
7645
19170
15750
10345
-32192
-17995
-18756
-8684
-2474
-19122
-30796
1807
13406
10457
-20329
-23347
26682
-15674
5821
-28893
12847
269
-2892
3035
29038
-23575
-29519
-30264
13144
-32448
22849
-18525
21967
-17833
-6051
-16843
-2191
-7817
26327
-910
-21369
-21927
13489
15762
5750
-7663
32345
5244
-156
8213
-28933
10683
4372
20415
6263
-4221
-4900
16492
-31241
-20532
-32208
30148
-26087
25596
-9260
16951
7684
-23943
28216
29154
-32317
5941
3776
-14968
2978
9711
-27837
-16417
14784
5324
-6102
-8771
-747
11209
23198
17155
9771
-27497
22395
32632
15
-13542
-13509
-15443
1961
-10093
-25194
1579
-26076
-31790
-30842
8269
-6552
-3774
-15755
-26932
31101
13321
31146
-5478
-27059
-1326
-20684
16300
9471
13670
30626
10182
-3444
11406
17651
30631
-1826
16331
22636
14126
32482
8938
-9618
357
-15847
-5726
5892
31159
10327
7105
21960
15203
11440
-10538
-3089
22183
10755
-28377
15513
-9321
-10055
21416
18456
17640
-22739
-14473
13300
16464
10179
-7326
1475
25371
2725
25538
-4647
12568
13729
-3974
-8808
-6697
1334
-29491
3154
29723
-23751
22312
21706
1255
14625
10400
12244
10999
32734
-25148
25870
-28687
16349
8024
10828
17941
-19128
-11859
-24164
4870
-3747
-16064
-1280
-30856
-30291
-30251
14120
31146
759
2093
-30493
-6951
24334
4327
-25327
-29430
20620
24529
4879
11805
26963
25378
30627
31703
-6554
14353
-7113
18227
26189
16135
-4096
3693
-26392
27683
-1847
12635
2554
-5507
9078
16926
7988
28515
-16620
6831
-4483
-17778
-30553
3303
5107
7684
-21137
-5820
-17567
9710
32110
21562
-13363
-3264
-6876
-17164
8764
987
-25993
23955
-19842
6187
22126
-9459
-14770
-19147
20964
-7829
5337
9396
-30723
-20202
-26796
-30334
6788
30899
20067
-26183
1697
-16217
-26283
28614
31287
-6654
13666
14402
-25121
30417
-16389
337
-31728
-19363
5206
-2092
-27114
-3201
12849
-7670
32148
-31591
24630
3116
27108
-9253
20515
-7972
-4377
-11869
-7761
-1673
-19887
-32464
30835
-8767
19759
-6393
26618
-16983
26841
20696
-15159
-21197
-29076
17271
-15064
-22156
-23097
8385
-17141
-4576
-32731
18273
-5353
-350
2718
5523
-5761
-1997
10482
28416
-7230
-22933
31942
1505
-603
-5055
-43
20334
8211
-16181
-29115
-30732
-23966
29008
29242
-14452
-11315
-4181
17433
790
21935
32543
17779
32114
-4199
-13609
27450
-16967
-27732
-26941
-8687
29190
-12749
22699
-273
6948
-13039
9528
19807
-19096
-17700
15161
-10886
-10357
25372
-4858
-8641
7739
-22278
-24180
26416
-1178
348
22647
1684
-6729
-11609
12610
-16392
15043
-18168
32561
6917
2805
9622
17350
14132
28950
28591
-10580
98
-15723
-11358
-18678
-5809
-22897
17173
-24134
-25536
6858
14216
30713
-8096
-7269
-3866
-29691
-8834
25632
7472
-17429
32105
19877
3982
-8934
-1482
-30765
-9348
10214
22415
2014
-10330
22600
-4335
28123
25717
8943
-6958
-1082
-24859
-20671
22918
6613
-7948
20744
-22097
-9171
19211
22264
-6934
-31187
1925
25191
-30000
-20383
5379
-3238
-32687
11614
-1522
6217
4162
-4636
11178
842
30018
-4623
23025
-17029
-31959
3816
-18023
27270
-7796
-29516
17083
-26961
-16056
-3505
-29922
24686
17444
29104
19244
-19309
-7512
16735
9859
-8
-19945
-28483
29482
24854
4763
-1370
-2005
-11154
-22644
-27861
-26779
3581
-16907
-28302
20321
-24993
-24180
-14199
14564
2001
-10554
9538
-15980
17579
18992
7702
-15630
-31590
-8127
-10556
11451
-23458
31286
-28934
24987
-6691
9751
12464
2078
8371
-21918
7976
-12227
-5919
-18607
348
-31499
-22917
17719
28872
-19642
-23941
12799
-1703
-6395
-9110
-2047
-19263
13249
28762
24910
-9867
4900
-16050
5956
-22458
2563
3533
-15471
-14945
-22059
29495
-7192
15606
-30608
-630
15011
-20164
18311
-11443
32115
5221
-4791
-29036
15090
2537
-3555
8723
-25390
13604
3005
-22349
8685
-17139
-28213
-5521
1520
-31473
15188
2285
-6890
15933
6747
2360
28563
4901
-18323
1531
8398
1162
497
-26127
22683
-19400
-31548
14352
12381
17
7520
11527
-11803
30549
-7491
-9812
6120
-5745
21644
-10074
-31635
6732
25607
23532
15880
3914
22291
-20861
-6066
897
-21125
-2416
-32027
7296
24244
19270
9707
-4541
-20797
5602
19377
7479
31815
-4018
-27652
-4066
-31122
17688
1557
-10674
-31944
18887
12543
10970
-15004
-9152
-29836
-23904
12950
17507
24681
12340
-21369
-32307
-22241
-3245
-1429
3191
-1645
16857
-28046
18848
-30158
-25695
7240
26876
7151
-1461
1404
-1164
25022
3248
-1243
-19744
6664
-5761
19932
18759
24150
2679
-19958
-10524
27540
-26524
19810
-13374
-27
15066
-12981
8805
13230
-23830
-5065
-16339
-26555
29063
9764
-21635
-5057
-32129
-1362
-31979
-24403
23239
-6690
30941
14970
-16741
-11522
24625
3505
-27675
23246
-8427
-23146
-29326
-18115
-4418
32252
-8385
20093
-8754
28628
3777
-21629
31198
-24422
2024
1142
-21629
30663
-22345
-6192
-12126
-7619
-1489
22100
31919
32185
-485
-913
14382
-14264
-4167
22660
14752
-13626
518
-20563
15078
-17707
-31820
15201
-26325
-7977
17392
21955
28681
-12776
-12940
29548
-27023
1572
32289
17958
13425
-12821
-2573
-6950
-32163
31445
-30488
23904
-24087
10050
-27192
3699
17445
-31994
-11193
-21448
13270
23672
5200
-29901
7990
21909
-20889
-17337
-6537
-29898
-22275
28561
146
-31344
8262
20315
24794
10247
30002
20882
-9132
-154
30778
9109
22871
9689
-30386
12437
11477
-28545
25663
29890
-20285
-10098
-32164
-26209
-16775
18532
-17882
11972
7479
6179
8259
-20777
-14118
-25359
-30267
-21161
19879
-6804
30153
28996
-25374
2591
29004
22183
8194
11040
19866
13177
27066
18305
-31184
-18575
29057
-28360
-7456
-6183
26633
30379
24411
-21885
-29645
32177
1185
-21391
1437
26209
30735
-5581
-11721
-17593
-6646
30209
-8960
-10723
-21587
18667
-15924
11148
29680
-8796
13778
16241
-29610
-13211
9556
2676
-18155
32675
32394
-32647
17124
12837
-30536
27443
14787
-12898
-22528
22227
-16108
28116
-13930
5733
19874
14722
-16840
17824
-3629
-17544
-7505
-29797
-23176
6083
-29981
-29985
14490
-12529
10202
32735
-10147
-7901
4031
21169
-5820
6399
-2479
-7300
31747
17269
14093
25734
-18261
-16287
-493
24523
21360
-27802
1625
16340
-224
13455
20577
-14560
-30236
-16633
2136
-31158
-555
29002
31353
17616
-22889
5517
-24055
-16675
6317
-5209
23042
31760
9061
-10132
28911
-6517
-27214
19155
-12876
23025
19493
-30936
4634
-29292
-25447
-25129
277
-6494
20713
-22322
1363
16014
3233
18736
-20089
11008
27917
19443
-610
-11243
30736
-8116
-18942
32564
-11787
10032
-32368
-15182
-1948
-32616
-10504
-14184
-1178
-6743
-305
15668
1001
-25242
-13607
-192
-3101
-31265
-31863
31785
6655
12376
-21563
29324
-25018
12180
-2030
30316
2142
1412
-14447
-16079
10261
510
28426
-17252
9152
4724
19268
13330
3226
4520
19310
9012
-32744
-18183
-11785
29634
1522
-15432
12839
-30719
-30627
-10200
-12561
-32395
-14030
6814
6734
-17561
27948
-26535
-3027
1674
-24061
31388
-2750
3384
-19787
-22178
14987
-12596
-4959
24899
-3791
17498
-21941
22577
9947
7009
9703
-18917
-7453
-18958
3852
9824
-17454
13699
-20004
4339
29881
20772
-12135
-17660
19923
3151
-7415
-19215
-28795
-19579
-6094
669
13478
15874
10244
29716
-25557
7861
-12970
18972
8495
-18261
29331
9944
20271
-13448
3117
-3693
30257
-25680
-14496
26482
18658
-12255
9883
-21892
-10886
-9513
8578
20327
-22522
31016
-20935
-19460
21946
-30012
28942
2885
8416
-26979
-20433
-3559
-2020
10394
-19347
-23506
15381
-8963
24460
-19440
-5144
32711
-26100
-15752
32297
-10362
-5187
2432
8206
28000
-7668
-1294
-13490
5789
-12499
-18170
-25057
9181
-32678
3074
-17931
4105
20370
12870
-17271
-25996
18603
-4482
-26245
-6843
14723
6121
25094
14506
-4694
13863
30798
-26990
-12146
31666
6165
-1988
-26300
-22921
-13306
32330
21543
15078
-2282
-27868
32036
10287
25277
-11575
-20534
28487
27658
12437
-25292
-8107
32320
-12244
7974
-19699
-12107
30005
29090
-2096
-29812
-12896
-12691
23811
-31794
-4244
19648
26094
-27482
29015
8600
-9836
7821
30712
4084
31445
950
2720
12066
20833
11785
8005
-4288
-11741
6356
-14615
15808
-337
-2998
-17281
-5997
6919
29495
-20845
-13335
28111
-5267
-30794
-18629
8307
22460
-29078
10453
-9298
9851
-19202
5200
-20547
-31794
3157
14295
-29769
-7041
13520
24010
-8907
27569
-17489
31760
-32
-24242
20940
-14552
-12172
20958
13534
2340
22553
18714
22096
19628
-4344
-2873
-21823
-18780
23061
-12378
-2907
-22673
-32578
7013
-441
15999
-24581
20010
25248
-22213
10085
3523
24684
25759
-31468
680
-11353
18556
5334
-20461
-7224
27048
21866
-10674
-24007
7604
6937
-11034
-26123
-30254
-28883
-18720
-18748
4133
1024
-7884
22707
-30345
-19155
5177
-19640
-23342
20672
-27660
17495
-12531
16042
-26119
7957
10971
-4815
3511
10246
30826
-21496
-16029
-22556
-9107
6199
-16294
8096
-30523
15315
23127
-6170
-16677
5765
15226
-21796
17548
-9711
-20510
26374
-25653
29612
-1996
25985
-14148
8207
13767
25259
-20519
-27470
-19561
27426
-10682
-5181
-13547
25211
7035
21537
-28637
-9293
3426
-14185
-8159
-31473
-26355
9454
11516
-28576
-32486
8338
-2387
-4491
-2573
-25485
-5191
26176
29877
8523
-2411
10422
30834
13208
-1002
-8462
26481
-5686
12261
10010
21037
13300
-12079
22425
-1701
26643
-12146
24386
-11006
-15993
-1247
-15435
-22464
9994
-17657
28843
-27640
29421
-17771
32575
3290
30276
-586
3608
31643
-22525
-1810
6181
-31255
14820
25101
13143
-2774
-5404
8688
16438
-14622
11269
5734
8845
-18834
19800
4896
30241
23283
-5602
23551
-31972
-20760
3504
-27639
-2718
17224
1163
19924
-2388
-22947
-26360
-24405
-19195
-28807
910
-1440
21237
72
-10682
-10491
22014
-30459
1966
19704
27908
-6323
30506
23550
-31235
-31415
-14373
11966
-29541
-27332
-28913
23091
5766
31164
19283
-2325
-20104
-22811
18457
22223
-5576
-26842
-11893
-23457
-6593
-23760
8915
18760
16149
4999
-27593
25202
-6684
-1805
-13345
30422
-16319
-19883
242
15306
-23812
18994
10848
28333
-29093
-14912
-5479
21678
5087
-16286
24185
-26360
25741
-26677
-27693
-28540
-23692
-1851
-25082
-6889
14640
-7650
16763
-8041
-1098
-30853
-23836
10502
-1122
26759
11749
-5762
-667
-21479
-6859
-8436
1739
7329
-26145
23281
-23513
-9609
-31930
18168
6064
-6803
11553
14566
780
29052
-9588
8039
22769
32268
19876
-18820
17315
-19419
-14203
-5278
-15101
-15619
19447
-23377
-15295
11285
-28261
4494
-6384
6707
17585
10197
23101
-3148
-30756
28908
-10349
11832
-1823
-3646
-14103
-11692
12821
27925
20781
718
-27330
16041
-15498
28398
-10845
25712
-27239
-26534
13179
10119
28496
-6094
6250
3131
12054
-29224
24405
28392
23403
-29090
13964
-25552
-23782
-18373
1314
-29973
-11910
-15802
-14477
20513
-6780
-2649
18470
-13894
-12437
-30298
-19851
-22260
-11794
16310
-12907
-28894
13033
-3350
19418
-5203
2560
-29016
-18632
572
-28126
5259
-20078
-19110
-30409
13907
-14405
15593
9957
-24741
-16999
-25806
23000
-5297
-21491
-16364
10317
-29659
28471
8408
-85
-6361
6201
-13889
25161
14092
24522
14397
-16257
2221
-3252
18066
23758
-26679
-32118
21150
32099
-3915
10344
392
-6500
-12154
6428
-27496
31393
-3352
-16782
15699
31718
13339
-10258
-24753
-16230
-17802
-15289
-12207
28291
-17646
-32586
-26717
25617
-5989
28350
15322
17697
-22405
-17625
25810
-1042
12268
-13876
-4761
19141
-21693
-15989
-19912
7303
-6025
-17038
-30600
30085
10757
29597
-18182
24319
25496
7296
-15116
-7985
30296
-20862
-10663
9105
-24435
19205
25539
24603
22047
-6439
-25975
30946
11319
-32295
19706
-17537
-15216
13232
23003
-9743
4217
-15067
-28140
13067
-12034
-13286
28097
-25748
-16092
10011
-11501
5326
19726
578
-31422
4181
-6888
-1263
-24940
-26179
-20617
26104
-13149
-2780
-17198
-19183
17615
30802
22336
-24512
-5607
16028
-18117
31264
-28908
-9828
17718
7713
26776
-20429
27867
-6670
11714
-31677
12648
-9601
24531
-5752
9515
19099
-6541
-3758
7914
27899
-6028
348
6467
27719
7608
19819
-6086
-9810
-24954
12948
-27806
-31097
-6462
-24961
-25081
10979
-27136
5547
31875
-13675
20522
9468
31963
-28721
-23865
11377
11485
-13831
-19094
-3207
-23194
-1460
-3350
29142
22632
-14479
12736
-9225
-7382
18487
-20499
173
-3878
-14025
3955
29195
18283
-21603
-27414
-23206
15066
22916
16935
-14250
-963
-19721
-4480
17659
-15392
10128
-21865
12243
-30476
-12095
-14239
468
-17611
30422
-29156
-27570
-15080
-19161
3133
-12163
21371
-13683
-29952
-26445
28643
-19232
17320
-14957
-16244
-27639
5862
9228
-29479
-3809
-10065
27488
-11272
3579
1456
16336
458
-20471
22684
-15122
1416
26394
7097
-7677
-30609
309
-6386
32506
-5044
24933
29331
15564
-30979
4753
20304
-5619
-4033
31473
15805
19412
-15212
-17061
-11344
11546
15982
-29632
30086
-14202
8795
26489
6389
32732
30481
2350
-11740
14888
-11671
27929
-19316
-9574
-19945
-18874
24403
10365
13449
-21384
23122
-16530
-8549
-1875
-10883
26052
13353
14048
23322
15068
24963
5496
14752
7668
7727
-27757
2315
11348
-19846
20688
7230
23819
-14704
29684
-25164
-2147
-17229
12606
-23600
-22380
-31981
8072
9888
16169
-27876
4579
28495
8742
-31523
20830
-2564
-24200
8344
-18383
29974
-4309
-13549
6893
-10542
29447
-17380
19899
-27407
-7019
18521
-10474
-12034
-19369
-31830
-8971
-10203
-19349
23397
5213
-3427
2771
14146
-17479
22690
24327
10523
4486
-4669
18862
11737
3372
-29509
15319
10702
15747
-9904
-9535
-3507
-23013
8993
-11324
-20178
27468
14221
26236
13381
-12648
-16888
19183
8280
-23912
-28619
25557
14719
26612
18379
17248
-29874
-14427
11438
-15335
-12113
15990
-27329
-3046
11716
-31219
13029
-10710
-7609
28850
-15978
-27850
19782
-3509
5409
-3695
-16201
-5064
10008
12358
23426
24472
-31748
-4814
-464
-1369
14914
17655
26310
-29158
8106
-13995
-29398
15878
27818
18285
-24178
22838
31800
2771
15276
-19764
-29131
625
-24834
-9797
-24206
13701
9298
6479
15541
-20961
-5470
-24696
8432
-5496
32153
-18692
-4186
-23897
-23262
-24933
-3178
32562
21059
-973
3025
-25028
-32160
305
1569
-29688
9097
7106
4362
20617
-31630
27182
29058
-25512
5007
-14445
-20844
15493
384
-16085
-4464
-28717
3849
-20636
23064
4096
4914
31026
-8459
-31457
-2583
12969
-29139
21163
7938
19236
1862
-14023
23965
-26127
-22140
-23291
15055
-23870
-5662
19559
27319
-6157
3393
-30461
-27454
-5553
-8706
12626
-14262
30396
-29243
-31320
-1737
32135
21658
27849
4136
976
-23721
4738
-14900
-26150
-28243
-27976
3749
19241
-15202
-23854
4651
-22142
-30678
-10430
-17710
25316
-9732
-2632
2559
17863
15314
-25846
-5705
-10203
27578
14631
-12328
20943
21309
2439
-8129
-31095
-8769
-8513
4539
-18608
10387
-1965
-7401
-27802
-10149
32089
-11301
-13035
30753
5232
21815
-3354
1677
10280
-19028
21120
15223
-6539
22180
-16708
-24138
15139
25432
-12644
-28990
21514
25828
-15818
-1614
-22792
-3855
-18406
-28179
15544
-2084
2809
21019
-19229
-13702
31155
27326
-32176
-26649
-6307
-704
12332
-4687
5026
18219
-2139
31943
20752
14497
-22578
24831
-5530
-26241
-6559
2604
-8484
21341
-2975
24300
22178
23257
-2987
-22852
-23156
26031
-32030
28383
-13935
-18660
-16486
-9059
-14287
-7908
-22981
12693
15518
-5435
-23468
25613
20500
20689
9471
-4884
-17025
-29041
-28629
11796
19527
3585
-3908
-31972
20817
-27924
11900
-32145
-4729
-30886
-269
16990
6628
5790
-7661
-13111
-32094
19232
31106
25358
-24923
4064
-15212
25491
-30380
-4207
-2759
-19454
-29042
-114
-346
-32047
26268
-23445
-18123
1629
19871
-21093
3063
16690
-3426
288
9351
9493
11828
31851
15018
475
-23989
30157
6128
20682
10146
-25935
-7561
-12709
-4589
19227
-16938
13547
-10932
32033
28210
7417
-15522
13924
18945
22432
7240
-2147
-21516
5565
22851
31096
-4470
5157
-15617
15204
14980
-25036
24364
-8383
17613
-24297
24291
-6904
-22275
-3710
-32054
-26498
-16011
-6711
21531
4020
30203
-3607
-1055
2091
-21623
-1346
29986
22549
-24930
-10752
-3179
-10815
27587
-17491
24399
21874
-29465
-10007
1059
24841
13883
19349
29591
-2664
22479
28584
11173
-14623
24776
4545
-878
-3546
2938
2361
-28224
-32668
31709
265
23752
-7598
7498
-23201
-29920
-27316
-11748
-11609
-11349
18975
10754
6279
-3454
918
-14631
17667
-13870
17736
29472
31125
11238
25422
-23998
-3795
-10060
-26443
13562
12838
8437
-32440
14510
10219
26372
26834
22309
2498
16272
20085
-32189
-9402
28442
-19590
4140
24317
-23776
-4250
23228
-19996
-8001
-10264
25100
11311
6452
-16575
-2290
-19763
-16335
-351
12087
12749
10314
-4412
-7084
7791
30364
-6379
20000
-25652
8645
-9658
-6235
24222
809
23651
18347
24932
15996
-9595
-7749
-31281
12727
7522
-31484
21774
2089
-20868
9701
-8684
30834
3658
20271
-30436
8296
18041
-31119
-16744
28332
-13510
-3646
9603
31273
-1875
27690
-21045
-25339
99
11333
-4369
-29088
142
15259
27862
-19531
20210
16055
8492
38
16681
-22810
-19020
23704
270
8280
20684
-16297
-797
2635
21081
28496
15220
-4770
182
17856
-26942
1033
11621
-22916
1969
18918
-30521
-27513
3966
-14774
-5825
15818
-5561
-29971
-29989
19255
-23688
-12835
28328
-21288
-11964
-12716
10420
2197
3306
10723
27317
-6082
-2691
-32668
-7590
-2306
24962
-9174
-20157
31933
8183
-1263
26814
-1416
24673
30807
4171
-7546
-23709
-25758
17231
-29031
-27748
15001
22367
-22174
-24760
895
-3332
22537
21791
17600
-17941
13264
-21127
25359
31518
11247
29488
24774
-22435
19065
-15598
-30020
30244
1235
19363
6858
-12542
-23578
8774
30698
6120
21332
28089
26040
10114
-6963
1338
-23691
29867
-15006
12565
29027
-14244
-22727
17689
23612
29791
-6678
4815
2650
3700
12795
-18090
26747
-4248
315
-25774
479
23976
-3525
26924
9215
-27249
31300
11151
13922
-25074
-23047
-25524
-29498
-8038
-4666
29582
16445
25006
-17925
30476
5771
13137
14531
23840
-14578
3730
27961
-3332
-20490
-24897
-18924
-24699
-8393
-1822
-21010
27866
16321
1381
8955
-28397
30659
-31415
-32118
-2565
-17805
-3616
-11032
1079
23979
10215
-32160
12554
31267
-32201
-32118
-89
4154
-4714
11730
-9336
22481
20605
15746
-18395
-19038
-4665
-13225
-9895
26576
-12410
-1332
744
-12526
23255
-7209
-17442
-4217
8097
11489
-911
9139
9107
14558
24341
31405
-31707
14041
10038
-23705
-14752
4668
-25650
26744
-23152
8841
-3458
-32699
-4909
-2191
11039
-10111
361
-28881
28742
-6203
-2509
3023
31146
9857
7829
13188
3468
-22252
-28877
-32388
-16036
19841
-5928
21481
5979
17619
-27868
-1205
14816
13110
-20130
16803
-10727
-7811
856
-23160
30416
31870
1479
12052
-1552
-17461
-18678
-22349
-13594
12656
21180
32330
-26590
26183
-15631
-6739
-8350
-16827
-17426
-6561
23188
-5709
4414
11495
-9559
26415
12522
9987
31101
-1882
8292
32736
-27051
-14499
-32474
-7400
-1052
24840
-2139
20800
11159
-6138
2889
23401
5742
-16488
17972
13857
-18770
15198
-4695
11205
8566
-17846
-8102
7236
9488
-17333
19086
-22162
-14233
9845
32658
-26913
31335
-842
-10600
12303
-28067
-6839
-152
-27059
-26632
-17987
-20973
-158
14163
14634
15173
5092
30105
-14498
24896
-21873
9784
-14425
-30751
-18073
-5310
-12081
-15067
16955
-19728
10129
-30673
-2409
-20752
15643
32068
11130
-9410
22053
20632
-657
1013
14923
15389
-10833
-16731
17624
20688
-10902
-5087
29026
-20436
-11207
24180
1012
2548
3611
21927
-7639
17989
9456
28732
21175
-17778
-11475
-13537
3291
960
-28041
31545
-10469
29255
4577
-3877
-5316
-8850
-767
24281
-3130
30979
4801
12390
17556
-16816
30878
-23878
24243
23704
-17846
-3107
19033
9283
32651
1680
20544
-3496
3645
-31689
2860
-10249
13090
9283
32745
-25440
28140
12979
9614
-6650
-22607
16739
-25953
-15733
-16157
13288
1069
15067
-17932
14133
-37
19000
-1044
-25185
5999
-18297
17783
-21881
17022
-17308
-19942
-19380
19539
23953
-27720
31634
30409
27861
2716
-14996
-10581
-16202
-12344
12772
-18998
16875
16080
-20898
-14787
22482
31256
3980
-29546
3835
-20644
24378
26796
-18029
-24545
-19899
14742
-1489
31798
-17751
-28168
27104
-31296
25515
-14895
18474
2064
-23946
30669
1115
2681
31926
-27652
30945
-12085
-11604
-1743
31352
1493
-9190
-20965
-26399
-18129
-6136
31176
-16144
27353
-4279
-11006
-12929
-7730
31834
-19075
2468
-5983
-28197
-19599
13442
14823
18128
-8214
-25953
16088
-10264
-16521
30170
-20612
29251
-21414
4148
16162
-20385
-31596
-16842
26521
22807
-11507
6872
-948
30320
7122
23488
30266
18723
-27624
2341
-7394
1062
-5106
14186
-22325
1000
20506
26878
-14533
26906
-123
5609
10025
-14225
-17589
-14215
20283
-28772
-5855
-9932
-30677
-29550
-18465
-13388
31944
6195
10860
12145
-24335
-11334
15660
5073
23374
-971
-1590
17643
5027
-443
-25095
3732
15267
1733
-6292
-20005
25748
31118
-1599
9119
21180
32718
-5220
17151
-21114
20643
-16116
-10237
-7237
-31811
3379
19537
-10759
-17741
-11698
10280
-30275
-10051
-25456
15556
22959
32420
-24260
-21801
10666
20273
15837
-2849
8812
-14579
-18926
-12473
4769
-25931
-8786
-32218
-12886
-28832
-25294
27585
32500
5863
13318
-23558
-19225
11057
6825
-1828
-27545
26064
11598
-13100
-8703
-14391
16760
-32636
24327
-416
8500
-18654
16133
-8329
-2416
-6372
23136
19136
25683
8739
-6060
10897
-24455
26378
-5694
-9730
-25028
1515
-28985
-30935
-18639
9491
901
15370
-21256
-15612
2723
-30860
-1202
6075
-9758
-5645
-13962
25564
23495
-24988
26943
-21681
1867
14099
29929
29678
6617
24559
26475
22148
30078
883
-4393
-30826
-10834
-3884
-19499
13183
6998
20900
-16601
21766
9150
23124
-13508
27779
-11323
27915
-27236
9655
-23080
24476
-19119
-2059
12512
27512
31900
10490
27353
11534
-6739
29545
31965
-864
16644
-6462
-17038
32437
28057
-31642
15300
-5938
-9042
-1897
-29480
31463
-22345
-21155
-24916
28290
23421
-6971
28028
12135
-29779
17520
27811
-20454
7569
32543
-17271
4017
-3991
-14764
31269
-30071
-32043
17278
-8035
-9923
-32289
23059
12150
-32598
-18892
24312
16203
-30457
12809
-16420
-24022
7682
-25189
17855
-15119
-30147
-1008
894
7522
13197
-27970
-21591
5866
3662
19802
-8584
-3674
9224
30108
2623
26622
4396
15550
2908
-22880
-21114
-7507
-2008
-31180
14188
-17474
-23928
-10861
-32524
-32740
-7075
15551
-16782
-11981
24618
7055
-31844
4898
9638
-3182
-18314
18672
8415
-9383
519
-29800
-18040
22564
26795
-3152
7214
-1775
12456
1073
32269
2516
13408
-14715
-29616
25865
-15539
-27296
25184
-17942
-17863
24653
23172
16233
11285
6945
-23242
-18316
16750
5495
17518
2958
8777
-2106
-3205
12973
13641
28431
7139
-22932
-32172
707
-5503
4058
-22708
-12027
9395
-29024
3302
24004
-1671
12442
11370
348
13155
27083
-31470
25200
-32015
-19597
-28696
-13006
16862
-2
19069
26900
-17359
26457
27928
29490
3414
11356
6470
-16631
29574
13759
23628
14215
28257
2652
17067
-15326
-9565
29683
-16145
-19248
-13826
-15193
4707
-13418
1878
-29020
19476
25475
-9853
8321
22120
-17708
-28207
-1860
-32729
-6876
-18826
12219
-18469
1697
-10556
-302
32586
23827
24460
-32652
-32214
17625
-10438
-24496
20167
-21497
1328
9702
28667
7789
19721
9285
-21634
-8931
32140
-29044
32379
-2919
-2420
24708
32317
12314
9639
-22952
22817
16774
-6414
-17230
30028
31980
9810
-28579
-13776
31697
5965
27899
-28900
10888
15159
16804
-1330
-5415
15520
-7266
28623
14256
6264
-7479
14525
-1012
-28953
3441
-4308
-7502
-27818
25600
26069
-23608
-28756
-7749
19682
10471
20640
28079
23536
-16661
18984
29046
169
8945
-195
22693
-14177
-32120
292
29270
-2113
14858
-24004
13705
-780
5253
24951
-19401
27004
9682
-8658
14366
16779
-21688
-21694
-17635
15976
21
-233
-25273
-22730
-7459
1805
-8454
-31741
334
-16995
-14232
-16256
12874
19786
10417
-423
12407
-15744
13598
-4569
20464
-7974
-17977
-18050
-27850
-15697
-4340
-12032
21614
-30974
-8333
-12210
13177
-204
18024
-13299
23217
19092
8565
-20038
10823
-7368
25149
6030
1494
-6196
-23120
-18461
21237
-20328
4037
-130
-26811
24695
-12558
-14096
-6317
-14653
17881
-11011
-3988
-11587
4737
-14588
12904
-9912
5954
5876
-23132
15178
-10039
4257
26056
-7509
-31393
16554
28669
22163
24797
-23927
18940
3264
-30040
11151
-20996
10850
23354
32051
-1745
-29931
-10686
-9249
-22530
-12989
-27957
2607
-23676
3022
-17831
-16645
4418
24267
20716
-10043
-11810
12705
-14260
-11262
14788
2035
23136
-188
1059
14217
-14558
22384
29951
-19276
20974
-10978
2982
-32537
16878
7939
24979
22013
16311
24480
27755
2021
15878
-21693
26563
-20750
8465
30927
4800
22410
21296
-10982
3349
-29878
401
-32360
-19240
-14305
-31710
1564
-31392
8808
4745
-12403
26160
26706
-16502
9683
14442
5181
768
27250
8945
25635
8301
-2649
6641
-19935
-2696
-16013
4419
14448
-16434
-4684
26182
-31819
25936
29118
-23386
-3098
-12301
-9798
4506
-6143
-13218
31132
7317
24568
-29276
18418
18026
5387
16378
-6352
-27600
28919
-27218
20777
25984
-509
-15437
15043
31743
13136
20823
573
20396
4979
3986
1620
25011
3050
-24511
5068
5703
-17839
-22904
9732
4039
7893
23931
18475
-13194
-28109
4749
-25765
-6718
25347
-32519
-11610
-30752
19921
28512
-4786
2521
-31888
-17195
-14050
14068
25277
7394
-4449
-8853
-7714
-20403
-9191
25696
-26594
-4042
-15298
29327
20858
-26834
-23168
-9690
-17244
-18131
29503
-16517
-30786
31321
-30739
-1318
-1799
-23562
21139
30865
15709
-24660
-7530
-23238
12101
-16045
23232
29740
6144
19891
5970
-17300
30581
25368
-17942
31110
-12910
24640
-15577
22139
-2506
6592
-22299
-8051
10721
22144
-24192
-19537
-17816
-14172
-20696
7435
-23226
14672
733
-11351
17119
21301
-6285
-19872
-8179
-9773
29002
15157
7765
2983
28212
-1875
24219
12862
23232
-9766
11797
-13618
14513
21950
-8000
-13175
-5268
-26754
-23137
27790
30017
12351
20296
326
3274
-2685
3916
13721
16945
-12214
21947
-27675
20971
31318
-21114
-6745
-12228
-9138
-25889
-12150
14577
-14150
23647
24928
16467
-13292
-12814
-18226
253
-14162
28721
11410
-11018
22898
2558
23145
16988
4497
13779
11852
28951
-7619
-29032
-4994
6791
-17018
1516
21521
-453
24865
1749
22335
-10847
11696
2748
11381
-4372
-1494
26130
-13501
3956
-285
23192
13423
-22171
27388
22820
-14188
-1889
-29728
-20263
31855
-8957
18783
-12315
-10371
-6471
10360
1212
-23836
29752
12538
1558
-15482
17868
14510
16362
-31475
-20945
23048
16084
-29882
20156
-9049
-11858
-21621
-12826
13285
32097
-32471
-19538
-23985
13430
16023
-7401
22636
-30617
-20979
8862
-18951
31774
26548
29531
-31626
-31297
20079
30418
21411
15204
-3984
-4515
-8850
-29605
-2605
931
15135
-2284
-27016
2920
23164
30015
-24095
-14977
21764
23812
25761
4527
24493
9328
-30165
8233
11622
17549
-324
14077
-22558
-7506
26217
-1830
26608
24119
-21139
27568
81
-10666
-31433
-1987
17527
-15928
-8494
-28124
-1881
8776
26628
-8558
-12955
-23396
13814
-27644
31131
10715
-26804
-15007
13332
9949
32599
15893
25499
-8344
-6705
14167
-22012
-10132
23245
-23516
15192
27748
25084
-4678
-15786
5948
3215
16352
-11895
-16891
-15391
6862
-26751
19566
11346
4516
4413
-26463
-8162
-339
-1663
-24808
-7268
11912
-10807
-16491
12200
-18072
1353
-7396
-6778
-25056
-14202
9978
-20811
28650
17554
-18241
-22625
24852
10289
-2418
-22915
29654
11881
-15075
29930
30698
27429
1808
7475
21533
23908
-3914
-25824
8658
4856
23242
16645
11182
-24319
1448
-14544
28728
26019
31762
-14471
-32299
20799
21257
24726
3004
6077
29078
-24774
-3437
16906
576
-14465
-20020
13748
-8703
-11385
1691
-13611
8914
-26521
26192
-19691
-13434
7649
-32247
-10635
5119
-121
2372
31973
20304
7461
16077
13292
-27547
-10275
-16992
10966
-4246
17530
-16592
-9229
6402
-14700
-26013
-21563
-19088
-9145
58
-1269
-12057
-27472
-28464
-32201
28780
25983
-21178
-17856
14002
-6476
-7442
-6827
17438
-4053
5684
-29797
21787
1420
-15863
31232
10727
24889
-26478
19001
23986
8350
-17439
-24642
20282
-474
3477
-7157
28280
15265
-32355
10467
24694
-21694
-10225
13017
-15798
-2131
-29008
-7214
15171
12193
-8043
-2917
712
-13115
11995
-26708
31390
10116
31262
17970
10670
7797
29845
30933
-15829
-7789
13812
-6273
2142
-25558
-5030
27331
7561
14853
32142
24418
9753
21065
18150
-28962
-3067
1537
-29216
-3746
-23624
-11166
752
31419
-10848
-30390
11170
-21429
-4421
10422
-14791
-8232
12878
5195
24980
17215
13339
-6279
-20643
32351
2944
10851
-9170
1538
848
27993
-8760
-8867
12560
4482
-395
-23146
-7513
-10864
17748
-27648
-18692
-11524
-29325
2224
23785
-31386
-9990
2943
-3477
-20039
9697
-23882
-639
26423
23875
-27151
31555
26099
13189
-8094
-24780
5287
-14191
5107
1594
-18238
-28034
-28890
27200
17629
20212
-20631
8453
-27958
4931
9448
28026
-6435
28104
24677
374
20863
-4740
-1026
12768
-12297
-32591
22819
15462
-10522
-21539
-20443
-20228
-29514
30814
-8811
6953
13240
4461
-30490
12016
-6494
-9900
23357
-18281
-22410
-20969
-27354
6270
-14198
-2003
27668
8706
-27100
32738
-4885
-24603
-12049
-7957
10169
7576
-10884
-25411
29019
-16608
-31273
10414
12183
-22452
22925
8139
19372
-23425
-9937
23479
-4879
26153
-4650
27248
15729
31479
7081
-27517
21390
-2923
-26397
-31863
-68
7443
-4916
22138
10617
32016
-3410
29008
-27285
14965
25515
4138
-11485
-5236
-24459
-12200
8274
-7160
-15030
-17394
-26957
24999
-25520
24665
21687
-21717
6447
-16545
-28132
30095
-14459
-9349
9461
18375
-3332
-8797
-7179
-13775
8793
25077
7003
21550
23721
-30859
-11847
4306
21813
-25532
-11847
-10776
-9676
11094
-12180
13827
-21053
-12295
-8617
3881
5997
-26996
18816
-19462
23964
1840
18809
18940
17912
775
6630
-2701
-6035
73
6927
-22503
-4307
-30998
12726
-26381
19114
17245
11104
-4994
23987
13571
-994
28662
10859
3856
18423
22633
2606
26675
-8052
28495
16332
32634
-30348
29923
3877
-1689
3800
-20580
13818
20323
24243
-6643
-26753
-7159
-24141
-27800
16443
20841
29665
-27933
29679
-17495
23118
-24073
-17203
29550
25689
-24837
20011
20946
-23104
24973
23983
20761
6842
27446
19734
-21403
-12610
-28230
-31932
-930
-16520
32628
30792
-10062
9303
5390
-22712
-17053
16060
13267
9809
-24336
-6741
14446
18054
22839
28151
-11358
-2923
-17519
13784
12738
23359
-6510
-23975
-16948
19640
-860
-14610
19109
-14320
-30257
-30906
-24930
11702
-22519
23888
9540
-7523
-11512
10324
10544
10314
-16871
22581
29241
-7394
-23655
-24067
-28935
14072
-27387
8764
-9515
-26926
30993
16984
17256
-27686
28800
-23169
-31173
19657
26812
-3074
-14215
-16457
-29214
-21647
-17982
12062
6139
-20984
-25244
-30382
-29590
6891
-10819
10101
-26387
13845
-576
6649
-11343
3730
-2952
29345
-10032
-15600
78
15912
-22207
-10967
-23002
-16789
20012
18502
-12437
2851
-9735
-7104
24751
30910
24784
-13365
-28935
-2232
17265
27819
31091
-17629
14938
364
-29148
28091
11590
4696
-26520
-13313
-4983
-29527
17754
29438
-15050
13791
-8338
-25576
-20266
32417
-13835
-22170
-23424
18006
-8934
5423
17731
3055
25366
-1852
-16145
-21821
-2390
27482
27882
28255
6230
15404
-449
25878
-10901
-4999
10539
7885
-15032
11278
3259
-11819
15653
-10867
-27341
27988
21123
-21591
24214
-1292
-27285
-29004
23607
-27403
-2627
-11887
14525
-31317
-455
-12337
12715
15471
6328
-21279
4307
14523
-29484
-14367
-19476
-11651
8474
20791
9800
16633
-3966
27946
699
-28721
2565
-26370
23378
-4466
-25117
-5422
6812
-6501
12529
1593
9839
-31656
12735
-19154
-16205
-1823
14791
-17209
43
12611
22354
-12180
-8767
-13838
22959
-12647
-8923
-14275
-21094
-29336
-27058
-30464
-18151
-20997
-31623
21126
12360
-19183
-8873
6727
-14216
-15187
16696
9892
16843
-11959
20121
29154
-30061
-30224
-10789
9247
10170
-6910
32550
-22663
6068
31755
14071
-10283
-13317
23011
-20184
2782
1773
-9697
-22034
-25841
31327
-25966
-20368
-14780
19473
1091
-12988
-9385
12138
14122
26730
-26478
-4488
4573
-20150
-25068
13738
10356
-11334
-23054
-6693
20539
-29341
13311
24434
30852
-16841
14750
-21404
-3876
12061
-5991
-22162
-23214
-17485
27413
-23823
20749
21693
-13504
15343
28127
10160
2743
22214
-28900
-592
32031
-29328
17044
-1068
31171
25946
-4179
-11798
3030
13231
1251
-13946
-9788
19944
8293
-30443
-24830
-25350
-22724
-32611
13465
-27328
16480
9565
16369
-29213
21374
-3218
-17613
30349
13626
11014
7574
11281
17425
-12209
2082
29126
21032
-27508
-12615
-29954
-26625
-10856
5878
27900
28034
209
12837
-15388
17024
13298
-17840
-30685
18686
-10349
-3041
15521
-30307
25144
15522
-5886
6937
9956
-5403
-13994
15986
-20102
17905
-3120
22817
-30443
-6515
29869
29004
6916
14442
-17623
2632
26834
29572
-22225
8977
-7299
5416
-16292
17871
19994
-14198
-11963
3863
23031
6580
32480
5460
-26354
29000
6767
-19970
20872
31194
25710
-3223
3965
-12619
3566
15285
26420
21964
-18192
-9623
-12187
6128
724
18418
8878
126
11749
17613
-27364
3451
-8489
-23493
-23237
-23766
-11337
27159
-22517
26242
-31008
6425
5595
1894
-24693
23873
-32186
13475
28124
-19347
9994
-16901
9649
9614
25054
26082
-25981
-9355
31005
-17824
13833
-8391
-27737
32190
14700
28896
-8494
-104
-26676
24610
-7929
-14367
32545
31469
29606
8361
-30296
17037
29718
-3299
5158
7347
-4397
-22915
14980
-31219
11134
-16687
-6109
-25631
-29213
-25274
-24091
-8290
4496
3500
-15673
-7834
3354
-5147
8014
-1927
13859
-25614
-3938
21022
14402
32382
15761
-31349
-17554
2581
-14603
-32433
-27093
27670
-9924
30103
31344
-15390
-20637
-26947
5062
23810
-25667
11369
-14873
30968
12220
1640
-11915
3750
4131
5101
-31448
-22306
18233
9468
-25714
-15112
-28936
26642
-1805
-29927
28629
26663
-7731
3411
-3883
-8496
10927
23552
-26844
-1039
1697
-22887
9485
-18334
-12356
-28850
-7672
6626
11963
-4385
-6320
27321
-22195
26403
1435
-2158
18410
-15049
-12251
9637
13312
-10493
27766
-12307
10914
-14500
25008
-19516
14388
-29788
-18076
-30419
28379
13496
20861
6870
-19778
-23030
10089
-15683
-23032
-18505
-32185
-84
-10447
-22442
30113
2071
22088
-25814
25423
25295
461
25533
-26663
-9810
-18591
-18974
-26311
-3692
-23984
-8377
-9674
-21687
15702
13395
25312
2027
556
-4236
9753
3294
11313
-24064
-25377
-668
29072
-25813
-6301
-17810
-504
-30564
24856
5895
-26443
-4362
25874
19831
-22555
-23935
19616
5161
14416
-17600
-7803
15384
-26799
16725
-9952
15436
-31819
5301
-30575
-9473
19833
1310
-3242
-22880
-24953
-515
-19690
28985
3419
30588
-17910
24409
-9438
6355
-21203
-667
-6360
18104
30353
-3017
-32103
-15112
25120
2224
-12413
-17551
14010
-27644
-9683
18676
-8653
-4028
-24160
28089
-7556
18870
-18908
17584
4160
-500
-28644
3198
1897
26246
-10542
-10873
-15365
-25089
19997
-9947
-12318
2006
-15097
31058
-4760
29264
-6125
18341
-6726
-1806
23032
-21615
-24775
-29172
-25097
-28801
-8991
-32263
18305
29005
-27941
-5088
1983
26042
26864
-10781
-14210
-5557
-7740
24951
-16906
3280
-13969
-24830
17664
-15755
-21057
22672
-11618
18129
7560
8573
-23282
-15203
-8946
9755
-20119
-15601
-32666
-16389
14950
25160
2645
30307
-24977
-14599
-9347
-29167
-8804
32029
-9042
-10285
11071
-23217
-23440
3020
-29836
32307
19530
11609
25353
-32627
-27850
-23850
-18222
15764
-17859
-2122
19614
-30699
15776
1261
18446
-18443
-12194
-31189
13990
21902
-18471
2280
-2601
-10736
22160
-29421
19750
15290
-263
19866
-22735
-6757
2816
-23501
-23634
-30966
-9586
-25879
-24960
-31204
-1456
16490
11112
-6805
-5500
-32617
26405
27274
-11986
32036
25917
4679
13732
9537
14645
-18139
26218
-26065
28959
9254
-9694
-10627
-8345
-8465
26065
-28812
-25361
7235
11151
-22723
-5235
17571
29939
15768
-2773
13462
-26073
-20811
-30312
-10953
-7976
-1687
25349
18475
8739
29392
13844
-3758
3051
-15884
14868
17703
7186
22314
-1022
-20507
-12999
-24322
-10829
30488
15501
13226
-22131
-11131
-6909
3664
-16897
21936
-12926
-32449
22139
-9370
16722
17680
31668
27876
-2313
-29243
28543
-13404
-26332
26689
-12180
11546
-31200
-1434
22207
-24364
-28632
-6398
-28116
-27623
-21113
-31478
8903
-20170
24012
-27683
-12675
22591
-29693
-7703
-5578
10723
-28374
-842
-8097
21431
-29306
25464
-16359
561
-18373
-11040
24648
27202
-31569
24560
5402
-26841
13167
13974
13761
23360
-28244
10199
18523
-16742
28906
1733
1413
21314
25298
-32231
189
-21735
965
-5716
-6881
-4752
-9173
29577
5798
8051
17774
12480
16552
-25848
-915
-13847
-14279
25745
-23536
26216
4235
29108
12530
-29368
8669
-18561
16840
-24308
-21465
-29980
-9145
22678
30820
12432
-30559
7517
-30521
-22312
15390
21627
-27839
6645
21801
-25675
16668
19281
-13922
-4449
-27218
-26600
2342
-22881
-11512
-25326
-23151
-18634
-5447
18769
1643
-23062
20249
-11341
-25487
-14803
-19365
4916
-22993
-4576
-2761
-21001
14014
-7001
20331
-31388
1112
15965
260
13404
14067
-18925
-16273
-14043
-7442
-817
-27515
20963
-18926
-15997
-11631
-2320
29225
-24906
4671
10861
19106
-11199
-914
28318
29602
-19748
-6832
28400
17154
23848
23536
-27565
17751
-15750
-13912
-13931
28364
-11650
31346
-1926
-2151
2271
12289
27028
-19294
-2096
11659
17938
13850
30992
8636
1212
-12559
5553
-4133
9756
-30882
-25096
8471
13558
22601
-15519
-24138
25126
-12099
22765
-24270
18594
-30255
-14198
-27294
-11970
18261
-29605
28305
18887
-32447
16958
-29087
-23073
-8641
952
30587
27031
-791
-29396
-13588
27507
-20327
21595
-20091
5275
-20072
-15814
-7802
-11754
-15172
-17000
-26657
-17625
23165
20926
3664
30473
23941
-2780
-5264
-28387
27782
-10770
18710
7400
11643
7531
7084
28301
-19255
25713
29472
-17251
21306
15940
14667
31711
194
-9541
23618
19635
32216
-18439
24365
29788
15874
18253
12783
17351
-27327
29672
16614
-1959
-21879
-13589
29280
27356
19846
-23198
-19427
17501
4337
25567
-30734
21885
8635
-23030
-425
9987
5118
29293
-21281
-21658
23859
17005
4311
75
8916
32698
-5071
-10492
3850
2892
15575
-25206
19327
-3211
25165
16066
8420
-26516
13647
-12286
27464
22752
-24163
26944
29388
-18549
3781
25158
3535
21039
32377
734
-19232
30137
-18236
4143
22215
23157
-1458
32662
-25305
-14968
30199
19243
5755
-4376
20989
-477
31525
-15929
-12858
4050
2288
2175
14433
8863
813
10806
-4430
-24775
-32449
-6452
-15410
11081
-12295
-24920
14751
-27466
-7651
22416
18649
-12719
30178
13386
31526
15173
24660
-7138
-16161
26114
-7194
-25978
11248
5928
2725
-4442
12737
2072
27014
-20715
-7586
19148
11962
-30326
-7059
14027
23924
-765
-11792
29562
561
21848
-25279
15100
20418
-9601
-17150
17396
-28041
11232
-22408
1737
9382
-10908
24096
10270
-13011
17247
-9574
4424
-20040
-24792
-32369
-10620
1362
-32541
-6284
-14989
13822
20488
12984
-18882
876
18431
-23113
6359
-4810
-27190
-31542
-5816
3790
-17506
-17589
-12137
-6794
16371
-12155
7949
13820
7852
-11451
23910
24350
-21437
-26764
-18047
-11889
-26521
-14634
15622
-19623
-3304
24905
23382
12756
26355
-7050
-32401
-20360
-26699
1355
19166
-32581
28784
-10385
-7258
-22682
2914
19104
22189
1763
9226
3148
-31113
11792
29112
-21213
-24897
-3
15133
28291
-8653
-2435
-22032
1281
-8309
22344
20925
29237
29493
-25077
12841
-12432
22345
-25891
15984
13286
-23032
-9283
1491
-4226
14590
7692
-15650
13276
-22646
-16845
-1249
-10101
15592
-31852
23210
-29337
-23371
14742
6865
29532
-14095
7710
21484
-5831
-18956
2069
-17316
-21199
-12943
15720
-10214
-23560
16850
31209
28321
-17490
17385
-20784
-16071
22825
-7419
2392
-2644
-27051
18850
14227
-11938
-31694
23661
-31293
-23272
-21345
11038
-15794
-6415
1226
-5038
3055
6429
-11070
-28824
5258
23062
19807
-13585
-27803
21643
9921
-17751
22087
3762
7063
-5255
-24102
-22893
25898
21966
18276
-14467
32512
-3300
-12699
-248
32416
-28071
30593
2256
-19505
-12749
-6362
18578
-28056
-5389
-11704
17768
20296
23517
13966
29338
-6783
-15836
32256
14681
1662
13797
-4584
20391
17785
-13002
1279
19185
5712
-15648
-30891
-20100
6282
31958
-1283
-30186
4399
5543
5066
12843
-920
6738
-20254
-11727
-4685
23625
13656
-14819
8534
24681
27766
-17501
4154
-7891
19187
-18166
26381
-1188
8246
5183
-26084
26114
-21395
7726
-22813
24056
31258
-1624
-32446
-6810
-28224
-3456
2642
-7941
-27323
-12669
11490
-7154
9546
15591
30368
-9363
25520
-11184
523
20690
-8915
24943
-10786
9250
26901
-11653
16691
26251
17783
-170
16615
-14801
3862
4517
-21965
-21608
-30132
7563
32327
-18682
-17663
24042
-7507
13574
-89
-16924
28937
553
18588
-9692
-1352
7512
-4391
-22570
-15293
25084
-7301
-13710
9230
-12354
13367
25
12891
-814
-6732
12967
32595
30139
-4327
-23549
-13634
-32633
-6194
26879
21903
2015
28057
3304
17008
-26986
-22020
-8320
7080
-22037
9009
-20447
-549
817
4657
10678
28733
79
29121
-18566
-13652
17317
-15225
-31537
-9442
-15320
-8038
-423
-24297
-9875
26662
-25875
-12346
23395
15498
29678
-16096
8366
-25851
19375
-12228
16048
-16710
-18201
29549
1099
-1516
1721
17923
-14677
-11567
13233
9263
26682
6688
17660
-7751
-59
18445
819
-9569
13123
-10572
-10870
-21626
-23663
-31724
-16751
9922
-28804
-27629
-25582
10190
26926
-30071
-20575
19861
-23604
9123
26892
28675
20946
-1284
7430
13109
-13662
-5959
27264
24505
-10176
-28326
-32475
-21306
25964
23026
6145
-30144
-29650
-15539
-29208
21560
3811
-32188
14681
-23601
-4449
13287
14800
-18359
-19046
12954
-31606
15813
872
-24510
30683
24205
-23592
-16684
2643
15460
-22015
27915
11756
-210
-12018
-5962
19654
-10794
19118
-7342
15760
30018
-28082
28872
-4604
28367
5592
4003
31785
24458
24986
-22206
-2411
26321
-4562
-26806
-32199
-15678
-29419
-10393
18298
-8383
-31405
31892
18485
10219
-15112
-16192
-278
-30657
28690
-20927
-9623
18686
5507
24492
-19431
-6930
14763
-5115
22761
19051
13037
4843
-32058
22343
-16174
-21566
-128
2338
13904
-14232
10991
29581
-19457
5487
5807
-27117
9137
-30767
3400
-32202
-19699
23503
935
30160
12371
13833
-21328
-966
9665
-7680
-12528
-4752
-12413
-7518
-652
-9298
-5040
-992
17060
11205
-19686
9830
-25362
-29473
2
7444
25743
1650
-21678
30388
25444
14049
30637
4368
-25005
8189
-31785
3715
-22983
-14705
6776
12939
-9948
28134
24785
23342
-13125
271
-29429
-17587
-22597
-22827
30709
-11266
30231
-5558
6739
-11471
20038
-2965
-4005
2991
15190
27962
-32684
-25451
29798
-5170
-20691
31695
24004
-12212
-28136
-5987
-30340
-9785
-5773
8694
-18331
22001
-8701
-8784
10120
-21289
-13787
22096
-9617
21690
26000
18418
-1661
21813
6750
-12173
-10068
-10765
-14509
14403
-6295
16760
-11045
-5682
-5216
10137
17704
2661
22313
7665
11741
-29195
-26181
26940
28305
20747
-5028
-26016
25069
-25464
8084
12983
-8450
-13873
-22212
-21966
6052
-13123
4288
-22628
-28209
-864
-29494
-19953
28862
-1503
17567
-30557
-12888
3786
-4177
11182
21401
9815
-30095
-10248
-28499
-10157
-27452
5242
4775
-3043
-27391
-11567
13342
18130
-28981
-16729
30908
-3348
-25302
-17331
29991
-20663
32407
19821
-16025
-32195
-1865
27218
-1560
5145
-13682
20656
7829
-19296
-387
-20776
-21234
-16017
-20236
14390
-31440
20
-20313
28603
-22540
-17618
8904
-7760
-28045
1096
-8447
-14359
3922
10424
28035
21971
-15212
14204
7282
16758
21691
28288
1995
-8117
-12879
-26026
11228
-22574
19529
2155
5753
-23494
3212
-12136
-3788
-16706
30794
26945
9344
-14162
-2377
-20335
8357
-27852
2542
-20876
15764
5108
28730
-7783
16647
2586
-19000
-26388
27325
13025
2401
18941
-1165
-18270
-24938
20587
-7890
-31777
-5663
-9871
19899
19265
32491
16501
-5757
-29173
4599
21142
-10837
28895
7188
-11103
22188
12758
221
-6748
60
22130
28682
18378
-15769
13097
-26851
-16250
5026
-25946
1043
31287
-18619
-9127
26112
-1746
32720
-22140
-5974
-9585
-11812
-10779
-16185
-16035
-10885
-17125
17921
6782
699
-27575
23489
-18167
26159
3256
15915
14040
15307
-16831
19390
9083
-22145
1430
-32534
-13442
26288
-11604
-11108
21115
1942
-1803
11108
-24087
25774
-5589
11593
-5937
-26445
22342
-16381
-14848
27695
14053
-7407
12103
27881
19661
-7662
24799
-5615
3504
23114
-18057
953
-15997
23512
-9498
1154
-17563
-14971
-10620
25060
19667
-5430
10935
6612
4453
26257
-26348
-19836
-31131
32187
-562
-6119
17771
7866
11686
10137
5681
19394
-9879
27958
-5513
6230
-8150
11567
-3477
-1673
-14531
2961
-24699
19312
27676
-5609
-4870
28214
17315
-1373
-15369
3449
-7175
-32017
-31571
-4861
-11748
-13692
5830
-7006
26714
-21158
-20278
30706
-20360
29410
5834
-3791
-14357
-25162
-16007
25861
15134
-7778
-19235
-17962
9269
28356
-29609
-22919
32388
29359
30637
13162
28695
15452
-6406
-30705
-31179
-12541
-31173
-2602
-1524
7633
31833
-20591
21632
-9312
-550
29431
23195
-27817
6386
-2202
3201
-7442
-24160
10640
4227
24368
-7281
7858
-15684
-27435
6608
14418
11664
1577
28334
-32089
16015
-14836
-9913
13520
16037
-24449
17484
2526
-7177
-22862
14784
19492
16196
-13333
-27206
18227
-31072
3381
-3734
15430
-14697
-29534
-28946
-20781
26917
-18008
32046
-32250
-6470
-2928
24839
-16638
15786
-1350
-18508
-26339
-18987
15482
12639
-22197
7125
32659
31051
-21890
-4582
-8745
-11167
10051
1968
29077
-22661
14504
-26627
-8756
25065
16009
19826
24676
-24617
-28082
-15466
11818
-5317
17094
-14882
-14691
5863
-5833
2879
28107
9861
8629
18153
12402
14721
-7703
26711
-6054
-7779
2200
-10414
25531
464
10725
-30257
-13938
23201
15992
-13475
-20419
16353
-22955
28759
3593
15728
23209
-20621
-23252
4479
19430
26386
12099
7104
1437
30995
-10930
-14085
23577
26473
17204
17801
29957
-11948
-25984
-12393
18711
-5385
-1390
-4195
-14690
3671
-20609
30321
-26524
316
8818
-14694
-24417
27053
5472
12304
8385
-14722
12352
17522
9206
-936
24509
-12227
-7955
-28548
30863
6353
22970
-793
-27579
-14502
-11039
5370
-23185
-29163
-14920
14105
-29030
-31376
30350
19094
23360
-16607
11420
-7774
-10765
18045
-29595
8024
-2223
1957
-5841
-22245
259
25982
-220
-3454
-17048
5682
6473
-9497
4626
-13480
-2827
30468
-11939
30923
15579
6327
259
30432
-9437
-29958
25213
7856
30985
-28710
-11612
14944
-5721
-16772
-31408
-11936
-30253
-29389
-11469
30974
21695
29562
-14453
23075
12106
8636
31651
-8041
-11885
-29200
-28014
6545
7199
15725
7721
15691
-23438
-4812
13160
24405
431
-11260
22837
-3975
-6146
14778
-27876
-19441
-12441
9772
-1804
-6428
18273
-14253
-18258
17634
12175
-30978
-23140
-9041
-11749
-22944
-7917
31382
-19156
16510
-29513
10577
8501
8178
-13416
-17752
-25386
13151
-13916
-16352
-1354
30011
1102
31295
-22073
-1272
32227
15130
17769
30698
29570
-32092
15714
-14222
-16836
4576
-25722
-7395
-13308
-4569
-14518
2972
-21354
15114
-10194
-18800
-9287
-11472
-15977
-19118
21711
13306
-928
21546
4087
31018
-9379
-27989
31423
13969
-17392
-23090
3899
1103
28491
-18075
1073
-10060
-2633
2333
-17277
-7563
28034
-14889
-23480
-25605
-15416
4916
31126
11160
-22170
-28599
-24504
27874
22438
-2803
-2032
-26031
-7268
9596
10643
-26172
8002
5451
25174
20169
-7108
-9293
9480
-24207
-13348
-15044
-18498
16902
-6020
18727
2362
14230
21883
30607
-2491
3977
-22906
1263
13670
-3164
-9932
-20867
-19715
-29273
25562
-13500
-7062
-123
-29345
7089
-25877
-13844
4975
-15325
-20218
8478
-26752
-25619
-9707
2158
27166
5884
28866
29822
-15436
25488
28166
16188
11617
32504
-31322
-25301
10987
1250
26704
3268
14591
-1036
17042
10580
-18231
-3493
20515
24682
-21890
-16843
6198
-2479
-29017
-13193
-10765
-173
4383
17754
-2813
2080
29074
-20111
3959
-671
11075
-20012
-16631
31752
-12112
10068
11110
16287
17220
18590
-11600
-18023
-26241
-505
20418
-7717
13039
-21844
-17281
16232
-14840
9405
20925
18513
2744
2633
-15274
-17438
31639
-14963
-10754
26884
22992
9965
-23153
-22867
20988
-7427
-3116
-48
-19853
-25069
-21974
-22870
27703
-20675
-26358
7767
31244
-7376
-26492
-19988
28085
-8084
-16727
16252
-10702
-16288
-29931
28157
2354
21280
21536
9379
-16555
26634
-1768
888
770
-7609
12104
12092
1001
-19199
4645
22591
6342
-12004
97
3710
-22820
-31945
-9006
3255
-15106
-30487
-11613
-725
-3682
-24390
-199
6058
-4508
-17331
29264
2752
-4836
22099
30350
11364
13522
-16085
18618
10419
-12186
26964
6522
14709
-22467
-27572
31648
17439
-26117
2686
2685
17748
12907
27887
23260
-13844
27297
21232
1219
805
22376
571
-17993
-25388
671
-995
2544
10933
394
26613
-10119
9452
-25616
-28099
20499
-18182
16307
-17052
-15138
-19902
-21896
-26212
21971
9157
-20448
10942
-9011
-8704
-5452
-25932
-20618
-21280
25044
-8158
11393
20272
16471
-31489
-859
5468
-25174
17156
-21207
2924
1849
-18846
-25365
-28248
23768
-1048
-16449
9666
1258
-12264
-26727
-22312
-28288
18506
30880
3501
-12980
-27872
-1824
-9785
20743
11071
6205
-23602
-14362
-8865
11009
-28307
30989
-22106
-22892
16979
3533
-23663
-7423
-11040
32601
-21507
28379
23244
11393
-13529
18724
29647
-17676
-22640
31169
31238
-25648
-16356
-15834
32377
-28381
-16155
-15726
-17612
19990
-10780
-27068
19774
-16073
-25065
-15025
10465
24250
-24641
12179
17284
-14704
-29387
1301
-31315
15990
-31884
-15121
29593
11489
-15549
-17541
11638
21743
-6013
24472
9084
-21535
25371
8112
-17581
-1202
-24944
-3624
32458
5209
2738
18206
-16119
29267
12841
-15270
30169
7770
-22607
23745
26327
14408
-11629
11587
-23373
-19155
-62
-8731
71
12022
-26345
-14632
29964
-28652
13057
-12737
-3388
-25695
12050
1085
23056
-10068
-17502
-27825
25283
32509
-8321
14925
11723
31521
-24817
-21879
15520
-16608
-3040
-15442
-4808
-10103
-30632
-19766
5858
22065
-15633
-31387
-22779
5237
10368
22263
25178
-10295
22765
17742
-14615
20743
2032
-6512
-18778
12069
10425
781
-13311
27803
9798
-18667
-794
-6926
-15654
-2115
14557
-18362
5155
-12274
28638
-12216
-25516
-23477
15705
-11365
15940
23281
6068
-5256
-13633
-11617
-20902
28873
-13915
-31555
16546
27645
10794
-3352
8838
-2040
19104
-14975
-27191
2839
26257
1039
-26793
9691
-19181
25700
-2832
5962
-24868
-6452
2251
-28529
27296
-27494
-12897
-30586
-15188
10395
-21022
10738
-31368
809
11754
15737
-2128
-26318
-25982
6701
27785
-17885
15131
-10745
-15739
-25632
-23852
11728
32194
4766
27526
26972
-27856
-748
8910
-19464
-23246
15224
26850
24497
4900
-27938
-25419
-4499
-10117
7971
984
32647
29798
-11223
3895
8759
12845
20688
6042
31795
-17768
25758
-16912
1014
15409
-9155
21547
29778
6913
-370
29393
22104
