-26723
29641
-6924
15356
-12630
-26377
19672
18138
30002
18865
-532
-20036
-21244
2688
-25233
5554
-22020
-21421
1983
-14198
-28497
20580
11716
-10701
12844
7194
17489
-14137
6598
-19999
16072
10352
-23491
7107
-25441
29892
5400
2867
7302
21703
6561
16788
-11022
31521
-18107
-26545
-14770
17157
12157
31702
-11451
8354
9084
10358
-8048
3933
32352
24105
4264
-10344
26070
30522
-25639
-28664
-32161
-7953
-29356
-7341
-20395
-22319
25761
10769
1817
-26387
18124
11957
24986
7291
-21804
-17321
20942
-11274
-23595
10320
2655
-4062
-10117
11333
20802
30429
-10616
24671
745
12359
21776
-21992
15127
-29070
15705
30711
-28763
629
29214
-5295
8482
-18770
29965
-27641
19567
23775
13301
-26245
-18377
19781
-28543
-19111
-3575
12134
26118
14448
20557
5686
8716
-22248
27731
19701
-26350
-4982
-19530
-14223
18784
25506
31077
17270
4482
-6643
15977
-16617
-4409
-14381
-23278
-16691
8690
18567
-29776
27812
-6475
25932
30842
23035
9294
-8126
28098
-1104
24673
23871
4519
23762
-21023
29682
-15254
30102
-15328
-18566
9932
-12653
-5587
16714
23273
-3074
3940
-8899
24274
-25099
-23087
2570
-5393
-11148
19593
-8914
19855
-2239
8357
16050
-12571
-12113
-12665
10870
-29352
21264
11599
1739
-18282
-2109
4463
-27454
15420
28202
-23888
-28352
19736
-4501
3865
20439
26217
-5439
-5626
24064
19624
1533
23906
-24228
-8212
31856
-14275
28460
19505
-10539
-16763
-29025
-15499
-24789
2520
-9200
8586
15523
28278
-3171
-24811
21058
4134
15863
-20768
27831
12045
6308
-5463
-4226
-21660
9154
4156
-4686
5214
-32177
-18054
30970
6005
30764
9460
-8686
-7177
-17773
-14954
26251
10465
25868
-8197
19020
27445
13425
-28238
-15083
-12494
26735
-15038
14441
22058
-20794
9658
27880
-23468
-8799
-6527
2078
-22664
29696
22894
-7520
-6077
-22384
3375
-15001
20644
15952
20586
-29956
9979
-14756
-10982
12700
6520
-25768
442
13877
-17125
11066
5750
20432
8032
19587
22775
17052
1957
-18872
7997
-32079
30582
-12671
32431
12616
-6133
17342
19128
31878
-23029
21870
2037
29434
11157
-6812
-16316
-14541
12886
330
-16140
14149
-9802
-14065
-8605
-26281
16068
-15666
-24169
8517
8689
22192
-18354
-6100
4007
4857
-22644
29036
-5076
16530
-6149
18388
-27688
26890
19384
-18101
24364
8598
12740
26217
5345
18848
17745
-29270
-12960
4780
-22512
21599
7845
772
-10739
-14996
20033
-14952
-29645
-32499
4538
-9179
-5967
-16911
8555
6356
-24954
26019
3970
11844
1476
14415
6280
-31128
9786
16017
-20735
6432
19686
-29295
-2094
30502
-5663
-22459
-5950
-2365
25431
-12994
20199
-8383
-21418
10839
-24644
-25112
-3002
10047
-7336
-3233
-21688
1388
-18394
26744
-28253
-20664
22867
-18657
19378
21062
-13185
-8066
-20792
17846
-1588
-32569
23870
9283
-18494
-972
-18392
16348
-24753
25032
-6496
-20182
-22257
21008
15664
11785
4641
-13187
20498
-18220
-5559
-20100
-28459
-18402
27671
-29779
9983
-30076
-23597
4829
-22847
-19543
23177
-16553
-7257
-2226
17620
1474
-21683
20909
8292
24377
27715
-19825
15961
20939
-21239
541
14114
28419
11098
7748
-26900
31026
-13477
363
28245
4000
-32302
-28827
-25760
-15103
10722
-6206
-3694
18812
-853
29930
-18879
10620
11463
17879
20174
17861
31436
-4317
26624
-6520
-26865
-14393
22359
16527
-2866
28911
30312
-32517
-3312
-28953
-6293
-3354
2052
6783
13015
24530
22246
31518
-6603
3606
-12002
23459
-28910
-16404
-5627
20424
502
-3080
1479
13966
31932
-19836
27559
26219
-19035
-32277
-17439
29786
31097
-28095
29205
-12524
-17892
-17267
-22840
-20501
22845
-4489
-20954
-8162
6832
-1067
-3260
18498
-23352
-16370
22680
19345
-21795
-16110
27343
-32012
-15637
22940
-741
-22223
-3800
-23916
-14248
13947
-8324
26893
19323
-690
-3576
17883
15421
7368
5593
-29675
25430
-20752
-23744
8807
-2113
-26289
-19677
-12527
-31196
-10629
1212
25808
-31005
-20859
16441
-15328
2128
32269
14243
17536
2528
-14292
-2609
16580
22305
27626
-19362
3886
-14255
-24055
-10286
14504
31999
19351
31598
-9491
17508
-2593
27670
26043
-428
-9058
-32146
2661
26561
-11779
20470
24143
16180
19088
-8324
-539
-21164
2365
-31487
-19340
15245
30715
-15268
-15125
11150
19175
28019
377
-10429
-25084
17090
13477
-4304
18158
-13480
8557
-22856
27471
4128
-22827
25830
-28250
15987
1608
15222
29776
13439
19293
11067
11390
22275
-17734
-26744
-13171
-31085
-28163
-29111
661
-13881
28740
-4657
29672
-247
11269
-21121
15772
28280
-22144
24449
-17960
-5789
-16239
-849
14667
-23808
-13132
28359
30677
-24728
4597
28549
-1280
7566
-21481
-26257
29139
12410
903
-19038
32488
7132
-14061
15925
-27275
-15468
1521
-26875
17764
-27574
28243
-15936
-6051
32497
6844
12944
-21362
21914
-1356
-6329
-15471
31237
28803
-8399
20319
-11293
1617
6511
-8702
9726
-23181
27835
5024
612
-15404
-24840
-27822
12980
3668
-10928
-12904
-19525
-11063
-30985
-20448
8685
-5985
26033
-25280
-9059
1896
-17166
-8288
-5485
-23071
1289
27266
7901
14021
-2588
857
30761
-15594
5983
17372
-1048
5916
-21978
15586
24614
19635
-22330
-7134
30273
-16450
-20648
9046
-26608
19405
-26527
30706
29650
31734
27034
565
10104
22968
16953
11919
28570
-111
-13090
-31342
-28917
-28815
29558
8559
14508
-11774
-11892
25293
-15403
-25759
447
26587
-21136
31257
24135
18985
-19744
-7498
27490
-7672
-31312
1581
-29865
-14645
30217
31195
-13931
23329
31708
-5279
10962
28636
14798
25066
18597
25601
-11903
-15066
-21222
30747
-3708
-9759
-6632
13781
3891
17122
-18878
3697
-29192
2828
31769
13366
4328
-8396
14904
10329
-22029
-3021
21001
-6071
19096
28557
15809
-30684
20549
28891
-32344
30562
-14757
-4628
-1395
-29144
20591
16201
-16595
8888
23110
22332
29581
22057
25087
-19189
-20680
6100
-22253
-31222
-12126
-12771
-25921
5069
-8272
-16010
-1037
21064
1379
14875
27987
-7007
23140
-19566
-17557
26850
-21325
-29433
27385
8585
10404
-30425
-22762
14118
19393
-27597
9148
-15471
-23593
30424
-8046
-19443
3343
-11058
5027
-6653
-25676
26363
8727
18259
23895
-639
793
-6918
20110
30000
21611
-13064
27496
27971
-31211
-21656
-31632
-28595
-32292
-28951
8397
-20276
8769
24819
10313
-9862
23934
-12863
32475
-15141
-13004
-8516
25347
-19470
18288
6603
24360
20713
-25123
20518
-18327
31255
31059
21568
-24056
-29850
9375
27899
1453
16153
31230
15432
4587
9115
-12311
-11921
24948
27178
31727
23669
25970
-26206
8372
-18469
-2093
992
9947
-17371
11843
-20865
11088
12812
-24108
-14636
23363
16035
-32510
-11460
-25140
9601
28384
17385
-15743
5647
-24810
28343
30733
-7737
16017
-13153
-19992
20767
-26278
-8084
8284
-24744
5555
18938
-25401
-15871
15604
-9810
17568
9528
-7544
-3967
22098
3527
-9454
-1998
-20558
12754
-12585
11347
-16242
16503
23903
-7828
30493
28832
-24947
-397
29598
2355
15983
-28897
30926
-16776
24990
21836
-4939
28191
21899
-13789
8889
16802
-19844
19896
23455
16412
19502
-32276
31179
-13879
-4027
-11563
-30342
23326
-6853
20595
-22854
-11904
6758
-14727
-19707
-26779
-20213
2403
32661
-10211
12889
-27027
-31511
29475
-9659
20500
-32297
-19131
5797
17737
32020
-9522
25775
16361
18786
12292
12138
20615
-3811
16555
-30539
-3745
25358
-24814
-31678
-29219
-14958
-4793
3208
2437
26008
15112
-12331
17261
-8523
3627
32026
-31609
26789
2991
1200
-334
1128
-12594
24179
1621
13630
-5960
9055
-755
-27124
-30961
31266
28622
25488
13557
7913
-11227
-3166
-24313
26910
12616
18012
13790
-27528
-4011
8088
-9501
21564
-22878
28944
20978
-7952
1683
-17358
-24995
-3415
-31074
-11092
-13024
-30373
-8451
-32288
12560
2644
1692
-1493
24930
17134
23876
30318
12766
5801
15158
20842
-27240
25047
24389
13821
-5191
16319
16817
-9507
4090
-14091
-6547
7645
-26256
32657
6668
26294
-1871
-15906
19716
23390
-6260
7724
16585
5673
-2832
-23546
-20926
30797
26474
19258
2001
15860
-32027
29051
5317
-31884
427
30508
-30067
-11592
29796
-4543
23473
-15337
2328
13778
-30598
15498
-2204
848
-245
27633
11601
-424
-6288
-2836
21934
6295
-30714
22955
11140
-26764
-19774
20394
32145
8183
29623
1291
-2206
-28323
30541
-11730
-9591
27234
-30629
-12323
-27841
-32493
-942
7708
-2083
-4189
-12430
32657
-30326
-712
3327
23540
-16490
572
23744
-13628
-20263
-21910
27491
-12003
19160
22385
1359
-24338
-1180
10598
29574
11705
26809
20611
-23397
-23026
22420
24048
26484
18879
3717
-17025
20292
-31402
27560
12724
20415
32108
18402
-7223
27894
-3319
6087
-12088
-25440
-18154
27281
-2179
20284
17676
13285
3899
7720
10873
9885
9375
-27577
-10856
-30601
1361
27517
6106
-1126
-29710
-27376
-28774
-6311
9822
-17838
-11061
2181
-6709
-7066
24316
-16229
1074
-27844
-31006
21951
-18494
-22412
-15905
-28028
-15468
10710
-7216
16804
17473
-7701
5407
291
32095
-9157
2261
7794
1413
-2028
19493
19910
-18946
-9719
-25241
-28395
26108
18196
30592
-15562
23704
2238
13557
-5835
24759
-32664
-29014
14159
7848
-13568
-28256
-25973
-28752
25825
-11707
-28882
-22962
19923
10820
-5209
11205
-4886
12063
-15820
-23259
26817
21080
-20626
8501
-8753
-16624
29841
-22320
25281
4977
9986
-3261
-23171
676
7508
1999
-26254
-31717
-18453
18934
15598
17454
-12510
32671
940
14090
-4242
23124
-3479
-277
32027
5612
-20755
12701
-9902
-9776
26636
18467
764
-11992
19429
-30596
-18973
16060
-8452
-23354
-16797
24140
29873
1301
25587
-5608
-16402
28736
4502
-16239
28716
12817
14603
-20195
-10018
5552
25124
26473
-29450
-5604
23742
18028
5033
-19765
17384
8246
26642
22917
641
-960
28211
-10505
-22932
16685
-28246
-6807
-18803
-2154
-3793
24068
21932
17418
-3263
5409
-14834
5581
8121
11020
23687
-16419
18264
-18071
-1459
25560
-18602
-16324
-12192
-27449
-30755
28028
13379
32647
-2772
-19807
-3893
-26811
428
11472
-7168
2511
19820
-23879
3051
-20976
-30818
-10762
-6222
24796
22809
-16722
-13451
-30790
26425
14739
-31116
-23589
22011
16156
-2317
-25488
7802
15340
16882
-25710
2991
-19329
-3488
-3178
16984
16668
-7938
7713
25074
-25657
4541
-6124
11518
-29420
14103
-5089
6813
24343
-20294
24560
-2393
5230
842
3842
24836
28634
15037
-26040
19716
24143
6892
-17929
-32756
-21811
30256
-3030
-31441
-31906
21740
-24390
-327
29704
-12871
23419
-30395
2543
-6567
3935
-6486
17495
-2241
7273
-12578
-27203
-2268
14189
-21859
-6618
25254
13662
11179
-20328
15437
12165
21170
13227
-2453
-31619
-1341
17140
14990
11999
-25471
-23290
10581
-4759
8854
22968
2124
-5115
-379
17074
15176
-9052
28409
8323
10212
-12204
31396
-27592
5587
29234
-22449
-16108
27133
3303
-12319
-23685
7260
-28271
-2045
6733
14611
23440
9868
18021
-303
-8047
23699
-1249
-10053
29709
-24432
-4948
18204
-32320
-11895
-6416
-25869
10163
-23829
-21500
18647
-7396
25377
29944
-15209
-7136
31728
-727
16588
26316
1199
14300
9502
-24626
24010
-22873
-15261
20899
22181
-19670
-9766
-1286
-8751
12781
-21727
24500
1219
-15372
7520
8835
-23053
21179
-26565
25693
-22709
-8405
29588
-32394
21028
15159
-26857
-32093
-15714
8533
-5855
-2766
21103
-7972
780
5839
5197
14761
-22675
9216
5313
-21533
9808
-15413
-24280
16791
-11916
-30245
-23682
7346
24322
-13250
-9825
-2208
18066
-13810
11336
-7769
-32040
18124
-3872
28233
30676
31227
14940
9997
18898
32616
30384
29695
-13073
446
-17664
3443
-17123
-24154
5948
1799
13763
-11038
-230
13550
-17218
-4997
1590
-27991
-32498
-25426
19692
29379
5929
7810
2169
4154
3364
-9906
-25900
-22089
5803
-7841
873
-5676
14468
19834
279
-28618
-30009
-9068
10821
10890
-27825
-30236
-28750
21536
28429
11709
-27528
-29176
5332
-14996
-29182
-5051
28062
6125
17645
8466
-12218
-8625
3355
6751
-13627
-15527
14517
31949
13234
-9978
21070
-12554
14609
-23864
-19728
3642
32335
8296
-28762
-27451
11015
5475
-8667
-29994
-2695
-24033
-12069
28092
-30465
-11176
24103
-2397
747
30290
-12570
-20175
-26835
1176
-7179
-28052
31528
29617
29266
29394
-26964
20276
26613
-13045
-2335
17125
-18424
-22895
-2814
15818
6838
417
31401
14606
24887
-30300
-30312
-26075
24949
-25772
-5457
-25383
-17306
30184
255
-21584
9337
17435
12623
2423
-25327
-12493
31633
12519
-27433
1012
-15606
-12998
25849
17209
3456
-26673
9248
1494
-8865
-601
-20485
24646
-18880
-26359
-16407
1231
19123
-23142
-15888
-10422
-6163
-1003
-161
19075
29337
-15193
7454
-32045
-6998
-12757
15038
32264
29796
25403
-9828
15004
-18807
29401
11967
27885
-29100
28075
16468
12381
24608
-13354
-1418
17110
-25809
-9737
-6791
8201
-13531
-20646
18991
22393
-21723
-10549
4565
-7291
13688
25788
-2359
-8270
-29320
6827
9838
-21583
-23703
-4229
-3848
23717
-11258
5759
-20324
-7198
-11104
-11710
-21964
-18388
20116
-22000
-18057
-11934
11371
-12970
303
-1539
30187
-362
22027
-17755
-8953
-6694
-173
-26909
23187
25103
6973
-490
14987
30931
1772
11532
18743
11860
-5041
2258
-13920
2329
32118
-18385
14974
25908
9574
-22310
-447
27744
26404
-16165
-17041
-20108
2043
20395
-20660
-15786
-24319
-17967
17199
-5835
-11450
-30350
-15350
2216
29958
-18050
20875
5382
4840
-9768
12725
12841
-8181
-11604
16251
4170
-29663
6510
9378
25588
12270
1429
-4481
-25059
4821
27683
7792
-31964
-13531
14217
-25542
-19027
16385
15010
-21723
-28304
24361
-23416
30013
-4550
26579
29116
-32373
7974
-18828
-8154
25494
-17411
3559
-23881
-2149
21037
29693
-7340
12029
17984
21231
-21498
-8233
-3655
-2940
-19889
30361
-6076
-20568
-30586
15255
-32403
-27391
-11382
-30308
-20232
25413
-18368
17190
-23401
643
-26003
9095
28610
-1812
-22178
26043
-9004
-20872
12946
25459
8195
16898
3421
3653
16334
18173
-16494
4375
-27798
3494
18471
13581
-316
24873
11463
12436
-29331
-30235
-286
26175
3120
6563
3710
-13529
21203
6189
22772
6447
13119
-15167
-22477
-5835
-12901
-23650
-23887
-6049
-19574
25492
-15472
-5177
-18012
10400
12839
14742
2216
-17748
30699
-22713
15324
-29571
16255
8058
5104
-12732
-16121
21759
-7423
32667
-27271
-15142
-5139
23717
10814
19545
21358
-26528
25870
-7037
-8200
347
-14691
30085
9365
26226
-4854
-12648
-25262
9599
-32657
-9608
5787
6042
-29989
25361
-24487
-2893
26876
9168
21403
15437
-32305
12993
-1792
-24755
-4857
-7768
9290
-14554
-32478
-16111
18019
30813
-22892
-28092
5082
13409
-23465
-12929
-12753
22426
-16415
25057
17942
12336
8750
-10008
-31779
-19120
9637
-2106
1357
10257
-4401
5847
-18449
-6148
8082
20608
-27123
5379
-19995
-4753
25892
6601
-7345
-12202
-14164
-23501
27760
17183
-5633
26997
6368
-25972
224
-22143
-15409
1400
15705
30210
-28014
-6239
782
15302
-14343
26808
-15884
19684
-19570
-31348
26129
13685
27447
14116
-8511
27178
-29699
20427
17200
-29552
-16788
-30248
-14732
3750
-28829
-7690
-6302
14635
27787
-27366
11671
25341
31466
-29641
10139
30220
14305
-12247
26785
-17137
-32729
-18192
-8987
3966
23632
32304
28222
-20607
-29602
-26681
15853
20869
-24597
-18884
-20683
998
1464
-7699
16730
-9670
-17863
-19317
-14275
2950
-9195
-30045
-20658
25626
-22938
-29973
-20331
4451
9211
17246
4189
30647
-15481
-1200
-57
20300
-1523
-9357
11668
7298
4008
-1876
16811
-18675
-17826
-294
-27195
-25055
-16072
-30056
569
-1352
-27943
25780
-21974
18954
-17315
17327
8711
13272
-8511
-29077
-21386
30102
-16826
-21038
31545
-15200
24660
-24972
-25696
17082
30437
28760
-27147
6533
-8117
-28883
-17000
24225
-18274
-20182
-14101
-23685
-18043
-8121
-9921
-18136
-29810
25290
-14876
18841
-6763
-15141
12639
20782
1330
-13434
16822
-12396
21911
-27427
-26325
6969
21210
-11170
-6952
-16809
-32164
4587
3984
10728
-21106
-29925
24441
-9268
9327
115
-24826
16383
18677
11840
-29678
21536
-6248
-16362
6804
26591
-30495
22054
32528
-28637
31430
13777
-10326
-29163
26167
-2009
-28446
-3355
29694
25047
22156
-26194
-12760
-3606
-23946
-27276
9433
-21090
4634
26824
-6263
21551
-8443
-26345
-3221
-22317
15018
-13913
829
21522
25403
-20908
21337
-32192
13872
11782
4410
17929
-6928
-31536
-24543
15767
20193
529
4919
11740
-6992
32339
23386
-22841
28675
10264
31390
9626
3371
9330
12834
3158
-26490
-8423
7216
-26476
-13281
-30229
-14471
17258
-24143
8646
26356
-19714
24575
6148
-13808
16902
-1155
22829
23819
-30694
4606
-21383
945
-6122
11811
-31238
-15435
5031
-1599
4534
-28093
17129
-24677
24967
21619
-13846
31619
-28696
30016
-7037
-27956
14273
4080
21976
-30605
-7341
25515
-8930
-11752
-9967
-11560
-31469
-31945
-14805
15943
-30038
-23957
13461
1241
-27566
17539
-25805
21439
-7871
-31588
19928
-23499
16088
11534
-19185
20073
-25305
4150
12009
-25975
-25336
15270
20849
15892
-15757
-5257
-17245
-3061
-15224
-13232
-10105
-3711
-20652
16598
-15324
-9408
2432
18689
-14707
14781
-18628
27773
22679
-23562
-22797
-6187
-15298
-6982
20997
24243
21203
5433
1719
-23638
4965
-30846
24442
5050
-29995
-3168
22262
22771
16896
-2552
-7999
-7759
10309
-20638
31104
-19303
-12621
24439
-21199
20662
-14702
16839
-23311
-31477
21327
-17349
32077
-7845
11351
19224
-20120
3883
11274
9861
-9741
-30228
30698
6625
602
14474
-6928
-18559
-3167
-7617
25892
-20746
13495
19193
-32253
20167
-12437
-11856
-28281
20894
12727
-5555
6992
-9796
1928
-31906
-3444
4686
20570
5966
-1379
23837
2711
25863
-15978
-27149
22835
-4305
-25906
-30101
18105
30183
-11552
29767
-28401
7550
7653
13913
-13754
24575
-7184
-4897
-32316
-19944
-18841
-22314
1965
-13718
-398
-17682
12124
10596
24468
6113
23208
2148
-12392
-3014
6567
29724
-16328
-3208
22102
-28951
-8085
10821
-3561
16697
25943
3872
-13227
11126
-19343
-13450
6603
-30077
-7823
-8277
22118
-16510
5188
-25808
-30392
-24515
23979
-28312
-31124
3185
20650
-3226
-22429
23670
-19214
-20887
-29818
28185
8129
13929
-18267
3020
17398
-29626
22529
6598
28545
-45
-14538
2708
20945
-29088
12893
-11487
27913
-32682
27450
13056
-2227
17088
-17737
-9945
16664
-18967
-6540
11757
-5471
17049
-11712
20460
-13745
15135
24334
-11868
-26743
14574
13033
17381
-20741
-29683
-23585
-23800
32763
-14290
-23864
-21406
7896
-28517
6558
19842
-14739
27513
14456
-24694
-17888
7536
11568
-25977
-29800
5310
25114
3959
-31898
-3392
-7659
25863
-11408
13258
8989
19387
-9216
31981
23860
-17720
24170
-4046
26367
-11032
20565
-9543
13810
-32241
-28997
-10604
20632
3788
23843
4705
-26773
31126
-18312
-27024
1074
-27003
-27223
27817
-1123
-30391
-8468
-15756
28336
-27293
-3013
-21818
23252
-22937
13307
-6815
3138
-32162
-27516
-20762
26572
8927
-31283
-31534
-27022
-2499
918
27246
10219
-31106
-2815
-5376
1851
895
18939
22524
25585
-17276
-17636
8398
17491
-30561
31320
-20672
-6353
7567
-31013
-26766
-31824
-17314
14419
-25463
-27614
17358
-350
23999
29589
23055
29670
-10865
-3332
1767
-4420
-30315
31292
-3525
15665
-15571
12614
-24131
-42
-6331
11046
7862
-30050
21330
-9710
-29346
17501
1960
25620
-18653
-15137
10195
-2286
-19251
20398
-13097
13077
-249
-28028
19425
-11928
13405
31543
-9816
-13890
24866
-5095
15731
16184
-30582
13100
-18319
-15337
11276
25398
-11032
3149
-25
16424
-13639
-2129
-8124
-29834
9753
-4765
12745
600
-17227
16041
15875
-26300
-25690
16639
9339
-24994
12869
18062
-12381
18688
24042
-13492
15463
-29945
30945
-29837
24737
-2387
30791
9716
16270
-32635
-8468
5482
31303
21154
-21933
-8622
-22877
-10441
4379
20703
9281
9666
8809
19966
3949
-25014
-3883
-13531
18514
-578
2023
3480
-20368
-2323
-27409
-21328
-8054
-15093
6062
563
-886
19124
-10588
32457
-28643
10999
4511
31555
2027
-27729
-28906
28709
26361
5316
8246
31280
4239
16367
493
28135
2733
2302
24738
-18817
13224
-15840
14661
-8802
-7784
-15890
32371
-6864
274
-29584
-6907
-19489
24384
28463
-7455
-27205
-30848
5952
-24607
6246
17081
6657
-32141
23518
-30629
17710
-21291
-14748
29418
26590
3875
-6153
31147
-5454
13347
10455
5108
28158
-13875
17253
-13397
-13256
-28174
-14761
21517
6000
-1129
-11051
-7568
18775
-29635
-22600
24459
-4101
19850
-4632
-24797
14368
23920
29300
-24373
27713
-32293
-16009
6668
7850
-6105
21254
-30232
10125
-2473
16074
-25966
28251
1762
-23623
7544
-19321
-7252
-19946
-7595
-6399
-19635
-31995
26533
-22680
-20074
5310
31717
-26335
-25295
-32710
12530
17673
20754
2780
20450
-8162
-11551
-22379
32704
-18056
5084
-21110
-6716
30255
3210
9625
-22787
6293
-6775
-11212
28732
-21316
32472
-5946
-5294
-8165
-5150
-88
-22856
8547
12377
-16548
8223
-21695
15478
10302
32527
-29664
-25975
-25147
22733
5
6835
5694
-20995
30383
3234
-23723
-31575
21340
19943
-26959
-1965
18049
21779
15726
14768
-842
25310
-969
-2659
-25095
6457
-32065
-29941
22367
-29434
29214
9671
-15732
-11174
-15184
5872
28098
5055
9536
2292
-4964
-3877
21289
28935
-8055
20207
31800
20481
-23500
10928
18133
-22690
17377
26633
-16669
8102
6267
19061
5759
31734
56
-13281
-6742
21648
23983
26772
2932
11641
19462
23836
2787
14522
-9699
11900
8645
31581
-17659
-23866
26153
15577
-509
-4977
-30643
22107
929
-19154
26385
16607
19815
28886
19594
-5426
26566
1763
-4790
-5305
19922
-31142
26973
27217
25288
24888
8102
29099
1393
-3
4038
-30264
24352
18999
-12702
-4491
-25993
31057
24399
18152
4316
23967
-6604
13644
-2981
16189
-6856
-31027
-4665
-13068
20080
11004
17969
-219
4017
-5329
15624
28298
-8498
14703
-6733
-24837
-14969
3922
-27403
-29007
-27825
8079
-29006
11793
-4238
-23112
20145
14404
-18403
-11911
5906
4955
17493
-23029
-3355
-30102
-22376
-10701
-5503
17158
-22478
-18029
13357
32179
-17725
-14811
-23695
-30791
28690
-12420
-6853
21533
-19611
-26767
6373
-12071
13028
17778
29103
-14046
-7543
17878
1883
27493
-10598
-13101
-10134
-31061
-16770
22332
301
-11133
-16596
-21490
-919
-20333
28317
-1132
15139
-1388
-7241
26566
-3632
3498
-749
-23367
-24580
-1543
-14971
-21293
-4885
1491
-26962
25403
-13844
29735
24127
13919
-17129
-19719
-32000
32442
-6159
15603
-25461
-6380
-26729
-24027
29698
-28017
-26213
15248
3874
-3779
-18140
24927
21459
27736
-18623
28748
30637
15335
-10022
3805
-2671
3850
-15100
1661
-6535
-5603
8329
27300
2126
-21924
-28736
28112
19360
-31142
-21942
-5230
19350
21880
23700
19111
-10749
30129
17076
6565
-21436
-17986
-29648
-23825
24216
-3736
9383
-9729
9085
21010
20958
6190
799
-2501
-18268
-2895
-7352
20447
27109
-14090
-32572
1764
-13979
-20664
-30913
25730
-20073
19465
23889
-18193
19490
8268
31931
-8769
-14141
9883
-2329
-23874
27748
16562
5898
14599
-28146
3047
2920
-9569
16845
-31268
-11168
-17594
-21062
18332
23169
-14643
19458
-19043
26885
-16837
18614
4709
-4395
-3020
4794
-18914
1584
-2658
-19862
-8633
29689
-23858
21731
26237
26673
12879
-16540
-10271
-25223
-28456
-13298
-24438
-27884
17859
-23188
-18357
-18730
23612
12708
4969
29374
-24862
4698
15387
17968
23190
-4897
-7753
13064
32236
-7377
-30085
-17688
14150
24845
15103
24065
-13357
-3317
13768
-10737
-2591
-9046
8876
-14284
25513
12667
20292
-3449
7449
-23878
16802
-16506
-6369
21757
7151
19917
-40
26106
-15845
-20695
-7694
-17362
-215
-3776
-32723
1538
-29558
-474
4487
-27965
-26312
9502
-8473
22324
-15276
-7009
-2032
-22827
-31622
-1224
-4176
-30957
30642
-18863
28819
-20754
-10858
-7342
30267
3398
25927
24372
28262
-17823
-29944
-25570
-11930
-20861
29379
-7822
-17766
2446
-9307
-21981
-24904
-6945
-17413
-24891
-18399
-27310
22140
3141
-26545
8479
13941
6990
-52
-25936
29600
-28543
-1943
-10096
29661
14519
-31586
-21493
-8511
13963
-21886
29072
25665
8779
-13580
-9361
-17736
-22271
7435
-18419
-32617
-19263
11703
-28666
-29774
331
25428
-19133
289
-29464
32141
23687
-2911
-4107
-19437
-14687
137
3550
-9757
23631
-7645
17599
20038
30212
-20628
30909
-32312
14179
28840
900
-22357
-5487
-20664
24497
-2188
-7223
18060
14162
8069
-2291
5756
10665
21811
29153
6684
-4442
3980
18431
-18670
14081
11076
1718
2792
-5402
18206
-19708
20004
25480
10496
30133
12749
-9556
32561
-1743
-12162
-24119
24431
19570
10528
-20324
-29684
-30490
-2049
-1102
-7838
26340
31879
3874
18685
-5927
5516
30124
-27093
-17029
8110
-6643
10080
-7228
-8587
-27647
-3973
1267
-29914
-24672
-31848
-2127
31317
-9454
-14258
-14261
-12677
-3635
-12728
-9774
16358
-15400
19806
-7615
-7366
-27438
-5841
10768
-15633
10487
-13320
-2353
27091
23633
23120
12162
-8237
-1513
3747
1620
12467
-31843
-17268
12699
-22519
-13922
-24148
18698
32637
-30331
-17380
6503
-6055
-11921
-30221
26621
-18208
16669
14504
4648
-3817
17749
12095
-543
22270
-31420
-4553
-2939
-28283
-17883
21778
25460
-10350
28403
-28843
31614
8074
-2792
-30726
-10215
-7750
8516
-16158
-28914
6415
7557
-25669
-24254
7808
-1769
5633
22891
-29721
21715
27412
-3132
4509
-3958
-22906
-9874
-5517
12785
-9980
19469
2905
-19197
-7435
25276
5430
-14365
2036
524
14996
5852
-939
10723
28759
32074
-1203
1221
-28000
-21843
-13742
31422
-22397
6810
11138
-16589
-20745
12975
-23543
-24602
-19648
-2622
15246
-4580
-31400
16528
-31536
30100
25159
-29476
-13104
28174
-27259
20519
-26881
32018
3814
-23408
276
30036
-16260
32695
-17548
30264
24265
-288
-19023
2276
-18960
-13844
-21460
19103
1828
29073
-21952
16994
20994
-2381
31916
-28435
12823
-12666
898
17907
-17714
26351
-25188
20052
12569
17068
7015
-20057
6194
23304
18454
32652
-2448
19833
-27119
4105
18555
-9430
15737
4974
-1628
-10844
6383
-11919
-1491
-22087
2876
6819
-31292
20311
17850
24982
-3567
25997
17673
6134
31132
13285
-19487
-507
31628
-18008
-30780
-763
26956
-5885
31710
-15194
5895
31675
-15970
8
-9200
8046
-12903
32752
-16632
-18087
-2655
-30537
15734
-8009
-22375
-7481
28728
-20443
-15254
16624
3487
-27073
3690
24540
7609
-13082
21794
-9635
-20510
27250
17659
19824
21862
-18328
-12736
4890
-4329
17640
-27904
-22499
2443
5647
-27503
4775
-14381
-27440
-4409
-12416
-20955
-31447
3500
-6021
-15054
14635
-25011
-31603
-7806
17376
28355
-3618
20262
32339
-31437
-27899
-17739
27963
8341
-24106
-22447
-25356
23364
15771
-28085
-1469
-20532
-10580
-18615
12838
11512
-15920
-24832
-27537
-13507
-31178
28151
4984
8691
-22003
826
-113
14639
12708
17636
-20502
-16772
17564
9393
-15704
-2420
1841
16938
-13914
26243
32365
12815
21955
-3182
9171
-31528
7618
27233
21622
-10507
-30898
1653
-24613
4745
15897
5075
18531
-27139
-3754
16709
15493
30610
14632
12134
-27464
26684
31962
-12004
-10855
12674
-11973
-26628
13138
20239
-20124
-4998
-3077
32331
17557
25719
-11324
30064
11915
5103
16664
7091
-27677
-12771
21034
4805
-1891
-1136
-29637
13198
-11691
18748
-15584
-6134
15545
20371
11670
-15119
28321
13576
-6673
25541
18361
16370
-21791
3847
12496
2760
-21108
13254
18328
-16537
-12938
-12343
31290
-21392
-9394
27111
26127
19503
19234
-755
-6962
29880
25566
-32416
12907
7556
17165
3910
-41
-29299
26195
-12228
20040
-7769
-580
10225
6130
23476
24801
29290
8057
-20711
29739
26580
12880
-6739
-14368
12898
-14597
-4197
-17791
18391
-23505
-31990
21785
16621
-1458
2812
32160
-31917
-20146
-4755
1341
-11412
-28432
17217
-25845
-22031
7350
30770
-14752
-4974
-28333
-29766
28838
-9955
5530
-24548
3365
30822
-30608
-1640
30600
-12849
-32024
-29937
-1035
-470
-17224
18060
5349
-19566
-29524
-11340
26067
9430
-22879
19308
25814
30583
16515
-22642
2612
-24076
30723
13508
-24370
-7719
8146
20766
-15790
-28247
13626
25451
7960
-21325
-29681
23118
-8722
-10664
11907
22947
-21673
-16419
22797
-2737
-15324
31062
31044
25215
1420
1185
18229
5801
4265
-6744
7012
20861
27883
6528
-24194
-19254
18793
17663
-14365
-18176
-7797
-8891
-10329
20889
-406
4696
2379
23095
22178
14087
-944
-27040
27075
-8100
8955
32070
-14943
-17446
21410
-25439
29646
31928
-803
-13003
-9999
21699
8153
-11212
31176
-8908
-18778
-20332
-460
30764
-1672
6577
-22212
-7763
-3338
6933
24221
11580
-32238
24222
-7766
-12718
-19919
-16475
-20607
8234
-6447
-28119
11575
18139
29566
-13509
-12355
-16308
-8802
-25554
31784
26858
-25034
14532
-188
-14743
-601
-16170
-1197
17647
10115
29406
-9139
-21510
-5388
-32765
-8904
5103
-17464
16030
30265
-18257
-19671
30066
27554
-10356
22414
-27811
32397
21162
27962
29284
18152
3560
-5485
10133
-22781
14246
-29156
-19233
24859
-28697
-15432
464
-10712
-14634
30292
-12792
-24625
-9633
15427
-27132
-21420
-17588
32479
-6071
-15241
12413
-7503
-10290
11284
27060
29217
-22814
24134
32164
11605
-15171
-9647
-13306
4535
26781
23936
-31936
-29099
-27258
-30162
13057
-32119
-10842
9636
25403
-20728
-4643
-10341
4744
7033
-6457
25393
1795
-28759
21696
15821
-29862
13672
28584
-6973
13778
-24209
-1760
10735
28300
-22460
5829
-277
29833
28541
-680
-29205
10555
-19673
6114
25845
-17975
13995
10146
-29984
-29800
-11912
-28631
-26766
25795
20878
-5667
-19451
-13883
10511
8165
8640
-5898
-20047
30605
-202
-9766
-13832
-15540
-1424
-18926
11887
-29242
-6789
21078
17136
-20912
29115
-8243
-7236
24660
-429
17013
312
1685
-9107
19772
-22753
8295
29680
2832
-19797
-26887
-19907
14640
16191
22869
-5309
-4640
12932
14138
375
25805
-22738
-26604
-7435
-6849
-4914
-20572
1644
-15463
25161
5996
-27680
-7034
29840
29503
7168
-30619
7221
6953
1177
-7172
5005
15097
2876
-10387
1348
11325
-2184
28743
3941
-2601
-30242
3952
-19262
-17572
5822
29908
29284
-23177
20078
-5760
31861
-29752
11270
2816
23297
13099
21055
28974
13654
-14782
16724
-6187
28452
13295
-11122
-11870
27849
21097
-5017
-15358
-20522
-28533
-29801
-3066
906
28315
-16322
-5356
1413
-2192
-29456
5464
2946
18719
-20770
22072
32129
26236
23128
32474
4843
-30940
28855
14511
4102
-775
26360
30151
-12115
2550
26932
8418
6971
1674
-20707
-7600
-21940
-30938
-24079
-21276
8936
-32352
-14069
22382
-29993
22276
20242
-32728
7360
-17072
8892
7609
-1266
8754
30241
9153
-30
-8710
-7985
16201
12737
-12166
-25805
-12784
19916
20515
-31493
-5669
-29755
5248
-22313
-14511
3578
27130
14730
-5922
6669
11606
23181
-7691
15218
-21472
4026
16603
28220
8879
352
-23114
-8504
19190
18935
22491
-19788
-24929
10463
-22381
22200
5833
14997
18258
-13764
-19463
24289
15467
-15989
24008
-12419
-2261
-10095
15097
25989
-4979
2733
-1401
-28345
978
-24136
-11403
-20702
22504
-19000
1374
-11484
29389
-20737
-25806
-8779
-30858
-2291
-24405
-5877
1197
23166
-25075
30229
-2699
28054
-12358
9990
-6583
-31478
-27664
17588
1399
11571
12532
23521
6434
1798
-15435
-24086
19781
-27957
-26485
-3742
6661
21384
32530
15781
-15072
18998
18625
-801
-29705
-23561
-8056
-20056
-22224
22151
-1354
26072
-9766
28511
-24074
32718
-9790
20558
-4419
-11675
1778
16432
27969
-5344
-23681
2775
-26
-18101
-18949
-15683
-28249
-30854
-17767
16972
-24358
-19132
20627
8705
11720
12199
-5858
-16717
15425
-26723
-8217
8267
29057
9286
21011
20668
13956
6814
-20366
-6662
-28100
-10281
-13427
-17846
28338
18983
20736
11384
22054
18666
-6549
3141
-10658
-1786
-12851
-1242
-339
11442
-30170
-7321
8134
-24766
4577
-6052
-7998
-13411
-25035
11677
2589
-26600
-4113
22684
13060
13037
-31289
-4710
-14213
10158
21913
-4762
-25565
-17639
6976
12815
20341
-8635
-21091
-8131
-4561
-26389
-13844
25718
-20760
-12727
-18068
-18781
14385
-25301
10167
-29914
-29877
-31273
-5050
-25629
-12922
4416
13028
32490
-3529
-12113
24054
-5113
-24455
31743
-17508
-14804
-23817
27766
-17419
-26897
6266
22258
-13792
-12489
-13168
-18897
-3693
-21075
15747
18974
14848
16622
-12147
-9052
-21810
2745
-29637
-25839
-902
25664
-11834
-25287
22839
21748
23581
-6965
-13098
-16142
-18303
11421
3489
-2335
-12738
-12223
20718
3189
27135
28960
14809
-26285
-8942
-3786
13084
24376
-15324
15354
-22196
-32036
22738
-29990
-6135
30201
-26667
6264
26206
-19865
-5289
18143
17496
-24689
-1542
-11821
-14460
-21527
31096
15111
17691
-27886
-28480
-26070
-20626
9417
23030
-11833
3231
-27116
-1380
2180
31218
-30141
-22453
-27478
-15733
-24937
-25519
23241
-19378
-23776
10606
-30531
13023
-13132
4364
-4158
28002
27294
26534
-32029
-3576
-14226
-31741
19441
4222
-25590
-6506
-18527
-9335
-9618
-31153
26906
2545
23243
7922
-1929
-3348
13588
28268
21167
15400
-22282
31331
-9
32516
-25630
17103
-20169
29445
-8950
-15784
-214
31082
-32105
-4609
17392
20252
-7491
-5325
-13316
-27642
-16381
-14365
-1057
-28035
-9218
14012
21214
10341
4416
-8211
-22723
9657
-26605
-29488
4252
-29675
-13840
8321
7304
24802
-31326
20776
32066
-23172
-4852
26793
24021
10415
31086
-14136
-30662
-13
-10971
-15166
-8877
-17293
-5247
-25692
-8014
9797
27806
29376
31570
27330
14441
-5511
-20996
-21264
2392
30814
6181
-12199
17416
28937
-14794
-19339
-28883
130
-20035
8262
-20594
-6749
-11680
-18870
-25388
-5377
-26261
-4123
-16226
17561
25667
21322
-19411
-12264
-26996
-17689
18684
-21165
-16679
18612
-20879
-2875
-3796
12364
20143
26445
-10565
-5043
7471
-3931
2439
11400
-17728
-12064
-31413
14448
9073
7367
-29275
5820
-20483
-29447
5904
-19570
17396
-21366
13654
-18536
16531
31900
-25673
-4999
-6492
-15323
19495
-10638
-30197
-536
27939
28141
-22571
-16275
-11516
-20404
-25608
20462
-14856
-8768
19623
-1319
-26402
-7248
-9239
-7295
-22686
24584
-6380
9644
32314
-24705
-5916
-11783
-24170
-2987
14320
30918
8439
23662
-9558
13916
-12841
-13666
-20956
-5955
-28074
18907
-32480
-18674
22809
11841
15919
17614
-12383
1648
15095
11700
-8899
-10627
-19164
-15143
2360
-16011
5983
-26941
-13568
22466
-4666
-7145
-14440
-28081
-2201
-2961
1371
18522
16922
18185
-605
-11485
10129
-21255
-4719
15259
16040
-26180
2261
-27353
-29893
-14985
-19180
-16203
-28346
-11877
-15459
13907
28869
-8185
6032
24443
-4147
320
-6426
6105
31056
-25299
-29813
20398
24810
-7762
-22674
8400
7124
-13663
-3615
691
24582
30329
1364
21075
20433
-32304
2727
4947
-304
-4821
-24671
-20952
22400
25275
17711
-29757
-9466
12232
-11816
15867
-22089
-5907
-32247
-12653
26259
20957
11982
515
30885
198
11924
-19238
-24478
22080
-21571
-19996
22973
14710
-661
-23127
11374
6281
11347
-18761
20898
-9415
-16480
-28993
-8601
-9026
-10990
14515
802
-19465
-4060
-1652
-15890
-25312
-7934
14664
-14526
-29605
9566
-30114
16181
26129
7652
-24962
23810
-12399
-5915
-20873
20270
-20050
4289
-1644
-23066
-31543
-20722
-29857
9435
-435
5624
-10154
30818
18016
-8284
-11248
-18080
13806
6619
32765
31151
-25976
17833
30085
31518
-17394
-23956
-13647
29115
15727
-18548
27894
4588
29773
-27939
-8349
29338
-25544
-15188
-28416
-18804
11290
3360
-25301
-25376
27181
-16022
-19140
16815
-24395
-31301
-8834
-29153
3787
27124
-30287
31920
-22361
16911
1444
-13901
-16478
-8382
22761
-11738
-31957
-8007
-7213
-23374
-5731
1110
-25853
14217
26999
23135
9492
-20989
1378
-7518
24858
-29280
22688
-24294
-30369
10824
-4586
4658
13234
-21363
-25591
-13524
-4138
16416
11803
-11135
-1675
4202
13528
7113
-1222
-6413
25473
-17621
26313
-4486
27649
-14645
-16723
4240
1754
-19733
11081
1296
-23707
15146
-27997
28355
21585
-21859
31576
12209
16346
2384
-28041
26896
8208
5662
-14488
-11670
-20230
18413
-26282
-26649
-18201
27781
-11843
10676
31015
7011
-683
-1932
-10800
-20528
17772
32536
-1056
14446
13950
-17508
-9946
-5087
-13572
28936
10843
-26165
30502
-9482
24877
-8581
1595
-7714
13885
28905
-12716
30423
-22053
15061
18250
27826
-13589
-30180
23170
19917
-2877
8217
-17340
32505
24265
19207
-6321
-31382
-19686
-9094
-7808
-31214
-27153
-28018
15462
18551
-32175
26574
-10226
21482
-22549
23357
14214
4112
13149
-14013
-13427
-17250
-2834
-30370
-26189
15948
5509
-2435
-29154
-5383
2858
8476
17549
-3277
17065
32380
-15477
18180
-9284
3415
15633
-9898
3280
8444
26155
28515
30872
-30893
27896
-30464
30778
-10979
27343
29637
-9262
-8325
-29197
20847
9026
-9635
-5713
-16351
17392
-6194
-10123
-95
21643
-16262
-12867
-27289
-24854
24396
-20433
25074
9901
-15935
-11256
-26680
9856
-7237
-2376
21798
31417
-11767
20960
-24867
23897
-31716
-19206
26931
-20120
11228
-28787
-1128
16417
5268
16007
-10725
1497
17166
21220
1604
-28848
-26667
-7241
-12718
-21102
15474
-13854
-21162
-23796
-7888
13896
3468
-136
-10534
-7278
-19780
32635
525
19099
-26092
-14308
-2901
-21419
-13988
5230
3271
-12947
26572
-3419
-15238
7430
-22946
10005
26217
-4170
23249
8508
-3018
-24989
5271
22539
-15625
9533
-11650
-19127
20836
-20950
32127
26804
22682
-29826
3186
-24536
2129
-29486
-4815
22954
22709
6639
3620
11980
14391
-14904
20390
-24159
-28106
392
32054
797
-6004
22373
28814
-18008
-727
-26266
-32305
-17805
-8800
-21672
-11490
14966
-18374
4488
-3641
13160
784
833
-23155
5334
-8134
-258
-6801
27478
20469
1125
-819
7317
-19995
-708
-16992
28981
-14761
28620
26426
-32155
-17991
3597
12472
-29694
6293
28585
14905
15917
8024
23737
-26675
-21610
-27197
27556
-17332
-16940
19699
-1401
31470
-30307
12762
-29514
-18762
-11344
1810
7252
11066
22839
14980
8433
12966
-12503
-18196
-17509
-9994
18524
29387
-267
8021
-2656
-2204
-2676
9324
29641
-30511
-22707
-26370
-195
-6020
5061
29633
-27069
9645
75
7078
-32671
361
18615
18635
300
20074
-10470
-23256
-32627
23998
18844
-1254
-18436
6798
24945
-2624
-32240
-19173
14413
-27280
-3119
-25012
-31603
7309
1045
26399
-21621
-10965
18182
1796
5317
19593
3351
-4043
14559
15168
13891
3818
2475
8268
5188
-30825
-30742
16940
11092
-26962
-29845
-17825
31998
-22068
-1336
17800
-9849
13399
-19829
22361
18158
32195
16721
448
-23140
23051
-3304
2967
-31343
-438
-3998
11585
20488
3934
14688
-24584
-8900
-31995
21194
-11404
-15614
21023
10674
-21064
-16994
30238
-23302
-22101
12532
18931
-16793
28604
26202
23195
25182
-22770
-3069
21912
9264
5335
-990
31172
-9575
19282
-22061
25786
-23284
32224
-8142
-19490
14132
-11041
4879
7175
-25113
16052
5959
-28487
13235
30562
7246
18248
13426
6732
8538
-20335
-26859
22889
-16779
15594
16948
-32240
31024
-30679
-26593
18017
-25879
1323
-6776
-10124
-1314
16112
681
3316
-8396
-12038
-571
-941
-19635
-20410
-27084
-30711
2628
30789
-15127
5789
24403
30714
-10145
-11352
-16595
22610
-23072
-50
-27819
-32694
-3508
28862
10009
-17657
28461
-23215
7472
-21134
13577
19173
-15961
-11720
-3147
26114
15783
10378
-7700
4394
-27554
9545
-13623
6752
32325
24814
-2316
-2174
-27162
-11673
-32390
-2730
-16427
-21225
7237
-2195
-4450
-16944
-23145
2664
13112
-5112
-11281
-16236
7637
-14993
5189
11948
32212
28171
-17213
31123
6907
-4616
-17776
8573
-3697
-11497
10505
-10046
13125
10495
28357
-30813
-31018
-29754
729
27835
-12013
17496
418
-23900
30520
17784
19070
-1997
-8993
-5307
-18674
3916
-22514
-30489
4175
-30281
13446
27712
12735
29695
-31704
-12880
7612
25888
31922
-22667
16991
-6289
28903
-28669
2001
22548
17458
31728
12569
14654
-17736
10318
23364
22952
1836
-30024
-28071
-563
-29770
-5266
-31955
-9109
15950
19219
7432
-30624
32343
-4404
-4160
11277
-8988
31943
19638
-1571
13682
28735
17653
-7430
-16394
-16470
22450
-17825
-26680
30952
6912
-919
-31210
-7879
12115
-27017
-660
-7271
-28440
14906
-3657
4339
31163
30248
-1603
3192
-18225
27320
-7896
-15592
32746
23834
7019
-14624
8581
-29363
32494
-21931
9167
4016
26272
4790
28978
14154
-8899
16258
13573
3818
-6463
-8928
18135
6538
3893
26119
-12629
26489
-22655
1148
5727
483
-32757
11835
32535
27316
30340
-10949
-6585
21775
-20327
-9796
-22076
-10470
-8075
20391
12192
7612
-16130
-12883
-4089
-3744
21960
3236
-21178
7357
-31617
17140
11323
32253
-29447
-25947
-15683
18478
-10326
-26250
27285
-31908
-17070
-32
-27668
31059
-11954
8101
-15116
28409
5866
20771
15355
-28669
-9632
26064
-31871
-4294
10638
10691
-26486
-22148
-26925
11684
-25014
17555
25470
-31386
13987
9659
2582
-27253
-18733
20164
-12465
-14155
-26151
18501
-31936
-23045
14525
1429
323
6766
-26098
-8865
13548
-30612
24703
-28698
-20326
25599
-1520
26330
-24512
-25129
12737
4858
26926
30083
-2055
20534
-16921
-21557
-14841
-25823
20457
-17809
24676
-2480
-5914
-32515
19703
15474
9981
-495
-18789
-1185
28402
-16408
-25918
3370
-2082
31360
23526
-13030
-28862
-26508
-23643
120
-2529
207
-32104
30582
-28967
3229
21954
30002
20727
7962
7412
-29759
-23430
-30487
21961
16611
-5204
-21957
20671
-25766
-3547
621
15543
-13951
-8666
-10710
20189
-1348
17697
12887
27416
-6166
-9127
13004
13613
12968
4452
32561
-31296
13543
-12023
1332
-10153
-21939
27316
-1349
-5198
20188
31088
13826
13294
-15245
-9677
10559
24280
28583
16328
26794
31438
-16599
-1739
13036
16387
24778
23676
19937
5770
-4468
32716
21767
5560
5176
-24109
-17556
22048
-25032
-23191
-15880
2289
-14505
31746
20677
17678
2816
-15835
-8185
-28213
-17946
-20844
1530
17612
-8974
24316
-9011
-22087
31757
-10076
-13131
-16265
-13334
-8108
-9360
11389
-22189
16925
19942
28493
-24060
21893
-21580
-13338
-8902
7705
32239
-27932
26022
-28292
15870
-22623
22648
30602
-11488
2046
-18942
-15325
-30758
15377
-5722
-1614
28546
-30088
-4700
26956
-12884
17099
20252
-29229
-12044
-2935
5392
-12091
12185
-15826
-25339
-27422
-6189
-10630
-4220
4115
13281
-15375
13650
-29804
17854
10155
-30192
7065
991
-17897
-14833
20783
3154
245
-27914
18405
-5950
26191
2258
-11672
-827
19924
2801
12180
-15668
14696
18557
-6436
24655
-8610
-9825
-26601
-10185
-18907
28790
25876
-25227
28220
-16123
10969
-24165
-23599
-16740
-12247
19686
-29134
-3426
-16893
24869
7500
26282
-6763
18398
-27801
-12464
7915
-29483
24267
-31183
25679
-12521
25195
19766
30217
5714
-21008
2558
-17484
-15839
-27532
-20311
24762
20559
-24328
13056
-884
8913
5491
-21780
3274
-6416
15526
19189
15630
18229
16122
29042
-14028
23916
-26154
17413
31676
-10825
16825
-17091
26313
-29448
-5661
-1595
32611
-1005
-11812
8534
21077
-14719
28960
-16422
-21866
25404
32357
-26119
-27418
-1260
-12550
-9661
-18385
20192
11148
23013
-28776
5058
-22622
14805
15417
3423
-17332
17791
21472
25001
9429
4388
11783
27484
-22290
14213
-11352
13079
-28909
12121
-31135
24901
-6020
11066
-18714
10753
-24011
20343
24078
-6447
14968
-1163
-1931
-7279
-7939
-22020
-11351
-17385
-12534
-20836
-23420
8918
11014
2888
-4599
-30681
-31136
-12352
28954
-29787
7924
-13274
26321
18786
30821
-13741
-1972
30986
-8778
32028
12217
-23237
-22852
-7802
-655
-7528
5746
32755
14315
-12339
-8205
5472
-16423
28028
28505
19563
-14170
-10318
-17111
-15944
22201
-19460
-11644
27069
23083
11686
19933
13646
-23430
24909
10356
31968
-28341
-12849
-28813
7722
-30467
-19161
-1460
11391
28326
-28356
-11308
-2832
4394
3304
-5468
-13506
-5152
-2963
-12222
-28172
16422
11162
-13355
-20257
8767
3613
-7670
26659
-28186
-14212
-497
-30736
27271
-1873
-7816
-12715
-1099
-9834
24447
28457
-12121
-10670
-32647
-13352
31317
-3962
59
6504
13603
-5560
14636
31026
-25228
21314
8141
4253
-30287
25284
-17672
31751
7432
8053
-30586
-3140
-4540
10924
-30442
-19865
-9219
-21520
19186
-22660
-24903
29050
371
21317
-1542
-4610
-18434
-17337
19571
19126
5134
-24926
-16736
20625
-962
-17399
30972
28029
-27064
-20645
-11128
18416
30190
-5002
32767
-32435
23380
10313
-10972
7056
-7221
-21938
-8236
4974
-5647
2852
-5884
24044
5029
14281
6048
16215
-26508
31687
-5298
-31835
22637
-16592
1314
17421
31953
363
-6017
-29397
-6456
-8010
-22413
-16152
-31827
-19636
25917
-3826
-21738
-1594
16399
-15801
21167
15601
20211
14488
28439
-4339
-18585
-7734
27954
24346
28997
-11714
-5144
7117
-2835
11868
2141
5364
-29789
-7362
-233
14497
-29882
-13453
-4646
-31583
13832
17000
-32408
-16727
18239
31930
-24174
-7185
-22851
21515
14211
-10153
-10358
17836
-665
22987
1857
21616
28437
-31363
26599
2558
30431
-26038
-2200
-17860
-27644
-9008
6412
-3566
-28187
8572
-18190
-7368
12318
-26433
-23285
-9305
-19671
-5328
-5153
13767
7595
13554
-14576
2892
22575
-26471
-21953
-10735
12046
-22323
-23455
-12503
-7565
8468
9385
11880
-10863
-22155
-3796
18825
-28336
-5740
-6224
31277
-30076
21497
4925
8141
2412
-24184
342
-18505
-7739
31690
11695
-16705
30119
571
14706
26273
5404
-1997
27322
12060
-507
-4815
9662
23417
-2674
31869
5140
-10695
18407
-9604
30989
-11975
30623
1380
-15285
7857
-19815
-13486
-25050
-10563
2180
10991
16299
-28404
13283
-27778
23250
17469
-20544
-30374
-17210
19204
-22460
21794
-1903
-17513
16239
-11731
31547
25766
13440
-21627
-5288
14736
23447
1294
-14327
18990
-18204
12834
-18249
-30718
30660
-9471
22906
16181
31585
-9203
-13318
-3599
-20958
4990
-25588
20437
31228
15080
1325
-11008
-30091
-8896
26382
22516
-24125
-13762
-28640
20796
16262
-2347
-32145
31489
-4921
-16652
-32602
-3936
2689
10379
5549
4619
30893
-23189
-7473
-32558
13870
-19941
-21333
-1013
16254
21794
23843
21538
-13264
-431
-3606
9329
-11674
-15689
10016
4407
-28575
16578
26866
-2404
14905
4879
-26340
-1634
400
31217
-8604
-30992
6495
-5384
26796
-23461
-19984
4029
-19458
21636
-12160
23651
-12036
-22397
-16006
15458
17618
-3435
618
-1036
24850
-19042
25265
-28967
32178
-17226
-9380
-1342
30305
24045
23606
-29627
14000
1336
15341
-3778
11177
-2749
-8900
-22044
18962
734
32222
14599
-29973
-27914
-14803
5492
10005
3202
23412
-7175
-3314
32360
15071
12972
-17457
-12942
-29351
-11599
-13877
20895
-18007
-3892
-26257
16650
17768
16969
-30876
10290
-29868
-25826
-16332
-18291
10252
3313
-25125
-3479
10867
-4689
17419
-31266
-4966
21524
16119
-7263
31125
-25021
12703
14608
21668
8854
6842
-29064
-19809
1686
563
14699
-14523
-23737
-27720
20720
-16403
6061
10895
-7516
25655
25092
-8519
-7427
-13197
30853
30783
-20273
20834
4850
-19761
-27383
-2773
27033
2160
-31705
-2387
8946
-5074
-24216
22737
-30685
7068
16439
-22048
-25841
13675
8252
26120
8190
31921
11531
1155
10438
31737
-20404
21135
-10513
13015
-28502
352
-29741
17916
-17194
20452
22736
-25866
16181
-16827
-4752
20994
19675
27144
-4107
-3330
-30347
-6706
-21732
-12597
-1253
-1732
-29477
-12342
12524
3831
-23794
27194
3984
18929
29406
28561
-15771
14867
30837
-31633
32033
-16858
-13624
4721
-7875
-3818
17570
13038
-1563
19915
-20784
-7304
16332
29301
-339
28727
-3563
2333
-49
-5886
26270
-6918
-12290
20138
-3635
-1606
20638
-25107
3463
30753
-12191
26155
-11410
-29430
-4171
-19632
-19477
24470
30704
-13793
20592
-28714
-22068
23948
-4847
-9734
-4061
-23971
-28190
18798
-8305
895
-7760
2708
-28093
-5672
-28404
-14513
32143
31055
3291
-29362
10089
7430
-6533
-9989
31872
13718
-20996
20563
13320
20533
-6858
8082
18842
-16912
-1922
-3217
29984
-24249
-2825
7264
-5801
20079
-7249
-25748
18174
21474
-22724
22233
-19554
18929
19486
8292
32175
-14505
29318
20804
-20740
-19253
-29204
23445
21066
6046
1306
30426
-25346
-28074
85
8821
20264
-6600
29042
-15960
-26895
26120
-15774
3644
-26876
-602
-10923
16026
-14631
-31746
-17414
16411
29604
17609
-24137
-4813
-19864
-25832
-15211
1836
25341
-27756
-27437
-27749
14743
8669
8599
-4286
7138
30004
-13046
14840
6118
27042
4547
-13783
-5505
-31208
-21209
-29552
-10536
-32272
-30571
8093
32329
24109
29663
-7717
22360
-9637
15507
23648
-9693
-17896
-4613
-21563
-4721
-1877
29312
10156
30685
21052
-21899
6184
23533
-26444
11922
-10447
4159
-25661
23398
-15155
-14261
27092
-26411
-16754
-5747
8520
29114
-7252
-3813
-30030
-13158
3412
-31168
-29457
-4038
-21625
-12824
-5938
-4485
-29003
1813
24490
-5417
-12196
-29963
5404
-31162
7780
3234
-28286
29885
8353
-22296
-5582
-24784
18668
-17045
16975
13155
-21535
-11020
-16649
-28738
21198
16511
-2682
-7504
-14094
-7636
-25117
15214
-10845
18180
11620
1279
-28489
-26313
-17718
-11708
-9600
-8307
-32701
11311
31644
30481
15501
165
-26609
21356
-17380
22578
9650
21679
29984
-20902
32618
15804
-31635
30190
-31379
-9722
-28563
-21815
2275
21805
-5753
-7031
-22464
-13056
-3163
-23013
14008
17749
-28909
-15973
23443
6922
-24654
-23339
-26076
4718
25669
-1973
20584
-30424
-11613
14017
-10880
-29113
7420
28111
31851
-8547
-25983
-6448
4408
-8521
-17807
23755
24747
-20540
-29842
24798
-13853
-7676
-22750
30214
22717
24524
-30719
25791
17391
19662
-18036
13246
-2257
-2649
-27267
1739
-5226
25486
19950
21132
-20906
-5833
-15989
24485
29250
88
-2037
-29095
-22996
-12844
10933
-20047
1406
25213
12448
19450
-25962
30376
-28097
29051
24799
13109
24036
27465
-26521
-21258
-11947
5559
6127
24154
-10568
-25477
-7805
21860
-32272
6641
18707
-20985
-24983
-27142
31971
13864
2955
31109
-27413
14259
-2747
27883
13969
24364
13390
-13666
21528
10423
11145
-10454
23862
17303
4307
-29243
-11258
18747
24167
3269
25091
32031
-3343
17192
6613
-26796
-31294
7294
15480
6175
9515
4854
2073
-15350
25360
-13341
16317
24314
31755
7012
28336
1348
29392
7125
2595
-14288
-4116
-2090
-15532
22080
-13600
-30875
4736
-14391
-5654
-26879
5537
-23236
2908
31154
13004
18966
-32192
31430
-16040
-12843
4005
7794
-17565
-9240
-8175
-31347
17009
-6431
22319
-31266
-4709
-1203
-12372
-15733
-8057
2228
-19408
4709
28916
15800
-17513
9044
8767
-11825
-30328
14244
12457
-9603
17565
5232
19690
-31415
-17403
31939
-5776
23601
-20319
29482
12767
10552
-6172
10854
-32231
-28921
31648
669
-23576
8484
-10793
3557
-15344
-27103
-15659
27165
-20371
16341
9774
-23701
11056
-30869
-9610
-8754
30237
10709
5707
31585
-30595
-27039
-8199
-5120
-10403
22992
19046
14096
8925
22922
26899
-22184
9147
20468
-5131
-10867
8509
-14958
-15165
1329
-4580
24219
-7981
30663
-28687
5514
-27914
21223
-19155
4893
-3655
-23433
23714
20223
-22289
1833
14713
1254
-16299
2525
-6804
25046
-23462
5454
6210
32154
-26444
9835
26394
-8298
-20735
30671
-7695
-27549
-1538
20715
-4093
3085
11727
8524
-18802
-661
-8226
13438
-27360
-28331
30512
-29295
-15673
-14164
25747
17603
25551
4230
-18757
15703
17707
31345
24165
16938
21078
-23455
-22254
27350
-29221
-6121
22522
1070
-2331
21727
-6447
-5135
-22525
21417
-463
-16512
-21227
27499
-29641
2614
23214
17924
-1966
-23801
-19885
17231
-4047
6300
7336
-21341
-13021
-7389
28920
-2346
-20837
-25501
23220
-24864
-24291
25061
23760
-10235
2908
25463
-4021
-3273
19880
20701
7561
-15897
7103
10804
-26260
5844
32114
25009
18068
18307
-30029
-32628
-13655
-13837
-11263
24659
6099
-8261
-10621
9131
18482
21078
14036
16620
-30308
-440
-8560
-11920
-14604
7008
13434
32086
2843
9947
29331
6082
32118
25831
-20738
-13522
-7689
-23042
-5274
-10104
21702
6610
14322
9139
2096
31747
4166
3560
-12547
3780
-17804
-30695
24251
16097
2713
17682
10162
1013
-31173
-26087
3499
28220
-10956
13732
20979
17781
-23657
-27752
-9247
4668
24831
31415
27732
9676
29225
-29778
23867
-29724
15456
-12628
-16990
-6194
-25595
-28827
555
17730
-9396
17360
31044
523
12646
25378
31212
22882
19038
24115
-6510
10750
27998
21221
23683
8705
-24159
29841
-27345
22009
20307
11185
16634
-2045
10299
26274
14670
23871
-11092
11717
27317
-27860
1457
2812
7718
17273
-1715
27394
9986
-20392
17292
12921
-7230
-13087
10499
-4565
6535
-3177
-828
23594
6232
-29025
10966
4112
-3088
-21557
19106
-10610
-21446
-1479
6519
-22588
-21263
18230
18231
-16885
14294
-989
15586
12809
-8
-29758
31024
27358
-4857
3038
-22328
-4808
-3493
-12064
1388
-18459
-8100
28832
28242
-17036
-22350
8640
-21497
-11878
5558
15248
23159
-12291
25700
-479
21803
18703
14436
20569
26298
-19835
7378
23763
-5025
30750
22451
19093
-11003
-25506
-15902
-25581
-17742
29830
-20234
-26533
4197
-3410
25273
-5657
8807
-31861
-31066
-567
11824
28888
1417
-9881
14035
2651
8703
-9909
-18968
-29563
-8219
10684
12996
-28182
-30202
-23490
-24329
-16364
30885
-642
26015
19571
29705
8243
-9790
-6631
-20125
30210
29217
188
16316
12115
-6184
1007
-15239
-3830
-20241
12457
5080
12446
9517
3723
-12232
-32441
-29094
-15833
25431
4056
-12689
-10309
-30781
6982
27188
30933
-31911
22627
435
-11419
-5132
32701
-9429
31630
9636
-5077
19720
-2051
20707
-15837
-6771
-22347
-10308
9582
27987
-7273
-30684
15986
-24404
-9626
-16723
23381
-11210
6011
-4923
-21317
-30014
24023
-28174
-12862
-29618
-727
-19426
-19637
-6902
-27620
-4885
-29836
-8194
-23303
20183
-15854
-29554
-2133
-23088
-7724
-22317
2064
-3354
20888
28166
-23526
-7367
-14792
-13924
32673
-15345
-5577
-16886
25452
24592
8896
-22223
-9220
32488
31688
7554
-19618
23707
-24486
3471
-17591
-8204
-15973
-7903
-26754
1812
-10602
8226
5094
9123
7073
-27883
-32468
-21273
22506
-8734
-19500
-12431
-25989
18202
-23154
1617
-10307
22616
-7139
-9628
-14440
-6630
14154
22880
-20792
-31489
26019
611
7902
32725
6091
29058
-12486
4779
14231
-11191
-1011
3694
-12512
6442
10985
31849
27642
28223
-2258
-24239
-24149
18484
-13304
31788
11402
30116
-14181
27264
24088
-32686
30819
19592
-7304
13854
-19061
-28514
27160
23719
30926
-10961
-13303
7032
-25911
-6441
-1785
31447
4423
-8062
-11847
9054
-6316
-14665
-26939
-175
-32430
-30632
-7098
-18229
11028
19885
15465
-18577
-27694
22614
16790
-28432
-12938
-4551
9701
-7792
-22548
-7213
-6293
12078
23613
10962
-15496
28425
-2419
-6200
14967
-20078
11267
-21047
4119
13804
21073
-26814
-13202
26213
11101
19639
-18442
-14100
-28383
-5790
-16021
4059
4430
8492
-29015
-15536
26737
