-32730
27799
-26510
-15015
16803
-6227
-14695
-2073
17438
12154
26820
-8047
-4495
-29393
16592
-3549
13645
-30776
-12034
-7079
-13278
-9100
-27160
-9118
15298
24126
-12778
-15344
11723
17063
12605
3721
9808
12751
26608
21099
13715
-16404
-8293
20040
-6351
18064
-32247
-9744
-13289
20793
29677
27485
13155
23028
29253
11306
-32577
25962
5989
393
17152
-13908
14561
-27001
-28301
6650
-13028
1726
-7343
13551
29340
29480
-15576
24168
31909
-7656
-16830
5836
-18235
-22582
23041
-16475
-21053
-23366
-24150
-24329
-26768
31446
-4370
-20611
-15599
8124
-15766
8799
18875
-19968
-6984
2149
21678
-28413
27464
-9297
1551
22302
21989
29095
-15317
1938
29929
27953
-11717
18906
2401
-7347
12579
16035
12965
12228
1653
32003
-5539
-29967
-11422
-12981
-5873
-25761
-4244
20960
-24445
20065
32457
31019
