30130
-8428
-9038
21675
-18880
4711
-3231
10523
11557
26519
-10457
15345
-26340
3648
8321
8772
21420
-15454
3612
-14890
26278
-18925
-13481
5441
32462
-11480
21869
29992
27964
-32153
9284
-1809
10664
19749
-7256
7510
-9197
-31073
2775
-2194
13789
-32213
-13347
30916
3213
10672
-18903
10901
29903
-21396
-12505
8867
5667
-4231
555
-10500
-17903
13762
22119
-14567
28480
5128
19729
-5827
-29487
24793
-7639
-26734
28620
30537
-8170
8903
-6381
25021
-28253
-4185
22912
15719
1122
-20213
-32238
30858
24411
-17979
16630
-8440
-13340
28994
-16096
26875
-24803
-19885
-18316
9379
-8703
-28133
-18255
-23692
4397
-5375
31494
16164
13782
6768
30506
6427
8289
-31132
17440
8627
19125
-11624
-4287
-25502
12123
29109
-3566
6912
717
-12340
-15853
4792
24945
-1719
6053
-9832
15834
24294
-30248
-14416
-29618
-10412
12207
26195
6499
-6798
5664
21698
-7112
11090
11977
-29318
-12915
-28874
-8045
30123
25248
18242
1581
16476
-28440
26795
-10513
-24020
-29738
-8295
16558
31935
30455
11289
-16367
-22878
27102
-26482
-18255
-26904
-9827
-23543
27716
28640
-8278
-24527
-26785
-10110
-30508
972
2800
-12485
31940
-29150
28029
22528
-14890
30049
20415
-2758
29069
24553
23479
750
-4656
6362
26738
-25737
13466
5651
24958
16772
3419
16029
5921
14703
23047
17397
-21905
15686
-16086
-15252
-4952
-18119
-13851
-2000
-16368
-9492
3437
25391
-8762
12389
-5171
-6681
-975
20830
26545
-16708
-22899
8609
26129
14314
-2792
30480
13608
-15962
-18416
-8298
-22124
20723
-1646
19367
19529
-14114
-24830
-23189
-14575
14112
-7008
27243
-20080
27365
-15691
-13521
27344
-9846
25734
-2074
-21536
-9570
-25006
28740
-31458
-24664
14926
-16520
-5115
-23606
21712
-28972
32753
30223
6925
-3820
-3427
29346
4859
11046
1274
30216
-32071
16522
16887
-8502
20410
7684
27386
6281
658
18423
26666
-23868
-19824
-21679
-30258
-9400
1336
-17784
8614
-23974
9627
4339
10652
-27140
-20619
-30710
-19571
-3420
-19034
20581
30382
8308
-20950
-17634
27926
-28997
-20434
18985
31569
-4188
-12592
14140
-13028
-22880
14541
30586
-3498
-3827
-15373
-6737
20222
-5210
4452
24889
13047
24312
-18145
13243
9701
11477
31628
840
21459
29432
5269
-15269
-697
26029
13470
-18466
22490
-332
25222
-16447
28557
-28013
-14604
-11730
-13914
-25989
-22668
22932
-5459
14577
10366
27723
-31154
24524
-7613
7785
24089
-13611
13442
-20751
-13754
-2729
-20387
30281
-1009
6885
31453
24900
18918
20326
-19844
-25108
-22897
-30098
-28597
23809
16892
14655
-3355
30221
-1328
-1835
7511
21204
-15377
-24190
28966
-5060
-21439
18147
-30227
-21672
1784
19221
-6489
9065
-17892
-20827
-15485
-6160
-2962
-4302
-10109
3227
423
-8805
5750
-9401
-20314
8274
-24866
-8781
903
9629
18662
-23177
16986
23780
-16978
-21191
17673
-20049
13536
-19762
16214
-13431
-31140
11657
-19554
7361
-15226
-27070
-14465
5459
-9208
-5454
23591
-16707
-26443
-10638
-15543
15044
-4564
-32520
-29283
-25974
213
17744
4016
18218
-32626
-6024
19740
20178
28972
-13099
-11207
607
20934
20265
-13860
22576
5476
-30129
-7147
6677
27526
-17464
-11142
20916
-18699
11263
-10657
30015
25268
32631
15028
4586
-25268
5678
28735
-18876
-31958
-15293
25526
-1706
5112
-10026
15927
31750
18068
16531
-12513
15708
-27566
-4507
-3437
-14881
-9941
-4972
21353
-1426
24937
12113
-11959
-10005
-1819
7686
9423
-321
-14047
5898
-14371
16017
-11521
10224
-5972
3202
19196
23281
6071
-10829
-13948
-28924
-11343
-18254
-11138
-25714
-26424
-31474
14530
-4859
5623
-9682
15245
-25974
7486
23575
-20411
-4731
21114
3603
7470
9662
-28252
-281
13509
-6083
21217
-12803
9028
-28995
-13769
23455
20731
-28921
24954
-13458
21878
13151
14990
-21353
-12722
-31049
21027
23715
23926
9319
28579
-27897
16596
1453
12234
-10793
-18549
-27359
32372
-30902
-2960
13742
27202
27727
-24914
3209
18804
18953
-6220
-28244
16196
21789
-15670
12046
11087
-10851
27343
-13215
22863
16350
-5295
-10423
29903
-5170
22272
-3059
16262
8182
-27039
12782
-4534
23556
-26775
113
-23150
16101
24279
-25106
10991
32614
9237
15099
1118
-16534
2738
8974
25058
357
20957
31476
-7169
26334
29597
24568
-28806
18997
-30045
-7461
24342
-4058
26926
29703
-4552
18550
-18885
24829
21640
-9284
-19129
-16010
30319
14215
9153
-6503
27091
-15428
-28188
558
-23098
-31645
-230
-11916
30726
15212
8342
-24510
26880
14649
17430
21939
13759
-16061
22354
-29578
-13849
-32376
-11290
6247
-9733
11296
22221
-4387
14235
21232
-24978
-26878
8066
7018
15584
-12625
-15890
-14450
19814
22620
28064
31250
4019
-12711
12434
-15177
-15491
-12211
30086
-9976
-32533
8417
6519
-23783
6850
-514
-10801
2925
9066
-29021
15887
31589
30584
4592
13934
-9654
-14811
-25197
-20651
17251
-31342
-26159
16630
30993
-27405
-7783
27204
25888
9413
-22445
-4886
9095
-20175
-945
11866
-32431
-30410
-30662
32381
4866
6657
-19624
429
-10122
21833
28285
10632
-21713
-8679
28994
-2710
-24684
4699
4150
11889
11309
-29729
-30143
-17766
10849
-28113
-9933
9701
-28977
2379
-3526
-6197
-13712
12727
24163
-29331
-3323
9978
-5991
-20712
17987
26566
-19277
31412
-19429
-22152
-31952
2219
-3965
7829
14344
30270
-8336
11305
10457
2286
2493
27888
-8951
-7847
7722
-3955
-28171
12225
-30102
-28463
28549
25282
-13259
-11812
-6073
14993
21336
-18189
-14388
27020
25633
-9194
20738
-28376
24288
5887
-23900
-18265
-9497
-19166
-19255
-5231
-19252
13806
-23433
-13191
-1447
29485
-27889
-6387
30477
-16819
-797
28558
7639
24476
-14549
-12366
30206
-296
18427
-17990
22001
-12122
20733
-25978
-32379
-25047
-2330
19678
3946
-16294
30911
16471
29592
-24188
-13647
11644
-11091
-324
-12847
23185
-13795
26340
-4229
-6009
8707
-14628
-10250
-24496
16394
-8697
-22455
-9306
-31408
-566
-31756
4237
-31051
18968
-1432
-10435
-22423
-7445
28872
17634
-25938
-9757
30487
-9971
11734
-20926
11283
11944
9886
-17524
-18958
9142
7640
32721
-10474
25308
-18099
-17136
-27704
402
-25287
18143
-25342
7999
-7555
-2326
-28906
-244
-12671
14273
-22163
-17258
17571
1378
-25818
-23185
-27196
10882
-3767
-29870
32017
-15092
-27592
23853
20532
-30880
7313
-14773
-571
-23439
-21027
22332
-22917
-24304
-26397
-25568
-18153
23260
-7223
29053
7744
24739
-14330
21837
-22238
-16430
26167
5583
4134
-28875
-20373
-25426
-10747
-16490
-20726
-1923
-5428
-29254
4846
29146
-5998
-4955
-12176
31070
-29638
8150
-13952
13892
24241
-844
-8367
-30468
8570
-29952
27810
17620
1454
26509
-28842
15431
-19550
-17339
10027
-16403
-5845
15462
24058
7865
15348
-19361
-25798
-8829
-22069
-26366
29870
-20960
-23810
-13638
-23737
-7388
19955
-677
-21196
7962
26348
-8726
-13698
18283
26563
21157
-24670
927
26094
-8896
-14510
485
23994
-28510
23926
-22906
-15940
-6108
-15220
-3985
-734
17853
-17896
10115
-7302
-12076
-23523
14671
29232
2321
13110
-5468
-1480
-17905
13378
-3137
21895
-5155
1154
12466
-16472
-17826
-7228
-18137
-6229
11320
6046
32329
-14644
29236
23510
-7102
29652
-22982
13828
-1034
-18617
-1563
32637
-26776
-4072
30982
-19966
16220
18604
-3351
9030
-15769
11778
5951
3186
-21800
8720
5537
-30889
-18384
-25341
7047
-9236
5183
-27685
15323
10928
-26955
-29434
-11566
6910
20209
-29204
-25331
15086
29440
-23452
26591
-17326
27684
29374
-2617
-21691
-8027
13327
427
2877
15791
-4435
-17671
7005
-581
-8523
-21246
4133
27781
1442
23631
-17046
27724
-23370
5250
-29194
-14272
26121
-18795
30607
-22515
11670
-19803
31531
29200
-11429
3106
9389
-28095
9947
-2028
14986
-262
-13746
4332
30399
13123
7222
20797
7489
14676
12161
6990
-22727
27425
-21958
-23084
20033
-11969
-18375
11331
-32060
16010
-2999
-17509
-4227
25841
6118
-25822
9579
-3088
-29315
-2413
-12710
-23487
11373
28918
4415
4148
-24315
26668
-8536
30314
-14004
12271
10325
17191
17166
27571
17613
-19326
-8050
16780
-9310
5678
5676
-9461
-21077
-20580
-9750
31438
23929
-24246
3812
25085
3931
-7976
-30471
7613
13725
253
-4110
-22918
1514
4074
25299
-26617
13077
3828
20627
15910
-7853
-22619
-9341
28786
-18547
23932
6301
-28684
-30970
27136
30606
-20464
-9980
26068
-7376
-1624
-14394
30923
13028
7733
24953
-22623
-17584
-19986
-6804
-22223
-12110
-31118
-24881
-17070
-17638
1255
-32278
27212
32557
-29277
31598
-5882
31549
8678
30747
15446
-29178
8146
-23481
-5646
-14489
8608
-31996
28054
15849
-6909
-16159
-19058
17600
-9724
28441
-27212
-5333
-8877
-18698
-30596
-13217
-25785
9483
25220
-3406
30116
-24545
-13042
-26479
21165
-23642
-25266
-30782
12082
12346
-21516
-15493
-5408
16458
17215
-2603
-31537
2224
-22112
1042
-23622
-17411
-20973
-10440
-8996
-11017
6337
28448
-18953
28675
-27696
31331
-3783
-2869
16582
30352
28092
10586
-23288
-4219
-23145
18060
21788
32754
-4030
-3814
-9848
-31887
25019
19294
-28252
-1965
19760
-28042
-23773
8966
30213
-6041
-20237
-8172
-26161
9979
23510
-27470
25898
-27850
-10766
12774
-1897
-29986
-638
130
8462
8034
-28419
9012
7764
-30498
2580
-7840
-14954
1808
-31488
-17633
28040
19145
-14499
20236
2196
4808
-13260
29948
29521
14579
-12560
26330
26857
18133
19622
-11477
31610
-11516
-2631
-15364
12324
-28781
24312
7390
-22326
-11023
-26546
23381
23478
22285
-15699
27330
21994
-10176
-29487
-15409
24681
26465
7839
-22990
5088
19035
-18355
14513
-9692
1939
32646
25857
23249
-10167
-26419
13751
-14966
-18047
25922
-4644
-17875
-25442
4441
-3038
20775
2639
-19963
3410
-9251
2933
25321
13107
-8009
-11493
-25847
12097
26106
7553
6392
-18298
-12668
3650
1524
-24121
-8533
28010
2043
12121
7697
31995
-1948
31331
-6484
-16002
19652
-13846
23592
-7846
18925
-31130
3995
-29552
15363
20545
-31968
-4741
22881
10888
13951
25515
27127
-6809
-11399
-28463
-536
-3760
23544
-26832
-481
3930
-27358
-5346
-24872
29332
-16146
-2255
-31396
12762
14289
980
26437
-31267
-26276
-19200
21876
30588
23360
-32460
-25739
-6137
-24506
11283
-23879
-9151
-29560
-15763
1292
-15325
-10120
4448
-11468
-19980
18421
-3270
24867
18301
-32009
3190
-18915
19145
7486
29867
16954
-26593
-17241
8525
14544
-19877
-2944
-17100
-5346
25543
-23558
-31733
14427
21216
292
-16703
-648
-10584
-16922
8456
-27318
-5370
641
24878
7130
-27903
-11798
-15177
21349
24572
12395
7179
25850
-30436
-13043
28173
5007
-2275
19330
-1093
-18505
-30182
12878
16021
12875
-30411
-30778
-4939
-20366
4872
19126
-29989
-8614
-19907
-26284
-26033
-6225
-8740
-24159
12280
20593
-11880
-23668
-5187
-26897
-27956
-26581
-17318
-24050
4544
-1968
25157
13207
-30213
4315
-13818
-13472
-23825
-20729
-20825
379
26430
-18262
-29185
6645
17155
-30786
17103
22338
4053
15753
7669
-6308
-27155
-4056
-25213
-27
-30240
4891
-5652
-290
-13035
-19151
-21120
-17241
-929
25717
2918
19834
31383
8727
-11550
6032
26387
-24216
9182
-4082
32531
-5330
13829
-19884
24806
-12417
-30055
-26733
-10146
30844
-6835
14509
27950
-948
29035
9213
4450
24793
-32499
20109
-25453
2471
-20076
21944
511
30586
19301
-27421
30790
20291
12579
1386
-26853
25362
-14860
-18436
16353
-28079
-30548
30737
5045
-26452
27755
267
-29313
-4613
-6425
9289
14511
-10907
29152
-25206
30770
13150
18046
-21097
-24261
-19293
26413
417
21216
-16241
19969
-30533
10793
21104
-7136
20786
-29353
14659
5852
11297
-14080
-9251
30121
-26879
20456
19107
-300
18955
15441
7138
-21493
24735
-5642
-20628
-16266
-31106
25079
-30970
20298
14561
-24914
-13790
26409
6053
20827
27600
27783
-200
6746
30093
-23800
14252
26420
11634
22804
26360
10314
-31167
-4809
-28742
26107
31787
-23514
9355
7755
9020
-19444
14964
-10590
28423
-20775
21733
28000
15397
25579
15132
-16681
-28926
15752
-8912
-24840
24992
15224
23002
4891
-29697
4403
-5861
-15669
8080
-21972
30233
-31052
-23955
-11035
-15405
-8861
1758
18085
-31628
-21983
-6677
31865
-28309
-16056
-32262
31858
-6686
6546
6957
10501
-4470
7767
-10470
17446
-1785
-30414
-15623
-24741
14392
31470
-3192
23886
11800
29197
-12263
-4596
-21649
30986
28490
13919
17767
-3418
-26613
-1158
32698
-6040
23930
23833
-26445
25253
6524
28292
11851
-14330
9502
15540
28153
27415
-11031
-22446
21928
-19226
24146
22746
21841
-22873
2459
-14122
15502
24483
16152
-24072
-20105
-16210
29745
-11376
21829
17690
-17849
-15391
9851
-10497
17043
-17756
-24002
11957
-24454
32540
21813
-3021
-19307
-7477
6723
1466
-26511
5720
-31332
26462
-28558
29901
-5025
12594
18830
17848
10809
-27664
4734
-2800
-16648
-23427
6306
-24499
-8058
20274
-15373
12967
30816
21121
3413
-12039
12783
25220
-16361
-29573
1483
-3224
30855
-22716
-7572
16112
-19169
-17950
22563
21403
-25832
-31268
-6540
-29120
5815
10911
-10073
-24327
-12999
-18262
-12436
8747
-19255
-24340
18949
28395
-23500
-26568
29233
-31907
-29008
18791
20573
21550
19837
-10298
20941
6182
9856
-16288
-7636
29658
-28576
-11075
3127
29350
-20562
-14825
20579
-15576
21139
24084
30891
11236
-30816
18597
22471
-23829
12807
-12898
-31687
30989
15597
8921
-16846
19407
9510
-26351
11699
-2286
-20869
18240
-31335
29573
-15525
-11838
25335
10352
17337
27108
-1407
-2646
29311
10341
-31166
-20710
1933
23331
-1953
-2289
-17945
7274
24073
24450
16654
12535
29377
-31703
-19138
-29451
-32339
16607
28488
21342
1022
-24323
31836
-12122
-17889
-27358
24964
704
-26577
27014
-4531
16079
21478
13423
4280
7554
-9409
12884
-2168
11082
-5278
-8375
-18085
13520
-14062
10714
-4684
-29918
9544
9203
12234
-17091
-14773
24910
-28897
-17915
-8866
6816
11872
4248
-386
-2491
-25211
-24674
31704
-31163
-17802
-16594
-4568
-8835
30610
-12264
22076
30289
-26960
681
7636
7412
-2734
14246
-24943
31851
11239
-16985
8656
839
7226
-8589
-28722
19844
-352
-1810
-8063
-5039
-19271
-12731
-23967
-12240
-22270
28830
-22609
-1874
9083
32395
-11221
8359
1709
19694
11886
-13800
5302
-24644
4104
31963
19360
24917
2339
-1836
-22131
-2056
26699
28391
5357
-14196
-2518
19652
-25333
9053
-11469
-12540
30863
5582
-6573
-13721
25500
-20417
15379
-25296
-26927
13296
-19170
-24732
22333
-9072
27701
7
23509
-21295
6646
-17440
21872
10310
24033
-20110
26725
-11460
-1973
7194
22831
19977
13178
-3050
28305
-19579
-20189
-15727
-29108
-9873
-573
22196
-10770
-882
-7260
30196
1962
-4055
29169
-21539
8284
25734
-2444
866
-10797
-5252
27212
22568
16663
26838
22715
-29868
-25988
-23234
-12970
8895
29710
14663
-7886
2672
6189
9904
20805
-8410
23659
-31042
-30770
22664
3176
-11960
13164
26721
18523
-10578
21901
3607
5899
4658
10860
-17454
18466
15999
-5776
-22940
-18578
-1304
-32721
-9047
32448
-18256
-26589
-31677
-22257
-22179
10608
25378
-26740
-17548
-3476
-26107
23150
-26616
-17814
26438
-29195
-12585
3906
18735
20348
25656
8194
-12222
-20324
1265
-4264
-28922
-26810
18272
-23148
-16504
17340
24500
23325
7645
-29927
-7098
-13028
13467
-28764
-21851
9112
25120
1284
27388
-3362
2108
-2467
-28317
31036
8895
22553
11531
3681
-4308
-18255
9334
8003
17115
-30780
11655
10697
-20092
-7015
8166
7062
5054
-3453
16584
11828
-16767
8130
5876
6045
12200
20698
30704
17948
8234
-22374
-21136
-14490
-23641
2502
610
3000
10411
23935
-5599
-12528
-22714
-16945
-9828
15515
31572
-3871
-1522
4089
-13044
-15304
24091
26713
-15915
-22912
-27878
14814
-1672
-2699
7537
1757
-30093
-11289
-23886
23522
17224
4241
-26474
17342
-22644
-28164
-32512
-10543
5004
-6058
22209
13860
-9104
7003
-14598
-11845
-14834
14473
-26782
-13363
-8228
-29450
-5225
-5023
-16715
-13592
-9610
-19669
23421
25964
-14223
25490
14706
-993
-6135
15385
16035
13389
15159
19963
6932
-22650
18639
-23033
-4984
-10581
27191
-15209
-13760
19388
14069
28848
9487
18623
-20195
-11296
-26371
27031
-2691
-21012
-27122
13564
-15552
-12128
-30151
25948
-2593
-2591
6830
1514
19475
1300
26126
-30933
-31498
1686
28172
-4461
-14311
32191
2542
13200
-4388
15378
5505
12921
17120
-12614
-6734
601
18351
-13956
-27102
-12956
650
8550
29907
-26970
23733
7098
27015
-25521
-12035
7155
28409
-15089
2704
-22135
2301
2341
22640
27004
-8959
-22796
-1434
13973
12125
-8084
11079
-32708
8359
21775
14916
-21983
-15425
22430
-24707
31740
7845
-29118
5372
8620
25560
30883
-16638
-11355
-29892
-24501
23030
-8746
-30618
-6887
-30227
19458
13728
-6677
-31443
14788
12105
-9312
-7806
21291
-30806
32489
25036
-28147
26432
17327
14653
14424
-6068
2080
-23736
-32537
-12290
10433
11003
25865
-28831
30204
-15789
-6410
13569
-13875
-7889
5059
11259
1794
-7310
-16682
16084
-19881
24674
-18315
24493
-30895
4487
8374
4923
31358
-29598
18815
-30401
-10605
428
-31068
-1238
22380
17828
-10107
-28608
-21562
14530
-27092
-14252
8439
23865
-19490
-1000
16577
7321
-29695
13707
-6336
-21297
18774
19303
16898
25267
-27601
-26857
-514
-3561
2423
-7524
24596
-21941
-9480
14834
-9804
5918
-1729
30630
-19437
17789
8944
-32244
-11320
2241
-6308
-21375
18834
-27722
4840
4439
8394
28304
432
12195
4371
3279
25167
15893
-14051
6639
29967
19887
-10407
531
30798
-21741
-30422
-2067
-6786
24271
-6714
-22833
-21219
27213
28521
-30218
-3162
16988
12278
-3175
-11877
5452
-30221
28753
-13332
-25976
28172
-27825
21771
-3234
28336
-21054
29133
8903
-15809
28240
-7996
-3315
1211
25262
2746
8684
-15039
-24815
-14092
5855
-13032
-14786
-14686
8280
-23842
-30227
-18857
24011
-6151
-17205
-8530
31535
-10781
-507
29638
5357
-16016
-17309
2300
-11574
-18961
31203
21335
-18064
-13805
28443
1103
-22335
-20744
31571
26399
-25373
-19212
-26638
-20966
-11257
-5525
4536
-6229
19853
-15508
-18137
-6519
29765
28913
29126
-22154
-22856
-1183
-23107
-32754
32351
-3506
-31558
-17616
4903
6335
22414
-23370
7400
31121
-4128
-30345
-29823
17881
9483
-25145
-8964
24623
9605
-15960
30295
-11120
10102
1920
18478
14488
-6108
-24898
-11423
-20980
-2642
-2318
18296
-7238
25789
21695
-18483
5607
10138
22463
-14578
7446
-419
29605
24158
13189
-2945
-10060
6394
20261
30974
3345
-3792
-19942
31240
-12805
-4412
22189
31393
21975
-27331
-15945
-12935
21351
-21571
-32694
-2
-14548
22842
-25230
12561
27409
-8795
29838
5973
-15396
8278
-8686
6047
30093
-10126
-6579
-31131
-6264
6095
13431
32175
-25231
8532
-19923
-6712
31082
29174
-7712
-29665
5345
-7001
-5430
-10977
29715
-11484
24813
-18569
-6889
-29928
26672
26555
21838
7243
-1063
-27288
24067
-21524
15782
-29002
-25067
20081
-28905
262
18677
6548
19205
-27814
-12776
-11561
9770
15843
-1917
-31934
27230
-5231
-25720
9113
2323
-19434
-30991
-27718
17955
-22209
-10511
-6602
4278
27903
31553
4316
25480
-30267
-24960
27825
-6209
-20462
-19358
-8720
22222
4504
4150
4052
14382
-22215
-17234
9078
26003
-26453
-1337
12447
-8593
-11745
198
-8166
13094
-12873
23816
-9331
27042
-29964
-22520
29095
15911
19124
21513
18898
23144
15220
-30203
24869
-8102
-14413
-20198
11889
5910
15384
15534
30521
11691
-23029
-8162
19442
536
-3735
-9068
-6939
-29578
-7330
-15477
6373
27229
5432
12310
-5026
23981
-7721
-2102
-14169
15617
-28430
22465
11523
18211
20831
4495
-421
-31635
27349
27838
21343
-28498
9160
13487
-10495
22707
3976
19405
16278
14869
22422
26368
4464
20666
12566
-30450
29407
26564
-10889
-11050
22530
31230
-32669
-13655
13829
-28487
26942
-8326
-32727
-30297
10710
17631
-13196
-5569
27515
-25363
1928
-8210
26649
-17891
-16370
31396
17542
26678
-24141
-10101
-9310
-9433
12983
-25952
21746
-27569
23440
-6345
16984
3368
-9775
10335
-280
-27250
-21160
18582
24709
-25003
-6325
-210
7297
15318
-23024
-32099
-4377
1384
388
-16276
-11705
17785
-29634
-8159
22372
-16150
18904
18518
-13608
-6349
15513
-3309
-13180
25643
11635
-23118
12790
16313
11103
1467
8586
16291
4466
131
2757
-11969
18013
32104
27179
-17729
-16763
-19712
8503
13554
17050
-8459
-11482
6026
-13821
10697
-32499
-24266
10937
28384
-18790
14101
7735
24463
-28102
-10766
-17237
20519
-27576
-2129
20882
-25156
-10512
30103
10781
-671
-14249
8450
3932
26740
-14340
27926
23424
25577
-21521
-3146
-23729
-6841
-25231
-21625
-1142
23960
-24642
13444
-13536
-11465
11940
23368
-14006
-5671
16350
-30665
-4436
162
-2549
-14677
2036
-17270
22798
8990
-5021
-24347
-23414
32632
6644
-18130
14300
-32050
5531
9592
-15257
-10379
-12212
-14406
30232
12771
-8680
4152
-15521
24009
7340
-13090
19064
-961
16878
32083
-18668
-18278
9873
-5444
-7550
-28329
-18464
-9726
9002
-28490
5218
5962
-684
-14524
11278
15948
21418
9371
10635
-12389
-9978
-15027
-10318
14498
-22927
-2289
-4445
15700
17880
15330
-21028
-19612
9870
17895
-27222
30203
4383
-28476
29405
15288
26171
-12234
11464
4778
18781
6614
25823
-29235
13622
8013
24282
2122
8173
18775
-2795
20416
12620
-16082
8204
23056
30248
-17642
-25943
21002
-23070
32143
6948
-25503
17566
-10649
-14091
23824
-10519
-505
-11319
-11142
-17404
9793
-16761
-9953
-15734
26411
15948
11175
26350
-9221
11362
21115
25204
-6057
11133
343
-6510
-26914
26733
28555
-8296
27602
12851
22212
12417
-21639
-407
24035
23771
-21789
-17842
-28861
17125
15103
32059
-6942
-28617
25084
-12095
-7505
5863
6646
26784
-18509
-31826
-20529
-8757
2822
11565
24851
-11087
-26189
-7340
-12829
-2337
-5789
-1092
-30177
-18757
7045
-13278
-21008
-22549
17645
-15249
-24253
-26537
17990
-2273
24952
-24940
14015
5335
-21341
-21555
-9278
-31934
6489
29507
13491
-17060
18663
-12859
7649
45
-32494
4102
2384
-10075
6701
-20952
14766
-20363
6131
-5224
-12297
-11407
-3131
-24237
-1346
-11056
24820
12963
194
-25026
18548
5228
4185
9680
-11335
-9591
16770
23071
-6669
-28020
-7143
-19132
-14848
30003
16683
6054
24617
-31380
-22553
24114
-28584
-28224
10489
12295
32334
-8190
2215
2557
27777
2554
-30625
-10144
6432
32515
-18723
-7820
15133
21734
20766
31166
-11406
16848
-5247
31178
3101
4463
1000
18059
4872
-8004
32763
-12596
32465
-11123
-27785
-1975
-1340
-4925
-19722
10393
23246
-13064
-10533
-5906
-21108
11174
3961
-31618
-8967
-5030
-18230
12294
-16548
16324
-5874
-970
-471
-30120
-28088
248
11823
-21016
29410
-12916
20398
16130
11137
2884
-19903
6751
6773
26463
19440
-31432
-19634
-3182
27051
5712
-26986
9916
26086
20015
-23961
15947
-20778
20027
1375
-13606
-18440
-26713
20169
21487
27639
2298
-5375
5569
-14462
-6001
-3979
19674
25832
-29388
11107
21790
16525
8985
-9877
3500
22553
1781
-20394
-4604
11769
19453
7425
-24569
11409
-16535
13776
-12807
-3742
-13979
-13840
17387
-23251
-18022
-19269
-4791
29681
790
10462
23293
-28854
6567
9632
-12013
-11994
-13083
12828
-30459
23341
11167
5610
-8936
-23232
30793
-871
1489
-21591
-2348
-11184
9310
-19013
10598
-14184
6279
24790
-21401
-11569
14271
-14406
-26374
5960
11729
-10746
-17149
9971
30493
-9637
-28373
29107
-21751
-7375
-25399
-28112
-8385
-26312
-10345
-23532
-21348
24053
-30976
25591
667
-16411
9790
-26222
10092
-23143
18617
32607
14216
-13166
-9965
9877
15505
-30223
-28791
-21169
-7293
10500
-1608
-29260
-14417
-1141
24785
14860
-4700
-30602
-16304
1267
-15847
18565
-21547
-21196
-28345
21298
-10539
-17747
-20635
26070
25741
-17365
29233
-26817
12887
24984
-15508
2232
-15852
11025
-31208
4933
25537
16535
-2758
14764
18304
13645
-28641
4355
-18378
22121
-5931
-10005
4112
13802
-13975
18633
27914
-27222
29573
-12087
9870
4306
19088
-32537
-19270
1406
4714
26762
-1784
7525
-891
-28314
5034
23132
29223
2568
-23578
-14033
-12156
-24919
-30677
22461
11597
23657
-23563
31565
11563
-9921
-4588
-16107
-11795
-25896
-24201
-11871
-15551
-16645
-27830
10497
18249
17117
-8311
-27054
30756
-19415
-11602
31965
-125
10330
-11982
22555
5928
-18038
-19547
12762
31101
-1309
20748
-23965
9053
-10578
-12353
-20837
4809
871
30899
-29666
-27357
-324
24184
1353
-16563
31621
-27291
8546
-14016
-12134
31393
19328
12810
13935
-8855
-18674
8947
7033
2879
26967
17430
4423
29218
-622
-14524
-6939
-19156
-9679
-29298
-10811
-20772
21184
28929
-5358
22511
26906
17584
15605
-1971
-21467
-569
12266
-21564
27235
-22550
24656
11229
27328
4683
-26399
13324
32477
-13424
-568
-5474
3107
19312
15798
4505
-7385
-24667
2192
14588
-17503
-13684
-17823
6434
-10357
-28856
29134
7968
-14853
31999
12831
-29279
-30633
9832
-31564
-15321
-10365
23743
-25566
26146
-25937
21156
-29091
-1887
-15205
-18975
25720
-4836
8469
-5835
-21357
-19841
-29244
-31729
-28749
-11576
10785
4444
18188
-12301
12991
17489
10391
9539
21495
23056
-28277
13652
-26312
-29696
-32313
20474
28434
6948
-31214
9708
522
24811
25018
29760
-10037
11336
1837
20702
-14971
29147
-26332
-15554
31811
-12526
-4166
14977
12037
1458
-29399
6673
-32157
-891
543
-19948
18773
28769
-472
26631
-31659
8827
10969
22426
-9075
11822
-18807
-170
-757
28076
29885
-17471
29249
26410
6262
25317
32486
-14501
-5315
27499
-1023
24924
28414
-19509
-16184
13955
24324
16079
-18929
5975
16240
-31012
22345
15501
22153
-13291
-462
-8293
17753
13083
-28487
8596
-2556
-22325
-31614
7554
-20592
-15688
-11642
-22075
10847
3034
14164
6520
6650
17472
6734
17399
-454
3760
-10486
19412
21417
-11116
26384
-3954
24204
-1717
9605
15547
-8272
-6469
-27107
-29841
-6377
23611
1588
22604
-25795
28669
19244
23745
16393
-13413
-5854
-19346
-23041
32135
11122
-3692
27338
29695
-8921
13650
948
-26162
27157
7633
-22948
-27743
-19465
30812
31794
-10333
-23864
7683
-12662
24418
-14893
30313
22319
-22385
-5293
28393
-2301
406
22917
7066
-18088
27523
9881
-18161
19156
14568
-5157
-23779
31548
23480
-159
766
315
29664
19813
-14245
4441
15088
-29058
-9147
-12203
1658
5733
31317
28842
3181
-17091
-15669
31250
-18837
3450
8144
-15814
-8976
16646
18733
-12907
13863
-29228
-42
27031
-24229
7648
21570
11270
31353
-477
10992
-32430
29615
-19971
-8010
22340
-22267
3695
-631
-15309
-12573
-8333
-18366
-24879
30431
-21440
31497
-31142
-12697
-1199
-23765
12277
-11136
6311
-7059
30767
-23043
3238
11889
32175
-26784
-12091
6909
-10076
-4873
22861
-8124
-4361
-9073
25106
-1712
-28253
1200
-14156
-11237
12251
4860
28783
-9881
16456
23384
31389
29050
-11793
24176
-22801
-20088
21244
17879
-11376
21117
27416
-26908
-15543
-7974
21772
14552
-5313
18238
23529
-19251
4217
27235
-18293
-28465
-11174
26212
-23654
-8069
-29706
-6820
11519
5914
-8932
30088
16572
21504
9990
-20251
22887
-22703
-22134
5949
6798
-28768
-27325
7540
-2153
24628
-18905
14765
2729
6423
-18808
1143
16569
28360
-15210
-1963
2974
-25427
-1358
-8887
-14680
-5914
-25464
-5815
5195
20395
6013
-8290
4743
-18788
-18182
28421
-17857
-10836
-29224
18226
-13531
20348
5597
32504
-27676
-8267
18061
-23583
23278
-19092
-1795
26168
-5632
28099
-16282
17027
-7053
11441
9000
15656
331
-6344
-6921
28297
-4549
-20493
-26989
-9991
-19456
-18050
7096
-27701
-30907
-3236
14719
24503
9083
27926
1928
1343
-2559
-4489
23160
10519
4719
13856
4594
-31013
1588
-11858
-22941
18092
7311
-21029
32048
10205
11453
-16930
10893
-26312
-26249
-25794
23654
21491
-9317
12981
10110
19982
-22988
-5525
-17058
-28907
14130
-15067
32077
-29725
27724
26809
14045
8474
-14839
9247
8834
-4851
13465
-16394
11877
14532
-16963
-32482
9682
-23210
-25116
-29623
23106
31643
-16147
-22662
-25784
-21412
-16480
1281
-29234
-8582
-24735
14865
20934
26271
-20988
13527
31646
1491
-13471
24285
6461
-12602
22784
11635
3773
-28869
-8926
5451
22142
-3280
32357
9506
5038
-3617
27282
-30082
-28163
-4405
13143
-10616
11526
-19506
-22143
-14049
6713
-4941
-30768
-22316
10348
12537
28791
10232
25410
-10007
27590
8680
31011
9365
-4214
-31629
-11741
-17784
-8939
7893
18573
21662
11665
28617
27504
-8853
-19409
8818
21192
-1550
22224
-16088
-3280
-31924
15357
-9437
-27605
22794
20414
-24619
8896
25625
-6398
20902
-15876
29401
6281
4521
12339
20440
-3676
28144
-21051
27908
-26609
-32046
32676
-10092
-30864
1521
-32371
-5066
-5554
28424
-27437
-7849
-25732
23267
-7160
24669
20965
29640
-3799
-30023
-18600
26040
20392
26957
22390
21361
25044
32084
-21327
18483
16139
-7770
-14086
-16522
-12397
22255
27402
27999
-30873
10622
3461
-18608
-4638
16334
-10865
24280
-20414
25911
-1069
23069
-29402
28777
-544
-4348
19321
15498
-28321
17970
19612
-31163
3310
1884
28694
4366
22542
7455
5913
9681
-25217
-12602
24248
15747
-19699
-4422
-4873
-19869
-146
19128
-28580
-26273
-7418
-17851
-26154
-11960
-5307
-6940
-27844
-18514
-19320
-24919
25639
-17495
140
-6467
-25187
4220
12246
-9837
-11584
-10999
-183
4018
-6203
16573
27311
-15724
1651
-14563
-26885
837
14775
-24418
30950
-27964
24226
-21025
-1798
3189
22507
30561
14329
11091
8002
32616
26333
9861
13809
28843
-16408
-24973
16707
24033
6707
22114
-6719
-24685
297
-23397
9258
26048
-14875
-32629
27988
22926
-21448
-13427
-6288
23759
32539
782
16764
30754
-21319
4168
20725
22701
2981
19504
28878
31072
25160
-31782
-24236
-32611
-13286
-17778
-23011
-3106
-29962
13333
4297
17685
20054
-6157
16730
-30080
-22917
-3611
19311
-32224
28256
-21645
22603
-27536
-22285
2763
20954
10974
16650
16699
-6199
-30263
-13848
-24329
-9335
-31770
222
19724
11450
-2208
30807
10821
12418
-23374
-21891
-6646
13342
22831
10620
8056
6712
28353
-8062
2234
-16045
-18952
4965
31772
-30233
-10793
15893
14578
-8061
-9099
27839
-23948
17373
-29574
-12864
-10641
-23419
28235
27726
18333
-15595
-7819
-27976
7078
29519
-6902
-2739
-31728
14177
27666
-22047
-8216
-13717
2496
-19062
10881
-6821
19954
31377
-29798
25271
6927
1383
4969
-16154
20669
3480
-2364
-27608
-8389
12210
9530
21729
9373
11590
10083
-22308
-18114
-26032
27640
31699
-14775
3389
32407
3413
21783
-16342
27365
-5445
27377
30280
-30690
-6823
6961
-9874
-9057
-9716
11756
-3681
24801
-19209
-4930
-5908
-17289
-29426
-11856
-19934
11803
-2194
-16243
-6328
10569
-3957
-6152
-16255
-2499
-17272
-32497
-25598
26441
-7727
-11898
20244
31606
-1613
-25043
20571
3224
-27163
6050
18859
-10274
1646
15189
30634
-2136
-15248
-10240
5879
8031
32489
14428
-27010
12669
22298
-10370
22688
-30454
-14978
20170
-2907
-9330
-6108
-7566
18062
-27486
-2111
24507
-11104
-3719
-14547
-8001
20020
20434
15962
3866
-27553
-12315
26240
16442
-15373
-5164
8637
-20703
9076
154
13670
-1212
25006
10553
16290
11836
14667
31779
16910
-19881
-11860
-12528
23701
-17468
11167
900
-12777
16044
2154
20781
-27914
-29677
-13810
10248
-30766
-7347
-22432
-6294
27466
-5628
-1189
14295
366
1387
-17284
-1618
5472
-24906
-32175
10257
-22903
-2442
-15945
18310
13093
31427
-12490
25455
-17628
23424
-11208
16269
-13881
14850
-7815
-20522
9368
-13788
-10035
15285
-23302
22061
25370
5725
-31017
-5824
31102
13215
-5107
-17904
-6457
-14331
14776
-24253
-1100
6765
22365
-32641
1235
-5741
10041
10182
28719
-1177
-11581
14856
19682
6030
-15584
9386
32665
25394
-6449
-31906
-30120
16622
-897
2806
-22054
31367
22790
14070
16552
-28724
13890
-4675
-2420
2242
-17781
-1120
-15430
32539
-12720
13374
22019
-24666
-10226
16944
-11022
20294
30605
11773
-6767
14910
30830
-9869
8491
2623
14276
1571
27288
9288
30626
-4489
1580
5426
-28614
-1941
-17891
-25741
-18004
29915
-19016
-31637
9844
5273
25599
2289
7898
-16207
-11251
27367
19958
10446
-22646
-1940
20007
5161
12728
5129
6857
27841
31668
6714
-1955
11381
24762
-19050
-18753
-11167
6361
-9088
-30880
-2420
-19395
-2892
-25324
8262
-19355
-13269
11303
377
10320
32336
-3755
28486
-4170
4056
-1923
6277
14642
6006
4904
27195
26933
28018
16689
27008
12340
-16820
32374
29729
-1032
14246
-6700
-10900
16344
13805
-24445
16679
23246
-7147
-534
-28174
7617
1212
15937
-4351
29323
-9279
-23703
29570
16036
-22170
12366
-9732
23107
-8858
-31690
-18133
-9116
31052
13172
24719
-4800
30996
-30189
-14319
-21287
23144
-30776
-29373
8614
-17214
8103
-8780
-13245
-4751
-29450
-21666
-7159
5707
-19846
-5358
13509
-26660
4652
20749
-14504
32745
24276
20818
-27081
-25170
-6390
30138
6961
-12922
27036
-6106
-17306
-6530
-28431
31682
-10400
22008
494
-15540
-31671
9141
-5919
-32007
17765
11390
21044
-27909
-20144
9487
-7850
2502
10853
-19307
-965
11052
-22789
-29004
7621
6022
6916
-4367
2666
-27592
25793
-21947
-6618
-25178
7253
-10992
29404
-15172
-9572
-10559
29198
-24549
-5019
-11672
-11000
-32067
-24394
-19634
-6567
17735
-23822
-15695
3689
4871
-13108
14773
-21293
353
30569
3984
-2399
-16208
11017
-28368
11632
28926
-8608
-21757
-31320
-28404
10703
2152
8919
-28481
-29625
-26275
4962
14995
9181
-21102
-29822
-27011
6760
-15510
20018
-931
-31301
-27353
29697
32590
-19525
2178
-22433
10085
-20826
-31663
-2914
13072
-29447
-10201
-16241
21505
-9394
24791
8944
-14653
-25973
-20669
5473
4230
11923
6247
-8685
-6135
-19770
3676
22368
-21984
23014
-32556
29259
-30891
-28335
291
-4244
9431
31743
29653
2869
-11737
-20850
-19244
-9576
6546
1611
26415
15923
-1493
-11372
-17666
-4361
17650
-26870
-19007
662
-25376
3019
-9625
-8552
-19814
27342
8398
2956
-18279
16096
-9503
-22291
26426
-28032
-9764
-27516
-4839
4644
-28149
-25122
22078
-13453
-2637
4007
4823
27431
23403
19114
-9464
9582
24233
-2715
-29426
16241
14638
21149
-26655
-2858
-23250
14098
20752
5163
-6743
-17741
-32188
31786
21037
7490
10491
8582
31078
5787
8311
16351
22583
2967
-32089
-15444
25835
3537
-31586
29213
-19067
27836
10920
2269
-19017
-29618
-3434
8679
-4633
18077
-29028
-32336
28327
-19486
-5210
-28773
27482
13352
-8105
28176
4638
6753
12456
-31495
24637
7724
14568
-31286
25617
29628
14197
-14465
-19827
-27086
28724
26112
-1791
21406
-3339
-13094
-22161
-12618
27995
-25414
-13466
-16687
-25041
-27210
-2164
-18739
-23945
6644
10277
-30474
15587
-16397
11604
20909
12125
-20889
-18072
-17511
-1211
-5422
17701
-22644
-14948
4131
-27903
-12254
4671
-13107
-29493
16970
15462
26496
10095
5760
16183
-22452
5427
-20459
-5377
-28865
20705
10350
9631
-13727
-17910
18091
-14305
-25187
-20850
-11884
4346
24726
-31523
-3646
30735
-26493
-22949
4586
-28137
26122
16804
-26978
-29552
-3342
-8391
-5385
-3390
-15410
7831
-22474
-27533
-26339
-5865
1114
-3777
22623
-26811
7322
-11653
30366
21681
-31429
27970
8100
6755
-15118
23928
18558
-12667
-15891
-19544
21041
-30536
-22196
24643
12167
-19252
-26931
20679
2167
11607
900
-12513
17526
5768
-13777
-10415
-19805
17471
-14652
-18329
-17351
-20430
-13902
17991
-21031
13643
-12994
-31678
-1369
11783
18202
-11297
-1395
-792
-20204
-9696
21172
7152
-16451
-29443
-9858
24343
-32371
2469
-22171
-6616
11962
-29753
32638
-9305
25092
-872
15902
-23749
18651
9545
12813
2897
3382
237
4310
24974
-8178
24228
-8302
7889
-10666
23402
20647
-7987
-29103
5225
-9775
31145
7309
-14788
3695
25021
-27954
-1695
-3966
-27679
-21712
8599
-24414
15796
1132
-30215
-1779
-27419
-6358
9797
10078
22093
-1226
-1602
3400
-28576
20432
12841
-2240
-12059
-5247
-24277
5756
30725
-24574
-7851
14194
-20481
290
-10157
31143
-7338
-10988
-30519
378
-5930
14082
2283
27703
24480
-4351
13842
4236
-17806
-6812
19804
-29829
9384
-7897
-6547
25967
-29936
-30537
23867
-17596
22735
-6979
3647
-31582
-5054
-16416
30886
10820
-1495
9777
-5656
-17310
799
-8526
673
10957
-24113
21289
-4690
-2213
8563
-10301
17630
-15432
-22137
-14661
7241
23948
2090
-6414
30807
-17579
-21467
32086
11018
23215
-21393
-26011
5761
25537
11675
15765
-30734
-3838
260
4157
-10793
14809
-30995
-25878
30022
-6579
-15842
-11889
-17496
-24584
27652
17251
-17636
22883
13965
5034
-29030
19138
23339
-3298
25706
-21886
-17848
-8334
-3499
27971
13272
-12472
9288
24773
-18771
10805
22851
25961
1533
-13259
18417
-14335
11622
3389
-25881
18719
-17899
23753
-18393
-32572
30864
-15144
-3124
19752
31908
28189
26016
21769
-5200
-29972
10913
21598
-16315
29091
-4818
-13628
-18078
20162
4958
-5516
-8120
23135
17494
-289
-28152
-1128
17046
21345
-15693
29937
-16629
-14499
-16307
14813
19900
-580
-1303
-22000
-6580
-27741
7913
-24801
4272
-26299
20313
-27240
7008
22459
-18430
-10061
24497
-25945
-16656
-1984
-27121
27312
-24072
-2072
-499
-13285
-11834
-13313
-30997
13827
11093
11129
-22450
29971
19745
15636
2566
-25449
30317
-19719
28994
-21383
-27561
-23451
7576
23201
25938
-29224
3560
20679
635
-24656
29357
22314
24744
25975
12204
-14904
-9554
-5806
-13963
18775
-5605
-8885
-13261
-18377
7804
-8375
-24711
6926
13099
-3156
-16427
-8078
-6132
-22770
-4512
2318
-26966
-2970
19894
-29640
-17051
-29113
-5514
-2819
10796
25861
15333
19643
-15653
28749
-16160
-29790
2826
19228
-28185
-29824
-28975
1032
1018
-17268
29787
6874
-26573
13766
-1729
-29760
-18643
-13248
23863
30154
26006
-13958
-16079
9295
-14902
9470
919
-21930
495
-21568
-18308
-3200
19273
17283
10807
31842
25024
19497
8707
9030
12113
30552
-27463
30006
-20152
29575
-13082
-22343
22413
1723
10788
-14883
1144
24827
1278
-28647
-14999
13341
30170
-3770
11826
-21940
19377
-29005
-9034
11778
-16704
716
-27727
29349
-22785
-17800
-22935
-4354
7354
14447
13598
27565
12604
-18495
20850
-3454
4593
5089
18134
-4948
-1007
23012
27301
22989
-4754
13816
-1050
28226
8400
-2786
-22839
7580
-22952
-6270
21371
30127
1588
12649
15222
-10287
15000
21231
-21302
18209
1849
31661
-5152
24104
14123
31515
-23557
-10299
16525
-31499
18519
-10364
8784
-31498
10486
-21220
-19060
-7271
14435
25688
23972
-15266
-9954
-23527
22229
891
12427
2099
22566
10641
-31771
-23565
1982
-22186
-13214
-206
5398
16220
-9084
25626
18088
4660
-12905
-16736
-10016
3464
3351
29227
-25523
-3427
30413
-26323
1577
-2960
-24278
31645
-1870
18824
28497
10276
-17017
-14827
-26870
-9697
25044
25876
10299
24240
23097
5439
29791
814
-16016
-6916
-10211
-30892
-31222
-1265
-18962
-7590
-8792
-17896
-14945
15139
-5079
1688
-9316
-6850
29544
-8471
13217
7143
-5878
1020
-3646
13681
-30489
-15202
27763
-26304
6179
-17985
-1295
-21633
4391
-22447
3355
5098
-8439
-14459
-18070
15895
32098
13791
-16224
12770
-26011
-21880
-5569
19801
-17233
-27953
-4776
-17297
-4936
11374
-30574
32169
29625
-9364
-28758
-30974
24615
26828
-24862
-11405
32340
-1262
-1919
-27062
2728
-20334
20852
26303
2914
192
5184
7456
-7530
29722
-31307
-24616
9051
23053
26882
16109
-27583
22061
-23335
11293
-4735
-1216
-13398
25256
17614
-1301
-13903
24388
18918
10060
-20877
2978
8163
13027
1239
-5056
-28729
-18300
-23449
-9473
-14350
21780
-32616
-12576
-19316
-21184
-27481
-8822
19413
10127
19626
-30761
124
-19825
-20992
10094
-9831
-23111
667
-30892
-13123
6485
27329
-29407
15091
3239
-17733
-20309
3386
-14514
25497
-10550
-14991
-13298
-23530
20180
-9061
13834
3387
21189
-29569
26679
30933
-22033
-27972
-27678
16179
-7212
27742
-12597
-26464
21745
-27778
1947
-5085
-22288
-1372
24239
-4338
8085
20897
-32134
11879
-14580
-26222
12356
-8311
-9390
-19451
18301
25571
-7756
-31990
-24496
-25446
27615
25673
-15687
-31073
-22265
11853
17873
29674
-31103
-3388
-17527
-13228
2503
-2968
4482
-32722
28594
2714
12043
28271
-2806
-3792
-3235
25454
-18918
-25620
19348
19035
21794
9505
6259
6607
-11633
13973
14641
30835
-29024
14346
-6779
-15888
98
-17458
-30478
10392
6983
28707
19641
27769
-20839
3152
-8946
-5686
3567
-2354
19212
18062
-692
30274
16730
26846
12752
20325
31851
1040
1646
29176
27817
-25979
-9780
4678
-2360
-9796
22911
-13884
29165
-4482
-4790
31100
-16308
3483
-28227
-31381
12762
-25495
2707
4926
-24089
19447
28334
-21922
-21491
-29293
-7897
-32250
30839
6158
-8088
26115
-31719
-20749
-9149
20791
-2587
18200
15060
25872
17552
14995
19415
-30111
21320
10165
15528
-11048
-1174
13324
-30026
20487
25668
3335
20957
-19009
-28070
-12260
5729
10893
-12991
4255
-13532
-26122
21016
12726
12069
11707
-22584
5806
-27648
-1999
-6824
-26909
2670
-15607
27286
-15873
-23942
10479
-26589
-3410
-14765
1520
-26799
-1018
-4113
32265
-3134
27338
26106
26330
-27184
-14902
6962
-17206
28678
29887
27403
10239
25856
1421
-7924
15635
30286
28835
-19111
21006
-17440
1608
-9495
-26281
-23408
-23340
12034
-8431
12044
-5339
-362
25484
12361
-14955
-270
-21252
-27803
18496
7313
31737
2305
11427
-27723
-27846
17253
28509
-3766
32201
3578
7665
-24716
-9815
-31854
-27194
-9182
-20751
-28154
3828
7003
-220
-28054
-13671
15954
32456
24299
-8033
-31281
85
-30886
-25382
-26218
28972
-22479
22527
-8523
5040
2021
22701
21188
-29521
30709
27667
28473
-24207
-26537
25957
28984
16064
-23282
-12183
24405
-12559
28390
8023
-16199
-24942
3988
-29550
9933
3600
-12494
-32132
2662
-22261
-6809
-27040
-11322
-5563
-13208
-21756
25934
-4617
17450
-4279
-28881
21237
13812
2435
29895
10542
-25478
-11771
5558
6850
11935
15879
-3091
-19568
3004
-19383
4442
21929
26915
-17799
-2306
-21833
7374
25787
-32405
22641
7740
9556
-26000
14804
17991
-15986
12693
5674
20821
-1126
29142
-25725
18799
-25586
-30397
28464
-2070
13418
15176
-20510
-24871
16481
25736
-23588
15011
10130
19938
-11117
-19385
27988
23642
-14393
20362
12154
-25220
4529
-29188
-15645
28512
30103
-20571
31492
-6484
-7612
-28028
31705
12753
-17932
16900
-6803
26680
2585
6131
18057
-28557
-32106
-3862
30754
-30430
-10491
27944
-9014
-22553
23289
20412
-4034
20074
7685
-19888
-10995
6697
20014
-8010
3718
28447
322
-13124
27160
26049
-7208
22232
-20642
6828
-12870
-9617
32095
28540
18058
-7372
-24362
-8187
-15917
29548
19115
-30912
31157
1633
-29466
19915
15003
23582
23866
12701
13585
27853
452
5851
32056
-9888
8289
-25123
-31215
-20005
-4318
-25314
-15572
-26515
-7228
22556
-31366
-7889
-27936
3868
28650
-9244
-12465
-3132
25700
-8568
-27832
13953
10995
29658
-26241
21782
-7602
-10509
7896
-8008
-20842
12528
20878
-23959
26954
-7942
-31464
-5408
-14331
-13499
-22952
-13158
-5348
739
-20311
13830
13265
-31067
-3242
-11186
-20029
-2145
1413
22433
16809
54
25937
2389
-11428
32407
-32350
-17426
3399
9752
-1877
-15801
-23451
-29948
-7435
-12212
-2082
-28444
-25949
-31809
28103
17266
-9016
23185
341
-29681
11839
4992
20683
14394
2608
681
28644
-26171
11595
-7693
-18808
-6357
-6998
31836
13160
6318
-19131
12002
10945
-2592
27306
7354
-28785
2018
20833
7954
27346
5421
5193
-8784
-9078
-28941
-31448
-25791
-15443
15984
4651
-8777
-31038
-11271
-6953
-24730
-16499
-13843
-8170
-18776
-8286
-32737
-1582
18892
30397
-9917
7591
14607
9125
16948
-16774
20921
-6440
-10104
22108
-13410
7381
19930
-22791
14410
-3991
15719
6548
16220
-3980
3918
-8813
7248
25062
21759
-17044
19298
10279
-3449
26369
27872
-68
-8422
18790
18446
14286
30936
-8402
22241
-20505
-9141
12579
28183
23185
11542
-9161
26836
9737
-4842
-610
20965
-22798
-30525
-8504
26929
18416
25415
21841
4933
31210
4673
-13048
17656
15278
-23211
-29611
17865
20408
-17015
-19519
21263
-5625
15215
14500
-25655
-29484
-460
10376
-6537
25301
14973
-13130
-24973
-8543
-8040
26319
19449
18099
20529
8590
16779
28953
-32070
12425
-8607
-4532
14068
5288
-21732
797
30278
18989
1504
15470
32561
19307
-10162
-14489
13404
11279
6291
-5134
1280
-23164
-24746
15013
-31321
4534
16051
-24839
-9164
9210
-11151
-11809
5643
12804
-22976
-21106
-1197
-11093
-16282
29674
25609
30153
-28455
-32115
27811
-13535
-6030
-406
18648
-11512
-8793
27982
26419
-13371
2943
-5859
-6485
1875
12411
-25586
-244
29606
-14762
16629
-3667
-4755
-7114
-31924
-20382
-25972
9504
-12641
16780
23880
2752
-5828
-22032
-21624
26077
23761
-3837
8602
-15122
-27129
-11273
-5288
-1355
30274
-15259
-28321
-390
22502
15401
-29408
-26579
1375
-13578
-21480
-2492
-27985
19392
24165
-849
-19191
-17512
29497
6004
21917
23169
-27900
6485
-26669
25207
-3195
-12491
8057
-22113
25111
-14964
-12305
-11262
-863
-2590
6129
32634
-10523
-27448
-12442
-24748
-20960
3758
6502
-7927
2886
-17060
1473
3029
2109
11783
22317
-12979
28647
6268
511
7510
-25724
19004
-16014
-18565
8764
175
20930
17688
-22958
-16745
-6879
-31405
661
2236
-32531
15878
-2430
16117
23226
2297
-19592
-31702
-13067
7171
12508
17268
29781
-18855
-23648
-12873
25052
-30810
-26275
8211
15294
-10290
-1868
11082
28308
-9413
-19774
-19949
-30490
-20737
-1795
-414
-11994
-9151
385
-17824
-28
2171
1184
1936
15386
-29790
12819
30108
4455
14307
17375
-15733
1822
15155
2148
7330
-10278
-6987
-11718
12673
-3480
-20625
13695
21441
-29661
-21990
-32602
7290
-13690
-20869
-28012
-426
25366
-28387
-16378
8731
29323
27013
-24462
25131
12234
20192
-4267
9437
-29817
-25455
23222
-20228
8143
8034
-16324
-6320
-15302
-7055
15802
10956
-20288
28255
-26796
-19567
30111
6273
25598
-9356
19354
24881
13742
13253
-19534
19663
19445
14349
-15515
27884
22922
16574
-15747
-7101
29983
-6877
-32046
-12088
0
1560
-7086
-13172
3405
-27773
-3687
-32317
-22244
-17985
-30606
-25430
5965
-19058
-11456
-30982
5788
29945
-11018
325
-20083
26686
-263
30554
-25872
-23168
13607
-13369
19919
-5975
-12542
12970
23161
-30846
20744
-4465
18604
32662
-12299
2956
-9193
31688
9724
-7352
-28723
23038
-16539
24523
21783
-31990
-32006
-7892
-26914
23793
4122
26636
-26271
22730
-10797
-29384
9256
32116
5989
717
7244
12168
-23499
31288
18399
-14082
1504
-775
-6685
-14175
-1223
-11466
-9780
-3614
-12659
14513
-1476
29198
17462
26427
16028
-5169
3273
7091
26995
-13648
-4629
17982
31071
-23931
15498
-12066
-30361
-24132
-26616
19603
938
-24806
18678
-2046
11418
-10913
-8981
-5969
-24393
22455
32600
-28060
11773
-13655
20818
3359
1858
-24155
13618
936
-31494
-19438
1631
16002
19302
-25493
-24152
16539
23564
17960
31998
27826
24884
23024
-14485
13682
-29683
-27166
-25743
31064
-8370
-6064
15192
17
1737
-24369
4092
12410
-15281
-10663
-20160
19200
-11197
-8582
16154
29263
24696
-8039
22712
-9150
17755
-427
-30368
-12597
7476
-28683
-20750
24342
-29340
4162
-1933
-539
32686
-25910
-16074
1783
-1906
19325
12683
18722
1531
21175
6090
-9164
-12510
7565
-4907
27317
16028
2021
-22388
13240
-2680
-29166
-254
-26258
-4639
-19527
12626
30336
11514
3159
17408
-5689
-7826
-5482
-25770
25125
-22499
19869
-18296
31605
-11847
23300
-15440
20111
6652
20354
8821
437
17209
-6215
-17335
-30468
-22903
-12735
31471
-3860
1378
-10553
2882
31416
-28830
-16452
17423
-10635
-9349
-4614
8121
2409
-9984
8531
-6401
-10219
18121
-265
26855
26363
30524
24346
-8301
-4116
6430
5206
-9005
-32467
23840
-10545
32010
-7732
10681
3291
8880
6804
26144
-30751
-32678
-28122
18103
-10977
7047
26221
-21059
25731
3823
-27617
29971
12410
25164
-7996
17586
-6036
-17092
4970
-17841
31129
-4069
-22712
12830
31085
7600
-24663
-21607
-4243
16372
23719
23103
-3935
14931
-2488
19312
-3781
-2581
26830
-10935
-30649
14828
10836
7798
-15864
15469
28976
-19366
-23765
-23584
2267
-30728
-24624
31851
23225
21516
-2496
-12470
97
21804
-24722
24401
-18448
-6787
-13113
-15807
21374
-6647
1304
-20113
30792
-30067
-12559
-20613
20455
10307
-21309
-14583
-24835
18770
-20664
-12024
-12166
-1237
23636
-3443
-32182
30515
22831
-17892
-20984
29459
-24789
21095
-26706
-26584
-26919
18580
-29433
-12811
3526
4636
-17459
-11187
-10820
-26116
-23944
6400
22649
-24325
28576
-14553
21523
-29985
-3719
-15998
2715
29198
-13158
27682
-11662
21360
-20966
12042
5440
7284
-28066
24450
-21985
8743
-26374
8309
5942
8254
-25024
-17489
24800
-16580
28546
7895
21694
20053
-12987
-8984
11866
-20765
-2151
-6835
-11786
9854
6192
533
-403
-30137
27508
29609
11386
-23623
-7854
-12082
-19398
-18231
-31643
7673
16555
-14662
-16037
-12994
-22815
-25764
-12697
11067
-11900
31631
-590
27251
-10874
32615
-5746
-11812
27916
720
2262
15448
-4888
-9559
14664
-17715
-5768
18248
21304
-22612
14087
-15554
28095
-21891
5449
-10079
-3767
29401
-1882
-28064
22326
16204
-27255
-15782
17831
-9902
-25186
-14497
16226
-20778
10580
24796
9201
-1010
30476
28572
28728
-24268
-24215
24202
26511
-15849
12623
-18070
-2546
11882
-29590
13548
10746
25718
24337
-7384
5861
14513
-32588
3141
-17257
-744
-21417
17171
22700
13023
-18066
19932
12979
-1086
9215
-20492
9379
14155
-8514
10317
-2877
-11849
-24905
-9347
-26465
-26447
26388
-351
18583
-2637
27483
-10828
27890
-15758
21164
-8874
15407
17475
24682
27086
6613
32244
-31431
2279
12009
11968
-1499
-32606
22886
-27664
25807
-4722
-18725
-14611
-20274
25891
29932
-13794
3231
-28134
-20319
31885
-13877
-31495
-6662
19951
-699
11273
17213
-5528
9886
18695
14973
-16728
29838
-24733
13171
-31634
-4824
-11955
-27718
-1788
-26528
32761
-23405
-10100
-25804
-8268
14059
-28493
-30832
4340
-30902
479
-26630
18152
-5192
17003
-32512
13496
-45
-4288
-6961
-19619
-7021
-23113
9871
-31563
30964
-1256
6458
-24847
-28922
-27336
18148
30881
2855
26996
-21744
11642
16549
-18487
32567
-5884
-18704
-17669
-2114
-31574
29471
22769
-11396
-26710
23497
1485
7573
25515
29128
-27268
27318
-17343
143
-13770
-25211
4877
8181
-10614
-21538
23490
-13195
-7386
16989
16383
21557
-27089
6129
-28054
18837
15503
8765
20806
-5407
22607
5417
-3387
-22109
-23289
-22876
-9831
22295
-6923
-31209
-16173
22537
-11584
-7644
-20738
17809
19484
-1747
24129
15289
-31469
-30171
24948
22240
26028
-11653
-7767
-18595
26461
-13304
21308
2043
-20014
4182
-6621
-22457
20463
15353
-14474
-1953
-32114
-212
705
-6983
9054
7171
24859
20866
11899
18956
15878
-16944
11967
-18206
6961
32054
13189
26342
-2950
-27720
-10092
8286
-24480
23791
-22503
-16581
-2057
15982
28196
-235
21529
-6928
2663
941
11157
17137
-3328
21815
-8492
17956
-29319
3819
4571
6586
-14901
-7346
7850
-4973
-17490
24916
3188
-13648
-7030
-9371
12210
13629
30005
22104
-18089
-12914
20259
7353
27082
6073
4033
692
25643
-7458
-24369
-24904
-4394
21947
3066
-16743
-609
-1728
-19307
-21163
27947
-7670
-13089
24948
10404
26726
28070
-13144
5884
29804
-22304
18740
-16899
17282
-20188
-2802
-29532
23754
16258
20357
-16954
-27422
20840
-13303
32301
8426
26664
-16210
-17489
13384
28066
-13405
-11458
21162
6996
-23303
-439
25967
-19455
23969
19898
9590
-23030
-18512
-25630
-21078
-10589
-30260
18303
-15642
3923
-5966
29329
22857
-6310
-2685
13575
-16383
-29652
21744
-21039
4728
6531
28243
-23389
9823
-14587
-3345
30040
28031
-31790
29982
11129
-15108
9322
-8483
24947
23914
-8097
-1482
-26169
30896
17498
1452
26893
-28953
27631
9191
-25065
2782
8005
-22119
-12789
-7532
-31494
17430
-29800
-5100
7699
17123
11976
24122
-23466
-13624
-29007
-6787
-28367
-9310
-27440
-18549
-14134
6335
-25370
-3268
-6033
25126
27215
-1898
-6864
7585
30550
-8180
-18100
-7130
-15785
6034
-26602
-21407
13892
-1867
-13928
-3017
2051
-4554
19572
-8290
31826
-15427
15288
-31571
-13650
-2374
-6572
9729
18628
26199
7069
-23210
21041
-4759
22021
887
12247
-27812
-12875
-20256
15765
18000
3484
-330
12647
-19529
-24388
-28632
14188
-4263
19394
-27002
-1807
18112
-24133
17600
-12291
10760
-24248
5777
-22642
-26894
-5015
-24242
-25078
-21732
16251
-30554
-3328
25759
-27430
1137
1102
21995
-14183
20261
-8182
-5939
-8230
28075
7520
9694
10381
19763
-18516
25783
-19526
-10074
-434
-18426
322
28870
-6558
-362
-8625
20100
17156
11804
11140
10136
10686
-17456
-17965
12883
-8933
2709
24148
-4410
-22800
-994
-19478
-26010
-9076
12749
-15105
9964
1336
-3131
26647
-24276
-18854
-6723
4179
5124
-23962
1566
17030
-13902
21924
-20529
-3467
-20647
-24356
-5513
-23135
-15872
-26352
27826
15379
25310
-20234
749
5599
-24115
-16403
13533
19369
18813
6451
32022
-19793
-22963
-27374
-21140
-27850
-1837
-14458
9038
-31507
-9300
11551
-21766
-23605
-26636
1867
5339
-11399
-27794
15298
-14005
23147
8090
22932
-29670
3180
29164
22728
-5892
-27778
7719
2765
6064
2090
19669
-26325
19438
-17710
2895
24023
-20800
-3978
-15282
-19278
-9155
15489
28558
12315
-18031
-24121
-17999
-647
-27080
-9748
5988
-1481
20074
7167
13149
6901
-4020
25590
5113
4311
-25097
-23068
-23197
-2247
-11702
21530
14778
3703
23975
21473
25900
30890
-14189
-27698
-1114
5132
16948
-10223
-5573
9790
2074
-27379
2116
14695
155
-18579
16512
-29881
-3529
6168
32407
-4992
-28394
-1394
10989
16710
-27660
-15240
2878
-30967
-29285
-19858
-23765
-24654
-16637
25687
26816
-11585
-22503
-26288
32709
10661
-2996
-7167
18068
9337
6304
18233
-8430
-15308
7503
-17472
-18384
-18431
-25181
-24182
19345
-20518
9845
28636
4441
-5318
3974
-17030
15758
-29794
-23608
3686
16349
-13388
28887
23435
6160
-23978
3396
3293
-17406
22592
-27509
-5940
21365
-16630
4208
29137
14603
17388
23740
13477
26939
2908
23257
-25840
25553
29345
-11171
9426
-32330
-4216
21604
17496
7676
-15739
29750
-23382
22076
30584
-16513
-14804
17710
11386
-9412
-5575
-15805
4068
8902
30049
4539
-26877
-21988
-18061
-9442
-16050
-11960
19439
24926
-21569
889
13519
15534
23244
-5895
10567
25549
21381
2186
-15999
29423
-8095
-20867
2293
935
-5902
-10057
17038
-8833
22663
-18375
-215
-10925
29725
-30512
9974
-22877
1301
-28117
-29712
14315
19029
-23297
9323
-23120
23669
-32148
27037
-27918
3117
14154
-25489
-4565
-32299
-28291
29097
10975
-22725
12021
-24594
22613
-4628
6767
7055
11780
-24484
11066
-29256
-22479
-10319
-28430
-27202
25358
30034
