-23359
-24393
-30871
14464
-23238
-32384
3165
24444
13619
24603
24224
-20228
10865
-7238
6940
26783
-24459
-24751
-27786
-3129
11132
-30440
-17762
493
-10192
21129
26605
539
-23278
13570
9526
-6646
-17909
17648
-11326
27359
-26397
-30311
21193
26577
-2126
-17114
-28113
-21122
-29264
-2879
723
-27928
782
12550
-15595
9770
-26181
14109
-19406
7136
32575
-6766
-32274
25527
31511
6353
-12270
-22587
-3931
-19135
-19938
-147
-25006
24590
-4577
-8734
9507
-2898
30126
-2852
-11206
-30920
13871
27984
-27987
24547
2548
-11454
-22304
-19258
6454
-28608
3696
15593
-17249
-10212
20605
-26500
29029
9103
26588
-19726
4027
23317
-2288
-32054
-2382
15878
12085
-15983
14128
22039
-20920
18946
-6055
-21342
9622
29473
-1409
25829
-28044
-1469
-24828
-22126
-9653
5755
-5624
13649
2175
310
9921
-8983
-30715
-22683
26369
-2539
-31181
-5597
28788
6939
-8843
9149
-10845
32381
-29753
16926
17787
32735
-24680
-16303
7727
3561
-16086
18445
-3404
-1709
-7323
16085
8685
-19992
-11714
-20231
-5649
-23418
1015
3913
28503
-30658
-25185
-444
23419
-18501
-346
11872
2200
-11155
-8357
15759
16310
7400
-21652
-22352
8928
14341
-25862
25629
21241
-9095
26639
-16464
-25229
-24775
2426
22768
3705
-6735
869
20321
15349
6122
19039
-9782
3507
16802
-21331
-4038
-178
16582
-10872
31193
8969
-21992
25099
10941
9788
19337
-7046
25827
-24286
14090
-24149
-19592
22268
-14574
24791
-18312
-5141
10568
-14842
9179
13049
-13309
-13114
-16857
20758
-13754
-18165
1574
959
-6814
-18418
19566
-10600
5201
28911
24836
-26733
12420
-11582
-1559
-11131
-13808
-26903
-733
-12494
14391
18917
8416
-20442
24786
13674
-24783
-9093
-27127
5967
-28382
21794
7888
-21305
-720
-31400
-9545
-25551
-7223
-17646
6419
-9851
4199
-2604
-15536
24452
7170
16053
9164
8534
28824
-13957
23718
-29408
24521
-23748
23264
5417
3193
-7585
-21046
-4569
7051
8598
23049
27675
1036
-2306
-15606
8869
1096
19984
-13810
-20699
29775
-22893
-26796
5167
9811
-23814
-12148
-32122
-18680
-19426
19055
-16009
-21587
9070
-6272
3574
9545
-14321
19975
-26431
-24606
-13316
22246
12249
346
6587
-9256
-20423
-29652
10600
-8028
13125
-15508
-11604
7580
15840
32723
-24861
11777
9295
-11316
-20757
-14146
2997
-24914
-31643
25314
-27824
-20693
-4311
23707
-27432
794
-4610
-28477
3178
24778
28634
-15938
14976
14900
21091
-20852
32408
-11034
-30430
-30192
2191
-7142
32703
9577
-13152
-891
2698
15264
-28450
27307
-5938
9389
-2016
-16428
-18853
28631
-30223
20103
15154
-5644
-9937
-13794
266
5161
-26174
-4528
10470
9746
13311
31146
3819
19354
6331
-8153
-11094
4404
-7498
-15394
22671
20180
4279
-32111
5876
3496
-5079
-17762
-19397
2055
-18531
26148
9675
-13474
21287
24431
-13573
-8836
13339
-29125
22737
6970
-28594
32067
30169
10760
-22898
2107
25652
4009
-15812
24926
25857
-25331
-7681
-10398
-9936
-32277
29602
-14164
-20601
-1832
-20428
16298
16793
11570
-1071
-5950
-11518
24238
17680
29546
6092
-12236
-24006
-10499
-30088
28610
-17519
-4484
31559
-24840
-1272
-23908
-7132
32678
-18683
-10676
22925
-9275
28809
620
25759
-23068
6122
23179
30601
-1765
-16315
-26541
27332
-7507
-31140
-758
18796
-31704
-28093
-2728
-13684
1123
20017
-31485
-31318
8678
8533
20411
-22363
29622
-22874
-11655
-22549
22746
-7719
25744
-23084
-23447
-24673
-5618
13521
-7004
25778
-10070
23810
26835
-25251
7312
-26597
23005
24667
19193
27805
2446
7678
12412
-17905
-14524
-24893
10068
2670
22398
-6706
17484
14228
26939
-21268
-13450
-30552
-21424
-7254
29494
-17257
-25808
-30513
6624
-3225
18462
-23472
-20424
-19749
23052
-10531
17417
22606
8168
-24404
-32024
-13872
610
9004
-4932
23921
13763
18668
-8850
-15240
-29041
9245
-22736
-29373
8342
23462
1272
-21473
-20189
12475
-30121
27129
-17237
3796
11998
-28680
7783
-28994
4866
-11046
-23266
-23695
-15389
30594
24272
-17969
-30801
4684
-25215
-30951
-26270
-20310
25357
23435
13621
25148
-7664
14359
-26094
13727
2235
1164
-7538
-18684
-15519
-4010
9746
-14212
22237
-17820
-3162
-11898
12523
-6137
12176
-11864
14131
26935
16901
-18765
-8756
27170
-30848
16999
32375
25734
-22181
7704
-18788
-26796
-15915
21991
-19836
-3369
-23864
-24013
-24965
-5640
30069
191
15155
21584
-17054
9800
8813
-1993
-2188
-19506
18588
-26026
31213
1899
-4775
-7792
13553
4568
30563
22059
12771
2749
-11479
10401
-23313
15788
20685
-24958
13108
11559
10976
-14062
4136
16646
-5883
17504
30131
-12955
16745
20146
22152
-15072
9858
-3356
-10394
21762
20944
13867
-4524
2363
28192
3740
-8706
4904
2974
885
-30440
-20597
9715
3681
-32116
-6160
-12474
18431
29742
2123
11659
-19622
-23464
-28144
30962
13565
-31707
4436
-602
29355
-30944
-29245
5826
-11301
-3849
-1664
22359
-23278
6750
-29751
19918
-4593
-28576
1023
5396
32461
21529
9993
6855
11660
20699
29630
16241
29712
7135
26011
30161
-8962
13570
-29750
2843
13854
4752
6805
-15267
-10050
-22531
-737
16342
21932
-8375
32318
21783
-18571
20206
24650
-1935
-23881
-23820
5854
28690
5912
6582
11016
-10940
-1417
27288
-15753
-4012
29277
-8172
-21256
-30179
26478
-7541
22958
27899
29104
-5580
-26115
-25579
16321
-16678
19854
24371
-4426
-31202
2818
-22926
-17374
14427
4855
-16311
22755
260
-13025
-2999
9484
-12985
-9016
4404
16891
-23892
-4740
14115
23617
-2231
968
18221
19277
-25959
-15022
-31595
32302
3781
7505
32148
-25029
-11981
233
28712
-32533
10028
4819
-20027
-25153
14235
-16464
-31206
-10638
-16059
-32015
13798
3954
3749
-15561
-9879
19967
-1093
-10128
23141
25524
19879
32042
-19090
-19258
-16849
13450
-15892
-5169
-20931
-14212
-11884
20704
-10011
-25266
-187
30961
23348
8354
-4501
-21637
31666
27114
-8511
-9286
-16472
-9988
13054
-13822
-7420
4824
-23490
20161
-28996
9541
15758
-9685
6349
18348
19569
-6039
-7511
-9320
7240
-25885
27696
-27541
-19526
-13978
-24819
-10643
-17382
-26825
30861
12689
-28325
-29780
-16732
541
-27506
10588
8503
23101
-15666
24066
63
23805
12805
-21671
-30000
-17799
1586
18178
22883
-18227
-4907
-16109
28849
29276
7521
-32542
-24677
11809
30132
11588
29006
20593
19202
28630
-17167
-6682
22258
26299
-3390
11614
-14690
20561
-7547
8849
-8818
28991
-29405
27012
8448
4921
21297
4744
259
20797
20153
-1843
3522
-20741
24288
16131
22792
10143
28185
-25797
10278
-1301
11623
2779
-3147
7290
-19149
-11451
-14261
-18777
-1209
11623
-18804
-32151
28210
15538
-8423
32168
23229
5397
-7769
-2896
-24787
13310
-8612
31402
-21450
-5853
-16103
30856
7364
25835
-24125
-1551
1749
15645
24676
28069
24833
-11180
16030
27062
5733
-2990
19609
9451
26942
-2577
-22059
-29157
-11890
-10718
5606
18545
-7505
-24446
24919
22738
-31428
-9363
253
-19085
-23553
20156
23730
-19828
28590
-21029
8591
11315
-31755
12711
24855
5
21204
12795
13223
21125
26047
26146
-4950
-31301
13451
-3783
-31744
3730
28810
-30620
-13049
-3281
-4601
-7760
-30236
-25427
17102
26289
23575
-5710
-23431
-8920
19527
-24291
15169
-7516
-12206
11241
14850
1403
-15567
-16847
-29545
8017
-12033
31630
-8642
1068
14906
-26053
-28279
-20247
18886
-16553
26777
23438
20678
13058
-29853
-27525
24684
-32634
24768
23716
19672
-11037
-17388
-6600
30876
16411
26596
-25002
12992
-15246
-27975
-24025
-22091
-26667
21839
24648
12190
2444
8539
23181
-15211
-19296
21762
26223
-30608
28636
-32714
-3874
-16258
-4915
-6617
10069
8176
28655
-30056
-11382
-32179
-19653
-32109
-13209
12907
20626
2120
-7061
-17687
26089
25301
-2762
-3699
-14931
1602
21975
6776
-30390
-25103
4118
25090
-22150
-17808
25668
5698
-31190
18860
5619
-31360
9199
6545
32573
18686
14745
20289
-24847
862
-30521
15632
-21420
-9217
-26676
-16158
-7358
110
22562
6219
-13988
25089
15630
-12216
-26754
-3577
-24464
-17040
10527
-25960
30556
9201
-29165
9218
13204
16257
19141
-25868
29764
24823
21455
20342
6350
9404
-10360
1283
-5660
32356
-6723
30313
13544
15722
27910
-28356
4668
13961
-32077
17815
-24612
-31334
-20484
31063
-8523
-14091
-10799
28785
19091
-10184
-26372
3020
-19379
-26956
-927
-29915
-30804
-1932
17529
18825
-24530
17068
-27153
28387
7895
-27752
28528
-22140
-21272
-12558
-28276
17901
-18424
9825
31372
-17191
-25887
-20726
-5965
-5093
-26884
-23719
-4338
27332
6455
11151
13776
-16492
-12845
-15647
19728
4235
-9257
32415
-30530
13448
31591
25318
-30851
23721
-14522
12101
-11177
23132
24990
29
-14504
1815
-3651
13731
-11897
-6216
-23018
-27883
-11049
27381
-3249
3991
-9163
13596
-15100
17318
14148
26505
-26035
-16410
-14133
-17800
-10668
9652
26613
26863
19987
22337
-19865
-32211
-2070
-16665
32199
-24855
14661
-26172
-29002
4314
12628
-13398
15865
9934
15099
3814
-64
31403
-22516
-4679
12862
19661
-31670
-24877
-16736
-23279
21133
23207
15711
-23230
-12154
-12882
-2552
22124
-29467
-14537
16910
-16623
-24315
14803
4126
14652
6270
5770
32184
-7121
12591
15277
131
-4406
-16075
-31519
19557
24768
24046
25379
15967
1623
-31862
1977
17916
-15918
7177
-3287
5661
-31153
13232
-21435
-3230
23572
17809
2208
-9513
11678
-30183
-5567
-32537
14021
-16221
-2257
-2408
-17236
11306
-21766
14542
4202
-28804
18903
4945
14145
-6228
-30038
-30858
12415
7376
27803
2169
30362
32622
4468
-7184
22787
4026
12915
26717
-21132
32616
17166
-28609
-32309
32679
9108
32098
-3496
-27564
32184
17878
-28120
-7850
4784
15344
-10760
31255
3499
-18081
12744
5376
-26353
10827
-19215
-24733
-12466
29710
-3308
-1598
24368
-16990
-20086
-23433
-20602
-30141
-24410
-31966
10424
17043
-19494
6953
17817
-28046
7747
25976
-6916
747
1079
-24313
31253
-12755
-21917
-11495
-20463
-24026
23535
21564
17275
-7645
24668
6308
7882
-15968
6803
-11786
28022
15604
-5988
-31483
-9868
-10327
-726
-16971
2789
1881
-23166
27979
22075
5664
4060
12115
-6763
-22189
-2574
29889
7280
-11907
-27205
-15178
-24155
-9999
21478
16047
9922
17461
-4760
26153
25481
10820
17749
-17029
-7239
-28759
25409
7038
-6164
6509
-28328
-26491
-7667
-7664
8049
7522
-16555
20258
4557
1193
-25375
11731
9960
12408
24164
28209
-5865
4763
30346
-2047
-23272
1344
-1746
10733
9605
32493
-17173
10654
-15224
-3888
8595
-10579
-20811
9721
28369
18264
24598
-12326
-6707
-13807
14202
-16532
-3753
-31983
14687
25337
15081
-18193
-30632
-20412
-19561
30178
10715
-26143
7018
-19016
-7448
13994
-29795
12921
-18441
-18991
-11687
-17975
-24543
-27604
-28015
-28848
31153
-21631
-8430
9015
16552
9834
9239
5277
21547
-27676
-31259
26539
-1682
21967
-29104
27100
13980
-16564
-27832
2022
-10569
7114
-27660
-25159
18738
16498
5458
5155
26815
-18472
10541
18287
19056
14757
-5685
10436
-15247
-7163
-20690
22563
15428
-25257
-2134
2551
15983
-20141
4283
-31267
-17955
5477
-4671
29419
29375
20339
18363
9680
26827
20492
-9429
32061
23941
-21454
6959
31352
-30672
19215
-26591
6385
6564
-22173
-15275
-28509
-9039
13724
24840
-18801
18828
-2346
5007
27545
18988
7420
-14278
-29392
-1330
-11393
11562
17269
22931
-14840
24467
-19190
29147
14209
22143
-11130
24508
27336
24598
-15511
-16264
-31920
-28572
-32363
-11023
26352
13310
16560
-3296
28168
-2319
3279
28093
-22435
-32155
-8013
-5621
27231
15687
29267
19742
8397
-6462
1934
4933
31245
-31863
-4283
27224
-10928
-20666
-9579
-21733
-8287
21338
-18401
-25825
9607
10899
9368
-17865
28512
17968
31416
-22
-18137
-7226
-5590
-3698
23270
-12107
20960
-24723
-9653
-27483
22211
-8167
9344
30437
31608
28728
-22184
4110
-26553
249
-21413
16924
2869
-31387
28052
27419
21187
-10019
30665
20193
-15181
-30724
14959
4367
-5995
-5196
17852
-25447
31243
7181
-4940
-17792
-32406
19261
-15937
851
4190
-29119
-7197
-15074
28063
-30942
1828
22095
13842
-23798
1097
32671
-12550
-9181
-5639
20776
22267
29148
4890
-17232
-17914
-12895
20748
-26728
30539
11149
19819
15852
27996
-4413
-17108
-15252
32452
29249
11601
28483
8043
20193
7272
-28830
17420
-14627
8762
11208
2893
-9795
12754
-15421
-18865
-18493
31471
-17174
25842
-28278
5154
-16690
1691
-30379
-9748
23078
-29463
-305
-23162
3329
-2005
10558
31671
2177
11551
-31202
-20241
2323
-10111
-27876
7445
-8895
-18575
-26497
30737
19451
31338
-14727
9486
-23320
6204
787
2626
18005
24056
-406
-29427
-1104
23401
-411
3937
4136
-25164
32491
10964
-5196
-8021
-27756
-26422
-24327
9844
-19932
23644
10646
-18768
114
27936
-16847
-9274
-29248
-20282
15689
20551
22188
-29658
-3602
8910
21737
17629
2403
5119
-20365
15635
31118
11943
22950
-6080
13489
7813
-5410
27389
27009
-2444
-242
21198
1483
8468
-5154
-12334
4143
-12795
-5578
-32075
-5166
31468
-12970
-30760
-30682
9297
12268
-17714
15409
29296
2956
25098
-7280
26577
-4846
-18662
-14676
12819
-30441
-14881
29372
-26273
13424
-13168
-11896
9946
-18085
-12231
-15426
-27925
8518
10235
27705
28
14995
-24336
22450
-31121
-22412
-2420
-7996
8776
-23789
-32261
-23952
3474
9238
-11038
-5657
26520
4765
-9507
-18980
28084
-20357
27340
-17583
-6344
-6281
-22513
-16033
-7678
-11799
19386
-24804
-10558
13578
-5515
-17523
-2285
21765
-21276
822
21123
-16023
14608
17479
22385
-25294
-7003
-7562
24903
2870
23015
-19912
-31399
-16144
-1953
15322
314
-26655
-24732
-5172
27877
13852
-28161
-15474
-26661
-22704
21088
-16998
11564
-21781
8434
6986
-4540
16734
3368
-16232
10802
-19076
-3884
-15726
7469
-32563
26740
-4656
25849
-16440
-23804
29846
-14795
-21568
-11432
-29730
-6940
3531
17165
-14436
-22995
-7123
-19943
-31195
-9868
-27472
-15925
-15858
19080
-11221
-2677
25776
1247
-30528
-26890
-4059
12706
-16286
-7115
-29962
16048
27313
-4841
22642
-4013
19604
-29455
12321
23992
14759
28529
-18355
4872
9512
-12803
-3849
-18978
13488
5532
32713
29453
15338
7758
26790
-29957
19132
-2467
781
15472
-8225
26182
4062
4615
-23910
-21270
17751
-14606
-5816
17562
20053
-19940
-15872
6154
6088
21244
-1394
-31871
-22388
29117
-9706
-294
14302
-7577
13166
-9264
20482
-9821
-17565
30291
32595
-28984
-7674
-10827
-4350
4180
16340
-12511
-28765
5240
9353
-7149
24271
-27436
10703
26778
26425
-6124
19040
-1063
-2375
-28139
9025
32031
12970
11775
13398
-15863
22794
12592
-16951
-15609
21732
-9068
-11368
-23170
32500
-27901
11950
22977
6554
12988
25211
3448
25408
31461
-29001
7194
8886
4416
10362
14903
-26994
16508
-11898
23919
19818
-4524
-15468
28878
-19930
-4889
18799
3365
13801
1984
5821
-12965
29927
8211
12150
-5516
19918
-26997
-2368
-23954
1918
-659
19057
-1474
-26817
31972
-23523
-1484
12853
20832
-7964
26876
24300
-635
-9324
-3104
-27606
-18877
20455
5365
262
7933
-9094
1377
24570
3104
-10333
8394
-31934
-8313
-17592
-25834
-19218
-91
-30161
22071
26385
11391
-28517
32572
-13031
16414
25498
-7142
24681
-14126
-30837
7056
-12619
-25608
19592
-6997
12520
-28126
-23739
5034
13886
25744
-18700
-8030
-24923
-14687
-20218
20030
-28002
15729
-23448
-6513
-28086
1858
-2069
-9240
830
12559
1897
14397
17971
24373
-30563
-5468
-2815
10730
19349
-14387
-18707
-14328
-27685
-8233
20679
22604
7796
-11460
-12523
3065
-3151
-15001
4486
13299
-27265
-8154
20493
6441
-25201
6473
1746
-10880
18024
6078
-23007
-18092
12546
-20620
9639
17160
6608
4583
-1856
-16380
29388
9554
18542
-3405
-4189
-17201
12408
25571
18586
6853
-22554
-2945
19888
31368
-9225
14581
-13628
-4316
-4433
5700
-23018
-10029
-18723
-12172
10359
10489
24973
31029
32504
26193
-17128
8137
-16644
10761
-3744
-22873
5757
9780
7353
-23823
26385
-6645
-13489
6466
-24250
29555
10702
-26608
-5488
-30517
-28425
4060
25346
-8743
23115
-25488
3546
7660
-11921
-11779
-27005
2772
19316
-3443
-19818
-31947
-14466
2305
18713
-17173
-456
4611
5599
3684
32507
2962
25288
3410
14075
30056
31962
-3836
-3930
2710
18576
19344
-13321
30199
22579
-7601
-18005
22210
10234
18591
31258
-25071
-16862
-32481
29165
22379
24589
-7735
12026
18062
-13193
-1482
5304
2441
-8858
7493
-10766
29237
-26845
9932
20108
15286
-8593
-20638
-21979
-15998
10035
-21733
15792
-20169
-13013
18256
-1785
4318
9476
-15716
25983
12521
24976
-30866
-27850
-10107
14306
-21315
2031
-11900
-18190
555
-16304
-4667
10140
12873
10920
-15062
-23638
5972
-2956
26686
-24329
-18541
-9543
3567
15217
-13395
12375
31781
-13443
-16624
-6067
12074
-13307
-9846
464
-13318
30126
27852
6720
4881
-13892
-26054
28705
-17957
7783
5144
-21164
8941
14001
-19920
28561
-21996
-10709
5938
7231
-32289
30204
-2746
-13721
-18611
24304
22568
-10278
24531
-24136
-16344
-20401
-23172
-2063
31762
20741
-28594
29947
-21122
10395
29014
17732
-5863
31443
-10906
27705
-25017
9031
31723
74
-31324
-28916
-32124
-29349
16470
5957
17161
11170
-27809
24953
7759
14951
19128
21484
-22418
-27019
-16341
1022
-22008
-30499
4743
21513
23440
29158
24156
23974
16201
22012
8804
519
6605
16500
11290
-8196
17147
-14964
9914
23299
25707
-27784
12626
-19511
27466
-22319
-31210
-24871
-31408
-2965
13569
-28205
20098
3398
-31201
-3176
20853
11589
-10724
-10136
12151
27080
-10492
24601
18
2411
11194
-13706
-22713
10902
-30624
32607
4897
9458
6225
22716
13598
5286
-16122
18405
24637
-29692
-15269
5220
-26035
29924
6495
10083
-2799
-20414
31431
5262
563
16748
-12815
-27524
-4466
-20549
-20075
-10221
3776
-18161
-20608
23939
13656
28476
-18714
-17560
-31824
31774
20742
12708
3807
-19861
10061
-26954
-22616
-4487
10822
15429
8451
-11273
32213
28801
29128
-13581
-18226
-4087
-31534
22518
-31633
24237
-30949
3010
-13128
-2541
6214
-21907
-26480
16717
-799
13409
-32055
14663
20782
-5986
22397
12318
-20897
-18989
3779
-24178
-25330
22601
-18055
-26407
-3299
-32734
27908
24657
5365
-16782
15980
-18291
-5597
-10330
12850
-4685
19482
9167
-21969
-14992
7406
3303
-25533
32503
23785
-31875
10740
-20873
19706
12668
-914
10353
27698
7552
-6077
5969
10015
-26190
-13038
30530
2882
-5875
13453
6651
17761
28721
5731
14540
26146
-20563
20242
-24946
17003
-22525
6142
-18828
-31281
-19323
-5989
-15774
-12797
-23277
-7127
-31914
16167
-666
22007
9161
11891
-14836
-17370
5671
-7646
-3687
10046
-9528
7462
-8131
9727
-14451
12128
-15799
28548
6534
26407
-25747
31610
-29263
26889
-2232
-10489
7676
-14292
9377
-31500
-11464
-19776
-30564
-25781
27653
-22214
-31044
5743
12938
24039
12729
-7413
8160
19870
-4733
-30249
2682
25810
-15085
11165
-3827
-25113
-19847
-32275
-9015
28716
-14957
-7797
-20802
6785
-7051
-5169
-28064
19325
-31166
-3495
12579
-13919
1985
-17662
11630
-12563
26447
-20747
-9335
24982
-30868
14521
16624
-28069
-2211
28660
16895
12050
-10402
18593
25408
14700
-4664
-7449
26093
-11403
-30387
31052
-10525
17479
-12896
-6351
-13399
30770
-25539
-23448
5848
-20809
29391
-16973
-20781
-8342
8044
27664
22793
7404
-4293
-7547
25063
-23567
-3766
12903
-3391
7048
15789
10342
18226
-28574
746
-514
5643
13009
-30553
-25863
29460
17362
23412
29705
-21842
-1313
10303
17434
-1644
-21840
10687
25561
21375
2877
-3418
-23591
-31602
-3629
3083
-24796
-16114
-27985
-13441
-27088
-20198
6988
10685
21777
23078
7735
-16881
21139
-13970
28526
-15121
11320
16965
-25633
18958
13141
22635
30764
-4050
32414
-30568
-24035
-26057
21410
10328
-27286
-23214
5916
24664
14726
21104
6193
17517
-8781
2614
30095
-9973
13999
-4516
23917
31283
-16361
-17785
-2378
30035
16066
7919
31105
25308
-13337
-6970
17429
-24431
-19549
28025
19474
12021
-14758
22731
20012
-22064
23412
-17720
-18676
-20303
-6223
-13883
20003
5897
-30381
1586
-17151
-6998
-11610
-17606
-2814
13208
-3739
-13773
-14567
-15020
-24363
30434
20553
-154
-5096
-22111
-3066
25368
-27693
-6467
24166
-1853
5877
-10530
-1143
-29869
31622
19794
-32325
31543
-10578
31405
-18417
10563
-23386
-26433
-11443
25281
-3841
-25739
-22622
2944
-3518
-23093
-14183
-3103
-5714
27545
-30432
1312
-20168
32387
27146
15308
14871
23817
-24447
2559
-24158
-9827
-8152
-20456
-21017
-15798
1505
17774
20201
-4496
23924
-10664
21636
-15442
7027
-28764
1061
768
12659
-27069
-8745
19749
-14103
23168
-4107
10292
31491
19160
13607
8242
-6270
29668
23442
18975
-24549
29099
10678
-11328
-9497
-25661
-18160
841
-26968
8421
-19137
31514
-10187
-20912
22986
-31559
-12472
21143
10018
-370
22519
-27752
18469
30645
12601
3617
2528
1331
12661
28231
14909
30012
4665
-25703
-9416
-5274
-13766
4065
28965
24370
-9677
-31451
15047
8921
22099
-15455
-15586
14208
467
9754
7056
18277
14481
-12137
-28231
11783
18763
-21663
25016
3084
-13577
-10063
-7867
-17732
-29760
-29573
91
17415
4121
-16342
5427
-28723
-15140
-9797
32277
18100
-11492
-6057
-27840
-15791
-27139
8167
15600
17470
30195
29680
20018
5663
-9816
-11829
26691
10050
25991
3377
5051
24123
14247
-21564
26915
12490
-5697
-4427
-31452
-17570
30601
22768
-23392
29192
12483
-6812
7844
26581
27234
-8476
-30199
18941
17319
-1438
-10737
-11602
16636
-26762
-2382
-6791
13129
-31899
-9974
18204
-9723
-10677
-16408
17209
-16272
-23684
-2048
-32437
23885
30663
3943
22180
-29136
-13331
21471
-26098
11826
2855
-12213
20734
-8130
-4791
-5454
-21577
-23656
5531
21340
-11210
-5827
-20127
-19096
17541
12935
501
-27297
-18535
-19539
-25273
-134
28754
-16586
-28868
-2769
18664
13523
18089
31783
13397
-7982
4597
-25693
7531
28493
8966
5094
-11716
-22462
26247
-29584
-14061
5140
19386
-6123
-21374
6939
6960
-29605
24196
-16611
12762
23975
5708
9388
15999
-15620
-14825
-18190
31530
-20404
23285
-21745
-24164
-22881
-31264
-12494
6741
-9439
20920
-26017
-8160
6312
-2293
13536
10091
-20559
-967
7993
-18201
-13522
28820
20829
4732
-26549
-16290
13238
12660
10601
-26332
10371
25348
29485
267
26934
-21448
-1944
25641
25831
12904
-10877
-4078
28363
2254
29815
2515
-7684
-21913
6916
11831
28404
17267
-29888
22093
-23671
30653
-22499
14662
4800
13297
-3469
-13589
29025
11398
6343
5984
18839
-29345
13566
19433
21571
-19950
21286
-718
-13859
24564
-24651
-30534
2068
17325
-32320
-8149
10651
-32056
-26014
-7871
-9489
-13450
-11454
28577
-5688
30978
-32038
-775
-11078
-26792
7555
4381
-16633
-31187
-29712
-13524
11434
-10835
-29842
-24197
-6267
-29280
28464
-103
29509
27635
-7338
26270
17910
-6930
-1511
-4274
-8915
10048
4342
-22890
-19447
-21957
-536
-19378
-30038
-10794
32137
-32326
-20265
-6070
9915
-12104
-3206
-15146
-28426
7611
31367
18628
10806
25099
-827
-26807
19383
16730
32283
-23125
-24168
14977
15681
3400
-16686
-24774
26200
2666
-13813
-5058
-12674
7233
-29630
29239
-13425
30929
20834
-30239
-939
-18517
16459
-17634
23170
31841
-1408
-6529
-16436
18257
13952
21016
-14467
-8055
9243
1839
-21269
-6981
11538
-8301
19050
-14756
12291
-15725
1362
-1764
30973
-3098
-28529
-3891
6046
-11970
-4623
23063
-19900
28658
-24840
-26443
-3068
-12320
-30153
15607
22263
31298
-29302
27520
17356
27485
-27764
21526
27338
-13057
-8360
30322
-17231
-20176
12455
-18159
-27189
24028
-5878
-16610
28750
26480
13623
-8066
-9499
12658
7118
-30023
26297
908
-9875
-3868
-6698
15767
31141
9127
29414
30757
-22900
27821
-5063
-24883
-17949
-18107
7078
32319
28078
13829
-5980
-19266
-6325
-12188
-30580
-3640
-30203
-9522
3957
-16037
21960
3486
-5796
24777
32174
-1886
30191
14854
-24486
-7003
23231
-19747
-374
-30565
-7977
29075
-27126
-7101
30127
23208
-19203
-11992
-19954
16799
-11887
-7940
20382
21505
23506
23304
19576
-3079
7158
2882
-15640
22295
7405
-24598
23698
31748
-22860
-17688
10202
-19208
-26362
6771
-23435
-28821
-23531
1420
-26872
24645
17666
-20114
8368
21154
26073
-27380
-5740
-2145
6335
360
-25605
2123
17492
1938
-19370
-27612
8469
7225
25952
-19164
10677
-14317
32738
4032
19986
12518
-20729
14063
-11901
-26816
27435
-8855
-12352
-17774
32473
-16873
-9924
-7066
16425
-20938
-14019
-2166
-3194
12594
3757
-13739
-11733
6226
-5273
-18802
6199
26546
-14310
26776
-32164
-32201
-4466
23516
11961
16838
-10831
-22085
15096
-18329
-13221
-22242
1579
19818
9373
14918
-17126
-18694
8401
22499
-7826
24683
-23521
20074
-11076
5001
17514
-5906
825
-30397
5448
-3579
20923
-32080
11135
13751
6319
19755
-2660
19337
29043
18787
-214
-17019
-1905
21446
17941
9339
-21422
-26706
-908
-17312
-11327
-21196
-7557
-31270
7793
24847
14982
25359
50
4695
-24824
-29843
-3903
-17701
-21445
-6997
23445
20970
22285
21924
-135
18176
17398
-30583
-20094
-19987
-5208
-17481
-9375
-5460
11923
17185
31868
19792
-20778
-85
21753
-28172
7767
1286
3067
28603
-11851
27294
-25125
11060
-1854
-26512
-32311
-29586
27948
-31819
29985
-31381
32037
17568
-27434
9279
11589
27601
-1350
11200
-8117
-25547
14223
-758
-5379
738
-25441
17151
3349
-24714
-26640
-6372
-25892
-1281
25605
26972
-17847
-2475
30466
25099
-24500
27790
-5256
22083
-9099
30630
16917
-27650
-5147
2954
17448
-2513
1487
-28462
24173
3701
26320
-24824
3345
-32291
-18844
-18343
6830
-8086
8349
2261
13731
17529
-27753
19287
-26684
-9307
24661
-9396
14309
667
-25571
12433
23479
-2822
-13988
-26238
-26816
3123
28437
32424
-18555
448
-28935
6588
31285
29304
-23997
31935
-18438
27899
-23731
-21344
5427
-8214
-9016
28685
29408
1028
16436
-16777
25090
22168
-534
-20017
-4636
7793
-32069
-915
11735
835
-20237
5888
23982
28792
11771
11284
-16023
7472
20008
20580
-1684
6790
19940
5604
16398
21758
-6201
5614
-21836
-15979
-7391
-24411
4020
29080
13770
6312
-23528
-10540
1942
-22073
-30525
-10099
23266
-7577
30596
-15535
-11505
-4483
-17852
-21986
17732
20271
-26916
30416
-17043
-2548
3752
-29416
-1274
-1467
-9153
20350
-32552
-18668
10670
5426
-18770
-25397
-15757
-14035
-18828
8001
9963
-8122
-19973
-14274
-590
20148
-31912
-8364
6300
28541
30924
31832
11358
18027
29171
-254
-20283
-14672
-17858
-21014
-24313
11743
7709
-21522
16737
-4693
18248
-6454
-28869
-6916
-25445
-18225
-29262
-2261
-26123
-20564
-4958
-17813
-9831
15820
-11452
9305
19623
25175
-8371
31930
24421
-13014
-30632
13166
10451
1756
-23486
-24161
-18600
825
28618
1368
-18421
20635
20716
-7433
10456
-30310
31158
12038
-28239
-29630
9375
-27095
10413
2810
-5421
6923
12747
-22017
202
20381
28903
-24857
-23458
11716
25417
-16221
-17887
-6041
-11942
-32736
-13569
-24421
25510
6607
7321
-30062
-18580
23493
-10438
-32168
1518
-21293
-31852
-28759
-20304
22487
32183
-13000
-18515
19250
7471
22723
9675
21084
-24354
24085
-25492
29024
26264
18040
19814
-16027
-15346
-5078
-3879
16170
-31104
-21691
5772
24627
-32117
-17847
25554
-11776
-23074
22587
-3247
26107
-25644
-6099
-8791
14858
6083
9904
-24167
19453
-5947
74
-31938
-1357
-20354
1473
11601
5132
27516
-29377
-12920
-29724
-821
1208
-18302
18456
15349
32579
-28110
-17953
-1754
-6760
-2337
5541
-8123
32654
23233
3656
9445
-17743
-13077
-28172
-27236
-21202
3749
-1067
29471
-8649
26167
19011
15380
9960
6925
5492
8858
-6276
5721
-25572
8891
-31569
-237
6459
4179
-27187
20570
16770
5498
-32739
8613
-24161
-6785
-16866
24771
23488
2265
-25207
-7708
9132
-21229
-24146
10706
16746
-19720
32524
4503
32358
17832
-16515
-31854
-18561
-8997
12543
-31752
23302
19373
-28788
10440
-24657
6051
-26076
14126
12177
17003
-23068
-12325
12704
-15065
16433
-30264
14108
15883
27187
14394
-25475
-29147
18258
-3256
16723
21979
-25730
-2854
-16975
-1834
-14739
-9501
-23817
22661
-19782
3087
-17978
-32333
-3605
-31376
26852
-12766
-28793
32433
-22963
-23618
26669
-7800
-890
-1200
27601
10462
17472
-12787
-23187
22664
1367
-23611
-16229
-15350
437
2895
26122
-8841
-32457
26565
11916
708
-14765
14115
-26103
-31085
25084
-11980
-30973
5292
-30306
27899
-18696
-6171
-9315
-29151
-19026
13099
-3256
130
-26207
-3946
-6082
-22370
12631
18006
27160
-18691
-22401
-30924
17254
18765
-12757
-8343
-1068
29591
-6430
8339
19981
-32768
-11117
20144
18332
8565
-32568
28761
19090
29485
399
-13845
-18372
23518
2320
-24832
11359
-27273
24483
-25172
7616
-13241
-20084
-21703
16772
-20734
27799
26728
28011
21708
-20682
-5980
-16710
2891
22342
10112
21876
-25530
-24332
-13597
26231
20839
20594
-3580
5510
-27145
-19657
-32493
5150
19205
-17553
20221
11190
19643
-19602
31850
-20777
3277
-27210
-3405
28754
-2677
-24558
21332
30218
-12571
-60
-8154
-31245
-25133
-26489
-6232
4717
-5306
-20380
11298
-3874
19945
-8969
14554
-21207
-13749
10927
-6930
20461
3685
4137
25889
25403
-24180
29489
-1468
-4900
-10750
23704
25021
-24579
18949
25121
17392
4204
31641
-21272
-11454
-23931
25003
-1673
-28211
3845
-3370
-3308
-3820
-22451
-30455
-26284
11521
-25220
-18627
15001
32513
-4230
-7042
20729
16115
-29701
-29300
-18823
6669
21635
9111
9860
25277
10375
17554
23837
8575
11467
32065
-26055
12124
11563
-23524
16236
-17305
-24996
-17840
-1763
28712
-19255
-7167
14193
11003
4124
14791
9655
-12460
24673
-15988
3215
17650
-7326
25311
-29935
-25129
-8947
-22785
1097
1884
24965
-11996
20975
-20631
-11704
-27704
32368
19222
-2483
-20613
15348
28935
11599
12967
14465
13008
16395
32509
-29181
24025
23165
-811
28858
-27408
-26365
15425
-8005
-5424
22574
-12551
-31842
-10786
-10821
7450
-6431
21180
22547
5857
16154
30544
26513
-26516
18421
3326
9803
28364
9437
-31917
7931
-5932
-19650
-21475
20453
-19434
11760
30594
-295
24355
-32542
16291
-16819
-32740
-5342
12246
-32074
5846
7017
31569
-4239
-16045
-28948
21271
-22669
29537
-6016
-32483
30639
19011
11833
-14872
-15080
-30349
2810
11476
16884
13346
-11448
-24394
10239
-24475
13510
-3635
15844
26826
31275
-24070
13385
-3887
-7081
27878
9145
-19646
-16523
7590
-32168
-16847
21166
-20545
-10661
17327
7123
-23719
-25702
-6118
18867
6257
-30213
-19162
14444
-28122
-15052
12745
-23729
-28492
2898
-28674
11794
18594
-26279
17173
15377
14841
-24990
-30085
1144
-32277
7271
-6293
-18435
-9897
20753
-4497
-17974
-31763
-4396
30268
24178
12475
-10961
-4139
16903
-22434
-30553
-19205
30931
22293
5105
29571
-5172
-12710
836
14309
-2630
-862
25098
-18087
-29288
3910
25022
-620
-16643
10911
-2190
16703
1220
1110
-11998
8069
-24734
-6120
1423
11552
-20385
-22151
-22622
19261
32163
-13811
-15630
-772
25049
-30651
12906
13549
28537
1018
27280
680
21938
10779
20011
25902
30968
15399
-17873
-13805
-4868
18517
30038
-3930
-6616
11774
-23259
10164
20028
6797
-26241
-23920
1114
-3219
-27207
-28998
30107
-13009
16999
15438
2045
1391
-4165
-17601
-24322
15351
-23534
-29544
-4128
22807
30061
7494
23259
-11291
-29940
-6576
5187
21540
-11227
-28359
-1829
-5749
24222
-25687
12760
-6111
-19277
18490
5441
-22663
14368
-1907
-29559
21319
1887
-5087
-18817
-22652
19135
-31937
31314
-23757
-5145
6383
17768
-4532
-7600
26667
20499
-5302
22833
15185
-8011
19903
9898
-20409
-26254
-26324
-29235
850
-14739
1607
21165
16191
-5680
22155
-11159
-20431
-29520
-5215
22557
-32228
10846
-4047
-15254
-30542
27983
21047
-24489
-1033
-12246
3958
-23397
22254
-13916
28890
7388
17295
-13293
-17989
26759
-12347
15579
30906
12023
-4652
20704
27364
10674
-24332
30024
16259
-16939
-7670
-15488
15840
8518
-25657
11316
24730
-25046
21725
-21350
13740
2478
-1316
31242
3653
-11423
2567
-20734
-18987
30218
-8796
9809
-7234
-12511
9100
16048
2464
-10850
9318
23594
2392
26311
-22050
24763
26585
30888
-19904
1016
3120
9764
23932
4198
23950
5546
17352
-14515
-21688
-10681
-14712
27141
-15857
9219
-25368
-3525
-31188
-32716
-24916
17969
10669
-11177
20214
-15071
-13139
1921
16998
-18309
-16816
28252
-26353
-25625
-28218
-6103
-31104
-17122
17262
-20991
21829
8132
9673
28769
-24213
-22286
5355
-8953
-31990
4940
20651
14371
-21231
10686
13517
-24408
-29547
16667
-29755
-14561
-16191
-27709
-14357
-31276
-10782
22784
3516
-11544
18888
16780
-19129
-31679
11898
4505
24880
-17338
-22737
24685
24442
8774
-1730
2561
-13666
2699
19408
-26241
-12711
-14460
19606
18654
-19178
-12177
-32458
22615
-11892
31816
-19553
-3558
-18348
-460
-7118
6829
-11997
30616
22654
14005
-2676
24541
-2199
-32277
10303
8867
29796
-27372
3484
20816
-21386
-1607
-5393
22145
-20048
12841
32699
-19709
2581
-23214
7217
23685
-9566
-4654
2370
-21971
32103
-10523
-21984
-27082
13954
-8331
914
-3318
-2521
29215
-6580
-20898
-10357
-17796
21140
12610
4149
18589
5777
13087
11561
-31065
-22800
-9855
-17213
-15878
-22186
-19600
-11101
-985
-19125
27783
3547
22708
20925
10051
-30371
23687
29793
-1847
19511
9702
-12312
11896
25928
-3828
-27417
-26016
-24252
-23919
19527
23037
-31832
6834
-22892
-18769
-9766
-30058
-15059
28336
-9438
28241
24726
-15176
-3036
13996
-10949
2876
-8799
7536
17502
-10958
15511
-29214
-32452
-5419
-21937
-11068
-22497
-7710
19275
-29767
-10144
4361
-3695
18237
14325
15967
-16464
24821
-4336
-14785
5389
19855
12691
23819
4802
15903
15277
15463
24903
8407
6042
-23210
31906
-4311
2281
30680
5266
17778
5400
-6166
29208
13775
32456
14914
31218
2999
22779
19370
21604
22142
-4128
-20609
-31370
-11715
23301
21252
-20561
28277
-1513
-9491
6157
-9135
-18432
-20420
13521
-25253
-6364
-8784
-11870
10098
29906
13334
-23540
-18874
-18618
-9469
10057
31908
-10536
-5754
-6258
2866
19949
-16589
31023
18709
-6964
4650
-27903
30403
27822
-31540
4397
-13359
-8974
-13295
-32132
-14543
-31512
4516
23684
-9348
12563
-21686
-13904
-29219
16118
16569
22287
-3962
12111
-10729
8379
16131
-16420
21646
-21285
-5606
-26137
-17011
-30849
25220
-13277
9712
-11564
-15549
-9286
16234
-4583
23062
2640
16416
-4384
9518
5961
-6698
3467
5708
-15743
25947
31985
-28417
6172
4102
9795
28501
-23215
19715
-27422
31220
27402
-19156
-9430
9915
15041
-269
13013
-1891
-21080
4975
-6927
-30753
26405
-25048
-4917
24487
19772
-9776
-3974
-8442
-30492
10282
21920
8126
-10325
-11546
-15487
25188
10984
-13367
26791
-19383
-24226
-24075
-4459
-20055
18967
-26994
-1404
-4165
24536
4584
-32275
-14360
3033
-8655
-14483
6135
2292
-11261
-20251
26751
-4177
-15671
17908
11367
29915
-5975
-28545
21008
25616
1908
-22186
-133
17705
-23843
24835
-31121
-15209
-24504
-3780
-17024
22594
-25940
20021
-17715
-23436
-13157
32295
20821
31842
31212
-30478
-13932
-6731
-437
30427
-20828
-5392
-8466
15444
8770
30403
13892
1504
21595
30377
-8768
27591
19928
32623
23796
18561
-30270
-5169
-1822
-32046
27982
13980
15252
-23650
31422
24315
-25945
10630
-5616
11537
-16954
-1269
16017
-10391
-9274
18309
-8630
-25208
4608
-8876
23984
-19210
-10327
-26461
3269
-26206
-13189
-30252
28119
9732
11077
-29996
-20700
-4468
-29445
12510
10703
24959
686
4680
-13868
27577
-7413
-6207
6519
-9252
15048
-16147
-14329
24271
21127
-7562
-26805
-19704
28232
15700
-16380
-21576
17488
-1841
28656
-26871
28352
20011
-25522
-24701
-13348
-11613
-31430
-25548
27952
-18576
-3794
22513
24425
14923
-25627
5467
134
28413
4119
23808
-20398
-17177
22261
29846
24627
18898
28915
-3334
-3043
6307
-7033
3057
-30139
25774
-27404
-22631
32367
9827
11542
15732
7892
-8807
-11720
-24196
-27366
-14170
-16224
28726
29387
-7453
12993
-5251
2838
-13139
16556
10004
-4611
-32134
14973
-21241
11600
31774
31414
-7978
5148
-23120
30136
-32723
-4312
25200
6602
1765
14833
32569
22378
5510
-16162
28262
3673
27607
-777
16993
-25767
22477
29126
1452
1
-16554
-13976
2238
-22762
14227
24564
23743
22471
-16427
3426
10619
12693
-5491
6266
5607
16035
-26557
6744
-5447
9884
25635
11164
4797
-1564
-17951
25432
-12272
1513
-13975
-10596
300
-26837
-18851
8855
-21747
-29165
-13809
15830
23550
9568
-3295
-18553
-32280
7951
17706
23893
-28565
-24796
17369
2066
-5812
-12887
-21149
-17266
18654
12314
-29743
-18772
4297
-29233
-4839
2612
5911
19389
4950
29407
5146
-18099
-8364
17038
-22262
4852
9204
-20220
-26692
18039
-27994
-12393
27638
31648
12578
-19998
23836
20641
6186
197
-32725
-30695
-9387
-7227
22761
-8131
-15736
31845
-5738
10952
-10901
-13244
-26787
923
20
-10444
-21409
-5775
-2753
-9010
-4920
4353
-5950
-18357
11671
-673
22352
11548
-15976
31020
16463
-29407
-12458
-30344
29272
12389
-28720
21028
-22805
-8544
-20871
21121
31444
31402
29195
-15268
19412
-1233
-17205
27603
-12626
5224
-2585
-421
-19970
26615
1444
3631
14084
16377
-20250
22123
-4297
-1211
-32022
-25482
25514
-12512
15182
25134
-962
32179
20321
-22057
-15038
-26613
1694
22030
-26545
-12390
3338
-2332
-28452
5869
14325
-16203
-7286
-27804
20945
18577
-11614
-11516
14051
-21771
13409
-18714
-4339
16037
23385
-28573
-25422
-15106
-8961
29729
-969
-18766
19878
1637
-20657
-7851
7836
10554
9028
-8642
-16120
-14272
-11142
10780
17695
15040
-23341
-28612
20630
13543
7801
-17879
25839
-31003
422
28679
8057
8118
4191
-11319
-28263
19378
-16481
736
15869
4182
17897
-28164
-32150
-16992
-24009
-23122
2086
-10974
-26181
11778
30328
-2273
25657
-13335
-28477
-8689
30061
31120
23308
4731
2526
-4254
16223
-28170
-8309
2218
9427
-394
1496
13492
29643
-372
18828
31633
22688
8987
17528
-26049
32514
23160
-22042
12393
6431
9172
-25049
-26704
-6283
-17706
-14189
-17853
-26121
-12000
-31312
-19438
-1615
-18621
8318
-24033
23259
-15992
-12707
-16071
-3158
13772
2283
19557
-2360
21061
-22374
-12352
28631
16193
32308
23447
30085
-20092
-20492
-26877
-4514
8742
-11980
19574
-24499
31698
-13091
-15299
4740
12967
6812
-9966
-26321
-32674
5359
-24100
13064
12973
-7526
16226
22843
-4615
10328
-2851
-13158
12725
-13295
-4320
-12427
-31958
2149
18498
-3537
15462
-7682
12003
20447
-29138
23099
-26941
-25566
-17009
-1363
2782
18723
23836
-12157
-11265
23944
-19139
21787
16519
25071
15091
-18922
-28377
-22168
-15164
-27361
-30520
9584
-29384
17994
-24357
-6352
-12272
21395
-10305
-11388
-11682
-29671
-13207
4473
-17477
-24655
-30057
2966
-31790
9158
20710
13950
-23821
-2631
16679
-4617
-16586
-28421
-32708
10441
-273
-29513
-26222
32224
32433
-117
-28863
19969
-30680
31886
30153
-14343
8091
-10508
24324
19057
-4016
31651
-27964
5779
-19254
-12920
31091
4097
-6267
11897
31731
5611
-31545
3841
-9157
28444
-10142
18423
-16489
6800
2824
11488
-5575
-20129
-3561
-5846
-3973
-25638
26265
7307
-5578
30131
28515
4738
20957
2872
-14553
-23085
-15500
16658
13143
-8130
-22905
25716
-20805
-26372
21514
-15729
496
-11054
26369
-16215
-4662
-32318
-15466
-18141
7056
-29154
-12714
21495
-686
-21058
13750
-21550
-14778
-5276
28813
-17200
13842
-16065
-17429
-22544
-25798
20213
-24286
16786
19181
-7209
-14608
9037
-19215
9738
-26295
-5541
8204
-5628
12690
-16948
-23820
2335
-25952
11896
23268
-10554
-17931
-6747
9207
24093
20023
9878
-11753
-10876
-25972
22845
-32512
24795
26064
-5818
-21826
-20598
3779
-10778
19101
-12818
9115
-25206
-30645
-25799
-18162
13171
-25836
-19185
6967
-28628
10211
2965
-1671
6802
-25992
-26445
2055
-16871
-9628
19309
5724
-8664
-12702
13509
29149
-13258
3254
9907
15185
16408
26981
-28752
-15251
-15596
11132
-17516
-32481
-29439
23316
-7657
-1846
29472
-25464
11883
-31346
12168
-21634
-19703
-5367
4183
-10867
-2933
-18282
-21121
-31280
8755
-13896
12630
7415
3722
13489
7416
15938
28342
17207
18482
-3943
-22773
-20668
-19534
8876
-18765
-29826
-6456
-31887
-2958
-20668
-26216
-28327
16002
28931
-3828
28858
-32465
-14580
-3002
18513
-3392
-17503
-3932
-10105
6106
2242
12584
-8273
-15185
6589
8177
5393
-2429
5082
-22179
-13922
-10308
23545
4955
-29693
-25675
10786
11759
30479
-28700
-12794
-19299
5823
18032
31587
-26653
29720
-23886
4259
-4957
-13458
346
-1992
-27856
23125
-10381
-8432
-31323
32707
-28543
-5206
-15913
-23720
-8687
6043
25864
-30188
10614
21001
27715
4236
30612
-26147
17387
4056
-24484
-26459
-8108
22991
-16300
1906
32612
-13980
936
21517
-21969
-18246
19925
16511
26531
-4638
-19661
-16388
-19835
5734
20628
-22259
13300
29766
5945
-30517
29017
-1707
19205
15376
-15136
24877
6321
-23800
24354
-5550
2589
12432
-28873
-19294
-19596
-11782
-28560
850
21368
17250
-8980
-17614
-20131
-4603
-17849
29442
-27478
-18054
-7000
17636
6178
-2935
9578
-6702
-1919
7877
-24370
26350
-17985
-18424
6471
6673
-17528
-5441
32267
9048
5177
14617
18329
4252
-29540
23769
-12521
-13942
-5507
16129
-14808
16946
-26339
-16577
6154
3846
-20075
-3520
27219
-30573
-2145
-3558
32177
31947
-1956
16551
13798
5608
-11533
-3049
31470
-11703
-25516
28608
14176
29186
-29623
5801
-21049
519
-2187
19485
-18339
27284
-8280
-20797
32596
-24354
-17017
24005
23368
-17716
3898
-28121
-6400
16609
4586
4146
-22022
-16871
-19599
-16937
-9655
16401
762
-21460
-32726
22007
15959
-14159
-12315
31765
-31063
8320
-2603
-4263
23433
-15562
-26364
-3092
28048
-18880
-1496
-10906
-17335
-10868
-11038
17249
-22778
-28791
-22464
-3555
17045
28523
-5613
-20295
14504
5998
-26381
-29128
-32560
13668
-30967
16754
19055
15077
-15344
-9416
8995
6746
8464
-9990
754
-12367
17309
-11653
30379
-12559
22802
-23624
-20355
-26916
943
3174
-12634
28253
27871
-27233
-27166
14152
6567
-22959
7226
-22377
21722
-31419
5499
18110
7351
8810
-6096
-23983
-15576
7988
8069
-30005
-22094
22408
26869
-20220
-314
-10545
-32257
-19976
2216
5955
-6398
23124
-9344
13599
-15318
26862
-8050
17561
-14991
14854
-17494
-11483
18889
-12924
-20524
16246
-28902
-10049
13961
-17034
30965
-22620
23964
115
28436
10467
9928
-8239
-28446
29398
-19747
30320
-13778
31822
-24864
-25560
28417
20172
7765
-15456
-8930
-7577
-12548
32091
32412
21882
-11812
15078
26702
-22571
-25785
-3646
-10807
14244
-18403
-1586
830
25206
28541
-9798
-30843
-29746
-27762
16954
-16938
-21973
-5687
11700
-9015
-26625
-11494
24173
16372
22074
-28725
-26114
5758
-28395
-28007
-28833
-433
-16460
-29638
-10793
-19051
21861
12910
-3637
30582
23862
-1983
-27762
-22314
-26223
9632
18463
8157
14340
-17031
12516
-2247
8356
-24879
-7231
-7896
20487
10072
-24956
-22407
-19223
-22018
30872
-27927
-12332
20775
3030
21032
-12823
-19392
5332
-18810
-28673
-27674
27769
24333
7270
-25941
-27615
20346
-3546
-14559
6427
-27781
31026
6398
1486
-13490
-29194
19254
-19298
-21634
23282
11729
23549
241
-14489
-12636
4496
32463
16376
-13900
-29801
6769
3795
-13433
24339
-12675
-303
-31858
-18495
21927
15158
-25539
-16453
665
25779
-6463
5340
26547
31379
-9344
-14867
-12571
-1504
31623
6545
-24143
-19598
27499
17646
-32550
-4644
6240
-31136
-25866
-32405
-17640
-5307
-15150
22816
18853
-27161
11165
-272
-19856
-14221
18982
-9261
-32413
-14531
-13616
-29457
13335
10003
-10010
-3681
-736
-7027
7922
-8691
-14743
-11748
-14369
30049
17288
9833
14934
26284
28720
29138
32125
18057
-28563
-24194
-24710
-1436
-8915
14002
32257
30518
-10939
-25494
-2482
-22833
-17802
12412
-20026
12852
-4769
14322
-7744
-2012
-16753
216
28452
-19079
-9225
12988
32648
-14938
-7030
-17521
8818
-1799
18508
-9334
22860
-6483
-19781
-19302
-29211
13583
-711
-4018
-809
22520
22891
18411
-10292
-11795
12691
-29806
-23019
1429
-578
4528
10551
-17900
-1077
-12480
-3275
-30662
-29724
16037
2401
3586
-7112
29320
-6983
-10565
-10121
27826
-14483
7471
23196
-10873
-19128
4585
28023
-2781
17642
25657
4817
20351
-25573
-18140
28619
2217
6190
14060
4889
-9245
14883
-22890
22470
17188
-23267
1252
-15725
16045
3347
10213
4422
18680
25540
27309
7387
-14324
26381
24626
20526
4904
4052
-17919
6086
18052
32732
-32327
5603
-24339
-106
8276
-4580
11155
-24980
-25759
-25942
-17501
-18809
6838
29504
-7407
9450
133
16117
26727
14339
-19611
19093
2503
32649
23778
6814
-19952
-16218
19498
-19073
-19419
10410
-16039
17185
29419
-9874
31743
17877
-5868
13810
10743
-2267
17426
-12384
21108
20760
-29650
-24059
-16794
26681
-26030
-13290
13782
27073
-31889
14361
15163
-29098
-17212
-23060
-26726
-20269
-27601
8681
-27695
10367
24651
-14627
3966
-9724
9720
27803
32678
-9310
19506
-15197
8631
-32113
-24329
5124
-13094
30482
17937
-3574
24879
23741
-12847
-20576
-7974
-17279
15216
7812
-13285
-12578
-32506
-20816
-499
28056
-31166
25886
-28874
-14261
29734
2699
-21016
-18221
25716
32490
-1660
11350
6238
-6305
-19250
24001
5350
24991
5562
13698
26963
-8320
-12998
21907
-26526
31961
-14807
15923
14628
-7198
15685
29305
11768
22803
-20356
-31669
-15598
11403
-15557
-6199
-29938
-18000
-26178
26494
-3148
8538
28089
22329
19798
24056
-19899
-19320
-17238
-32346
-2600
-31559
2808
25497
4213
-3874
6987
13110
-29937
-8155
23279
32357
27662
11493
9845
5952
11452
-19547
814
-10841
-32688
3996
5633
-21946
14259
22611
18100
22718
-19160
-5710
25473
-3807
24610
-23182
-15031
15965
19974
-17401
29152
-9624
9539
-3184
29637
4534
12382
-18992
25260
-18325
15411
-12148
31964
17812
22603
-16971
4663
-9091
20514
20805
10823
-22835
-28546
9070
19757
4982
-13227
-647
-28826
1617
17525
-12534
-1297
-6077
-32171
28255
-25917
27989
-4035
-1484
21671
-16776
-24345
26106
-12118
14253
2812
-14942
28285
-23561
18415
-29028
8780
-24628
32119
3176
32571
-11072
-32697
27458
16929
-25439
14658
1092
875
22561
-17279
-26152
-8182
31859
16743
23033
15634
10118
30420
-6124
23855
5361
23805
-10635
16101
-285
27371
-10937
26704
25895
9492
12486
-29203
-5467
-23571
-3636
-22278
21898
31453
12863
23039
-19301
-14187
28124
-7172
-26428
24989
15578
28472
32005
-8913
-5527
-1473
12585
-13757
21327
21322
-2894
-10377
-23797
-11372
-8691
3516
-32399
-12551
32490
27646
13899
24847
12292
-3949
31980
28422
-4570
15630
7060
20596
-31726
-25590
-5263
27114
-2964
6309
7677
-32520
-27272
-16168
-20133
23493
-31963
4498
14146
-2163
28855
-29272
-21056
14198
664
32326
-14765
-10563
-19222
10406
9652
11677
14503
284
15493
-4328
12154
27870
-23312
-10090
-343
-11441
348
24169
-22656
-1853
7029
19441
23288
11078
-11680
-2598
30350
-25977
-25788
16970
-11135
12309
-28677
28327
-25668
4898
-16708
-14121
1187
-7052
9222
-16906
31394
28503
-10477
13639
-22699
-27853
8898
9581
6859
11391
-14841
25298
1444
-16493
-3270
-17087
-13114
2882
-27168
-15952
-14324
587
-14300
-20526
-6367
-27745
11500
-6045
1383
-764
31447
-20596
-7489
-24425
26490
17932
11115
15349
-3885
22792
-10456
-16023
-9845
25314
24285
-10871
-31350
-24612
12155
16653
28610
-2662
-22889
19006
32146
-9566
-2096
13917
18948
20142
26341
-23918
-4188
23599
5280
-29580
-1813
-3347
11503
-27168
9451
-23136
17965
-15021
10329
2239
11500
22350
-24737
22183
9658
-3088
26190
22014
-24282
6469
-10644
-4543
13290
-8708
-28971
7569
-28817
25515
-20339
29151
-32699
32049
18674
-32142
23340
16288
-12719
17241
-3021
10477
-2451
23104
13100
19226
31209
6830
-7683
-30121
-17888
-17848
10587
-26026
18706
7073
-7454
8007
16342
-10243
-23191
-14958
-2311
-24923
-7661
19196
15125
16114
-25108
4222
-8795
-12828
-30294
4736
-32451
23313
11034
-8922
-3730
18581
-27940
-6830
23347
3360
-23538
14117
25861
3874
24056
8231
-8573
29778
3838
-2181
-29740
7546
23747
15815
-3297
20688
8333
22886
30738
27602
32106
-11542
11453
2983
-29999
9267
-2509
-11947
3758
31021
-16162
-15331
19380
5143
-3748
-22916
18154
22475
22103
31117
24545
-19277
-30365
-16445
15674
11173
-21331
-11131
-7515
-19756
-21627
17184
17722
17437
-14237
21559
-6916
31791
-20012
-18843
-1052
-32123
-18062
28624
29942
14666
28275
-7607
-29996
14386
-7968
-11594
28793
-16513
23696
-896
-18969
-15167
19335
6738
8530
-26504
-24495
-9117
-12943
-3824
23388
25291
-7427
11807
-407
12066
-17679
3536
29193
8593
-22641
-12317
22779
-18223
3965
-2390
-9704
1199
-27843
-31296
1352
-12207
24711
-12774
11992
-30888
14502
-27677
30381
21231
-4300
22879
29085
8052
8482
-7110
31457
17076
7091
27130
13483
31404
-21240
15456
22421
-1450
-20408
6267
-21048
9369
-11670
-20832
-11436
21880
17472
-590
-1812
-12256
12220
-16092
-4788
-1088
11126
-3080
-24673
-9197
-18020
-9517
11947
13468
-8324
-11843
-31308
-20515
396
-19798
-13545
-8782
36
3458
-21088
4786
-11565
-20349
-11891
-2618
-28356
24034
-28767
6515
-12476
-466
10511
12519
28523
26452
-12843
23049
-6897
22451
-12515
-22291
8183
22156
29423
-436
-29145
-22026
20612
-10345
8072
-6361
-15969
-19231
-14230
-31365
-13181
-5593
27118
-17554
-9522
3927
8364
31489
31741
-28307
-27585
4195
-26506
28249
19581
-4634
3205
-18955
-26709
-5969
23739
-16252
29666
-10508
-21601
-17231
10458
-32546
-6695
-142
29394
-12936
-15691
-5843
-1270
9027
-18940
-19526
25751
-15921
4320
5990
-21927
8849
-21745
-17373
2701
-11129
21641
26621
-29643
-26706
6334
-5025
21829
5733
26449
11923
16441
-9744
12654
11664
3555
3560
-7813
28836
-25652
4245
30720
-5405
-16926
14462
-16884
28597
18901
29068
-12112
29255
31220
-18120
27973
14120
7794
18828
12527
6777
-27342
20638
-19687
408
18427
7683
9692
-22117
27339
3625
-14853
-4735
22710
8828
17886
-18363
-18208
-14876
-29245
10833
-26119
-32111
19852
-31343
5741
5311
17249
11036
19967
15324
20839
26205
9523
12
-25466
-20588
24977
-9498
15851
7814
-2202
-28812
-1147
-4669
-11887
-6875
-4748
-7771
8296
18645
-28478
9876
-28605
-19237
-11660
-24540
7011
12264
-19230
25258
-31943
-699
-23372
-78
-27195
-11690
8349
6586
24299
3669
30086
11736
20285
4146
-23523
4034
13839
-22800
-32525
-12541
9263
21100
2600
-16368
-19683
-32451
-18679
-11968
8185
-17704
-13893
21161
19337
20391
-23388
1626
25852
27540
-467
-4488
17247
-23317
31055
24629
28536
28359
16841
12495
-2084
12865
20213
32201
29613
22811
-8410
-23613
-4676
-19837
17552
22767
10541
-20478
-28084
-7643
15953
-1204
2308
10691
-28772
-20199
-1954
24878
18910
6766
-3100
-9233
-12575
23423
5907
5343
-19650
-21667
-5218
2790
-28286
-2821
18763
4878
-21424
475
-31132
28100
-12320
32382
31149
-22746
-30878
25624
16502
-15569
3217
-6657
2509
-7490
-4381
-12707
3064
13073
23384
-22435
-31018
-17242
5599
-25887
27320
15480
-9606
-5465
-18145
12865
-27171
-27716
-26961
18174
-25707
24039
-30687
-4427
31598
32435
-3285
-17029
-7045
-17862
21442
30808
-24918
27957
-1741
17435
29449
-18116
-15480
13245
30896
5088
-3953
-2732
6805
-1843
-27271
-10904
-15092
19193
831
-13495
3197
25843
15061
-30102
-29304
18303
-5684
6656
19348
-6690
32509
159
16591
11051
7524
18432
29143
-9914
10271
-32585
13640
-4795
-10697
14765
12308
-17235
-3117
-4006
-18299
21887
-1534
-28342
18105
1973
20156
22580
18356
9807
5180
28802
18912
-16227
-20458
-16371
12511
2053
-17003
-27781
-2331
-8065
-6434
-1783
1044
31679
-23656
29725
-3082
31941
-20814
22494
-9962
-7207
-8598
-26313
-14981
-5432
10614
12880
1322
-4210
19780
-30413
26674
-7195
14054
5942
19361
10927
32449
-19243
14868
-4582
-1500
-25740
27862
-32425
-7431
24498
-22193
14629
11809
-28286
-5806
-11012
-8179
-9847
-20576
18038
-29575
15523
-15962
29024
-32762
5398
-13347
12432
31425
10257
-16180
-22081
-9095
17215
22779
6564
-11027
-19136
-14721
19473
24022
1882
-8248
-12131
-30384
5274
9761
-13155
24577
-7862
-16739
-29992
-10848
-27590
-10767
-3688
-28108
22296
-18180
-21838
-19287
26393
24213
-9875
-16480
20308
12856
-2063
-28008
-2924
-9903
31712
13184
-29317
-16553
2272
-5579
-3411
30913
-24992
-6643
-20585
-4771
29927
9119
12656
-29954
-24796
4947
26166
23285
8126
5279
25873
11708
-8962
5059
-21139
24819
-17517
8355
22717
-15963
23383
-13570
17541
-2009
-8030
-11760
-9219
-31964
-21805
9030
25903
8674
23793
22840
-27392
-1430
-31898
-22342
-17823
-22225
23254
-7946
-25685
29589
25876
4632
14470
29751
16266
8906
24803
-29436
-7258
2889
9602
15651
1424
14451
-10407
-28636
2317
28068
-24260
-29385
3216
11400
12246
11938
13911
-31878
-25277
20464
-5301
19753
4449
-19511
-19138
15116
-16371
-15020
-17239
-16597
12479
-21464
27026
19346
3874
24442
23730
-27882
-15840
14591
-11052
-6536
20482
24054
8041
-18889
-10529
12175
29718
3049
23063
-28170
-24966
31127
27696
-32742
-18535
16691
-894
-32488
-32331
17990
-26194
26266
29799
-9126
9356
-28224
28243
-15202
6727
-25518
-9774
-9352
-12327
12635
-713
24593
17255
-29150
-970
-5961
2108
-5130
-30386
-14898
-24688
1807
-11441
19933
-30457
-17891
24043
526
7138
19581
-18521
4770
-29757
1582
20909
-3540
25612
27229
3823
-31599
-12739
11603
-28969
-3546
-9593
27655
29308
7990
30323
-2337
30080
-16442
-18856
-21958
-10863
-23082
-26949
9400
-31909
-7537
-12536
-16244
26275
-18986
16203
374
-10073
3425
-16422
31098
-16008
19629
3767
-25304
17042
21040
-31663
22628
-25445
28309
14681
22550
15651
11564
-11099
12074
17232
-26226
10445
2186
-417
11571
-7387
2002
1357
15879
19497
-13267
25646
19180
-21032
-17123
30556
14392
6025
-18277
22311
16146
13206
-12168
-13111
-31429
-27604
-22599
9075
-7227
-14043
7900
29595
26078
-1847
-8079
9253
-9322
-25955
-26175
-26963
6989
-2702
-1203
-25909
-2000
-6079
-14871
-3656
-28923
19757
-31276
-15885
-22298
21329
-3661
6152
-20366
12871
-17654
-26072
-32237
-28074
-21865
2265
11146
-28206
10074
2297
-9814
25420
-25188
-27457
22638
20181
-15276
31103
1511
-21527
11993
3024
-20137
-7192
23538
-19099
-5600
18149
-28016
31537
-2561
-15301
26095
21184
-4319
25315
-18740
-8334
-12713
-27205
-8476
26362
-13401
-5445
13575
22789
28888
1212
21906
811
21000
10445
333
-826
31248
4817
-22493
-1673
3501
-9116
12831
7757
22737
25555
6271
23254
-25443
-3508
23565
18019
-23966
12119
16648
-7399
