-12656
31255
24720
2486
-12007
3750
-10251
802
4789
20486
-1946
30552
-20817
25666
-1877
-3998
-4888
7240
27785
23947
4356
-9777
10374
-18470
-30304
-30936
-17034
8044
32134
-4334
4357
18926
24284
-22735
22256
-7402
7079
3534
4211
-4529
13711
-15744
23079
-25332
22868
26587
28623
-6884
32011
23010
18958
13178
-30536
-21222
20511
31287
-9434
32275
-12788
29844
-10960
-21823
-30162
11347
-19763
21609
2252
-20877
-32044
5107
-11126
1024
-13181
8049
5002
-2119
7978
-25433
-15461
-23605
-5338
19597
-1424
-13193
5055
20612
-29712
12792
14039
-31623
21538
11329
297
12239
-22828
-4114
19990
15634
32325
-8477
-14454
-17703
28625
25609
16242
-7036
-5307
-20590
-32248
17957
-9457
-15602
-26926
1035
7874
32018
26419
-4059
9662
3402
-29265
20206
15067
-18030
-27357
-23151
-15733
490
31175
504
18587
27725
4416
-23143
-20749
3322
22821
18266
18295
-11798
30590
-4079
-29050
26838
7279
19722
25379
-11417
26576
24553
12609
-18982
-28696
-19077
28458
-27643
24567
-3526
24170
2084
-19495
7225
-29814
23463
10880
21892
-30878
29551
-12951
14655
20623
-9474
31001
-10569
-27171
-10231
-11104
1745
-13882
-13659
1879
24123
11894
-12201
18872
-4681
31286
-8268
29228
9874
8174
32043
-13521
-29383
-20874
-18868
-23206
12271
-2687
12614
-28287
-17691
7625
-32322
-4982
-5154
12368
12332
-21266
23098
-32280
1523
6946
26218
31141
11610
-20056
8410
11890
12096
5399
-21622
30507
-21315
-24233
-918
-21685
-7668
8968
-14753
-26269
-9206
-4397
5150
3738
3000
-30299
23935
-28109
20168
-9427
-2837
-23851
-3264
-14870
8554
16883
-31268
743
19031
11712
-22576
7429
13536
-7634
-10189
15986
-10015
-20331
5219
26851
5798
-518
-7013
13312
-2238
-4823
12018
-17420
-14867
-2084
23964
-25980
-21267
3890
31920
-4986
-25875
22571
21379
-32331
-19525
4949
30746
3772
22054
-10518
-21423
-27410
-31697
9407
-24912
3069
2398
-3876
-29042
-10616
16025
18076
-12988
-12881
5357
-28321
5101
-18743
-6121
-15048
9548
-12322
-24579
-7100
20501
-297
-29054
4808
-6935
2990
-29848
-30387
-22713
-25677
6587
8775
-14087
-29104
1672
-3717
-26307
-20851
-1047
-28059
-20936
-24141
-27501
-22469
9484
-23398
7220
25761
-15908
-10731
-10014
32417
-4426
-31079
-23596
8370
-6965
8067
-8842
-22511
21902
2018
10437
-29511
-7927
-5130
15512
10816
21607
7996
-3307
-5276
31951
4087
-18435
-10118
9759
21770
10272
-22640
7190
-761
11882
16641
2376
625
10862
21436
-12580
-29307
-6993
2298
-752
18261
-11046
-22262
21986
28262
15388
19248
-24274
-1345
-28879
-9991
7680
21620
-4657
-14024
-13874
-2127
-13949
27687
-6626
16455
-5075
5107
-12189
1349
10719
-1884
-10023
-18041
-13475
-1508
25820
13366
-19316
3162
-12596
4640
4999
3912
29064
5543
23561
-19070
9970
29968
23625
23543
22370
31078
-13507
-14854
-19846
31840
-16175
-30852
-24710
-29971
-25037
-22283
-27951
1055
-21676
-15849
-15529
25989
-1613
8424
-18154
-22880
1957
28212
24062
809
-6354
15334
20190
-20357
324
6000
12876
27589
-25697
-17020
15692
10511
-18827
-14942
15872
17247
3997
6085
-1984
-28945
-31500
-5203
-26834
-4771
-500
-19765
-885
-13696
26368
-23256
-13926
-23482
-4681
-2552
6358
28912
11342
-21100
-28812
8966
-19816
-18802
472
-17869
-18926
-25131
-17989
7170
-30781
8534
24473
-21594
3475
-31957
11501
9318
-30103
-10635
31605
26931
-5763
14742
14531
27571
8160
-27185
31761
-23849
29816
-6307
-13564
25116
-4615
14026
-7410
7125
31622
5754
18852
-14732
-16557
5278
20430
15829
-21027
20329
7881
-12455
-17226
-26067
-7349
8024
-21394
-19445
-25970
-31713
15178
3642
31920
-12229
17723
10477
13560
-17561
17217
25935
-26194
30779
30083
959
28396
25941
-22597
-31382
28515
7344
3408
26341
19881
-25079
30153
-11316
-16070
-21554
12761
-15991
25856
19704
-1271
-22488
-902
22919
-2028
-32390
-3551
-16543
25454
29554
15325
-13127
-11761
-11661
-17470
9107
-19784
713
-31447
19747
21616
-30005
17813
10359
24322
-13388
2499
-10350
16613
-15123
14780
27465
-14078
8923
23128
24408
13954
22494
-3718
26200
26733
19394
-17893
11083
-1892
17322
-27384
28098
-366
-31062
15026
710
-19930
26239
25966
19965
-16835
-18005
-3290
-10628
27320
24854
-5896
-19966
22248
26877
4766
-22155
28937
-27138
-23601
22049
-1124
-23722
-1900
-5374
3097
-29019
16687
19783
9751
11740
-24258
16544
29591
4159
-19020
10056
491
-28896
-8424
-6504
-20198
-705
6357
-5554
4597
-3709
2702
-27695
15359
30786
-29919
11002
-19501
15600
31644
-17588
-9929
-12102
-19258
-32766
-24908
-29299
-27731
-21761
-25200
18229
-30858
-31858
19930
-8837
-9866
-8587
-1661
2366
13875
6311
-29126
27727
10555
28487
18932
-12002
-7078
-32680
-6947
-14417
-13370
-28300
-15255
-12840
7772
29818
-32370
31592
-20729
12757
-17713
-8934
-337
16138
-29667
3260
32046
-18000
1562
845
4457
18977
11857
18305
-11077
7634
13659
-25095
-16471
28073
15809
3404
-10684
7195
27563
24019
18183
-7987
-22965
-22697
-12081
-13145
-31712
-1782
-20890
11864
27860
13029
-30867
11847
-16302
16846
-25050
-13003
11731
13088
11784
11396
27192
-5409
20418
-25619
23465
18799
-10033
32693
9643
-6871
3098
22794
-982
13317
31671
20403
17018
-23653
5399
-19226
-21345
26787
-6757
9076
-27929
25439
19559
-5570
17908
11274
-19814
-18985
29010
14162
13902
-8848
-19794
19628
5775
-21339
24478
-14216
-22117
-27945
-15354
-833
-20642
-29334
-11189
24007
-2351
14778
30847
22767
10510
10222
-15940
30165
-24987
12837
-25364
2804
12365
-2172
27867
-5776
15409
-6792
25624
10995
9100
25269
18850
-15853
-10288
25582
-25346
28453
9201
8258
-22819
-24079
-29458
8057
20361
13242
26367
-26437
10044
-1850
11054
15682
25560
31365
28026
6319
-13373
21699
6043
1833
3326
-13626
-11439
32327
22195
-464
27277
-26427
12052
18379
22765
-2382
-479
27794
32124
1935
6055
19053
23875
2298
21069
-6934
-10566
-20371
6599
2960
-32408
13131
11064
-30316
-22177
1242
-685
27794
991
-26907
1833
434
-27359
8884
-28467
28628
25507
-14039
12338
-23699
8000
18906
16799
-24233
6190
8894
26291
-5723
26720
25597
-27117
-18135
31003
-6991
6149
6542
13539
-13137
30776
-2112
-27084
25827
-10947
27413
15332
-29859
-100
-7683
-24197
-10114
6287
-10048
-31288
4354
1826
-32087
-8163
-28461
27947
13549
16554
8444
-2554
-19154
-25471
6231
16610
-32383
20224
-23134
-11466
14071
-24215
-30514
-31601
-31062
2139
1623
-1815
7391
18217
-7914
19432
1583
14118
-17933
-26565
11559
-30986
-24057
65
18167
-24923
-23776
12805
-30126
30628
-25018
19603
-10994
17461
-12090
15299
31817
-20284
28884
-12742
-13218
28138
-28818
12917
-25422
18127
-12625
24770
-14260
16808
-470
-27770
-14053
-9537
30413
-19348
-24780
16294
12117
-312
-2223
-132
15017
-4924
-6590
5124
27319
22028
16339
21093
18968
25567
32038
32469
-2383
-1440
24154
-29119
-19057
24534
-12698
-25392
-31827
21842
2859
-27992
-10706
9679
-12654
-20419
-32251
-17207
9910
-9527
-23160
-967
-9590
-5106
20922
-4620
4603
-23435
30665
29161
25807
24599
-15210
7837
-10133
-28183
17279
26307
-4167
681
10010
-14487
29531
-31077
806
7680
888
-128
-30847
-12132
32147
17961
5971
20980
14488
-13698
-20712
-28484
-3251
-25110
9373
31570
7698
17526
-15514
-7760
8962
-31304
-6328
-18965
-8155
-27701
12769
-17420
-12401
22688
6358
-24386
-23462
-16766
20170
-32515
-10316
-11823
20748
-18503
15416
32703
18113
846
10384
-15356
-9032
26932
-30109
27364
2484
6423
-30597
-19958
3796
16305
-25971
10063
14997
32015
12788
-3640
-14099
10528
-4453
-1872
-16676
16136
-23096
10260
9978
3104
-20806
-3764
23246
-10946
-15669
15521
-3797
-10467
24992
-17602
7217
4767
30806
7041
23563
32482
9759
-16528
-11816
19039
-14004
23758
31472
-19867
29556
17503
-21519
-11571
1354
13208
-20981
-16629
-1192
-15252
31428
16583
-11262
-18376
-16059
10758
-30753
31754
14395
22077
27819
-21327
432
-24158
-3136
25604
24885
7147
-2068
5950
-20944
-6538
2628
-3791
-2711
-2490
15027
-14272
-20699
-3680
204
5995
24104
14926
-16509
15466
26014
-3416
17949
-3628
-6351
-19724
19090
-15906
-29715
24496
28591
-9830
-5564
23984
-17630
9989
27445
11969
28332
10442
-13471
28677
-19257
14356
16475
21403
-26565
27689
-21163
-31178
-1498
7006
13744
20363
-30900
10881
4845
-26681
-31184
-25206
14968
-381
17145
-30322
-21199
-31529
-4095
6488
-5816
-27252
16021
-5898
24192
8398
3601
-20591
-15312
14451
17200
2788
-19034
8378
5545
25495
1239
14166
-4449
-23966
-24959
27305
-2776
30260
-22279
22210
9292
24880
2805
-8658
-29298
-16370
-10212
10298
15338
20832
-11125
22310
-12311
-7498
22222
-10484
-16157
1901
31469
-13115
9493
22966
3629
3389
30034
-20314
29586
30493
-13471
21897
6511
3168
-5677
22603
27330
-969
-26965
11782
-25810
-12667
-28694
-27593
7387
20746
-20814
-20229
18650
-382
5502
2226
-16035
21017
29996
6364
12732
29276
17250
-31053
-12573
17067
15779
29429
-5183
-29017
-7602
-9810
-25883
-17086
-28762
-1077
20726
32298
27574
10689
32564
-13439
30781
25711
-10852
10727
-3441
-7362
-12817
-25305
-13155
-1508
-18587
11010
16568
-29769
-3103
-26241
8708
-25413
18867
-11434
16741
-588
-29007
22732
-29073
910
-11042
28260
-3857
-3359
8015
-9634
-26942
-25630
5488
-16426
13521
-24749
7864
20927
-9432
-29219
12758
27034
-14554
14617
-9870
-1110
-2834
-23828
-10642
-9470
-25626
31578
-12228
30407
-21914
12818
23078
-32688
10804
19243
-23402
-16225
16297
6892
-11682
3059
-10905
-4992
-3789
7942
22388
-31136
11437
24182
-21724
2136
12202
25160
19534
29579
15728
14663
-8914
2437
26347
-11323
328
30600
-8490
-8397
-16792
-20392
-23421
13471
-16415
21605
-10622
24962
-29655
-22091
-5172
-30715
16828
32136
13357
14537
-15726
31320
-4532
-150
-13436
17166
6802
-12591
22342
2572
-2942
-17924
-48
-19093
-31063
-17892
6105
-8743
3578
-28761
-9641
10535
-14627
29914
-3761
-18960
30899
-29278
-9154
-1244
15030
-1599
-8535
-14097
16069
30791
14779
1364
-3759
1732
10636
32292
-5165
-19709
13225
20856
662
-25763
-28554
31946
5130
-20889
7008
-18773
-16480
-697
-11620
9017
-8729
25390
10290
4120
-22757
5898
-25419
-23465
7958
-2897
14102
29239
-10578
13142
14324
8652
-6500
9474
-30921
-26984
100
-17847
-8944
-22185
5320
-18603
-23847
14139
-24787
3116
-28379
31033
14420
22226
-15435
30992
11150
6915
-20600
-2964
15635
22745
10864
-30520
7657
11626
-21506
2381
-12329
28974
19676
29691
-27000
-11753
-27751
-17476
-30152
-14103
8762
6761
-13381
-30756
-386
13076
12515
3978
-18669
-9766
-11787
28383
4747
4247
-23091
-15775
13135
-16318
12833
4541
-22784
-24576
-28584
3750
29910
-18908
-7111
-17073
5565
4321
20453
-12838
-20335
29544
11268
22183
-29381
5175
-12705
28756
4931
-22730
-15320
25032
32543
10296
-22250
-21957
9502
17747
9805
-14291
27944
10371
-21177
-17248
-21712
-13958
16239
14988
-4959
8572
2224
31127
-26746
29492
-13402
953
32638
10194
-10351
-25929
16820
2622
11708
-27383
17849
26939
25445
-31901
-5026
-4542
-29921
919
19350
27502
997
-10922
-4060
27481
32616
-18676
17302
30041
-8786
8135
-14896
-21551
-26126
20184
12449
18735
-21998
9494
-16991
-25925
-1303
-23282
-17754
-23427
651
12939
31381
31670
18325
-28701
22996
17684
26731
22972
-20170
5570
32381
-17072
-8292
-5698
31250
-15545
-2748
-23060
31480
-10624
11382
-5347
11130
9750
-20086
-20564
25051
-18214
17730
14841
-20302
1833
15054
-13681
-17964
-16535
-25887
5479
2196
21738
22281
-12490
12861
12420
-21051
21062
23848
16194
29901
16972
8885
-2371
-24686
7205
31829
-16050
-15086
-19633
20130
-19583
-8243
-6433
-17698
10969
22278
-14965
10278
-29483
19433
-31606
-22324
-16477
-28691
28602
-14693
-11909
-26672
-25417
-12667
28451
-11337
-2277
-19747
15534
-19431
-14186
-23047
-26872
4121
25249
9588
-31704
-6253
7106
-31533
4303
32187
-28780
-3081
8915
-10468
7858
14020
-15272
10069
-14327
23495
7368
-15178
-21410
12397
15454
-3123
-988
1290
2969
-8852
-22427
10013
11442
-6402
5048
-30590
-24196
-29791
-22132
-16985
-21930
-28533
23632
-5396
-24833
8392
27315
25269
11504
227
29219
-15238
-368
23954
-18410
16921
8944
-6991
-17147
-19195
-17348
13338
-15898
-5094
-10862
-14133
6503
6049
-2909
-15405
-2926
-9050
32037
21245
6695
10037
5843
-31767
-21114
31067
-621
-28163
25086
-11576
-25245
-26248
5935
-30278
-19664
-20099
-12205
-17294
-28723
8794
-21437
30788
327
7352
10262
25612
4447
13274
-13155
-22333
-14849
-11357
-7776
-12074
-24956
-31958
1636
-28356
-18271
13856
-30169
17219
-31195
14272
-29861
13950
-9480
-27625
25349
5972
13704
7760
-21655
8371
1870
-24701
22522
10195
18051
-32052
32170
-3918
1616
-20726
27794
-12600
13249
-31831
-32264
8795
6000
4686
-31447
18310
2958
16480
15057
9767
-1546
-12551
7931
-6136
-10588
-11023
-3334
-16508
153
-6743
14324
7695
-6471
-29321
28914
-29864
32342
-5622
19170
-31870
-22751
-15130
22366
9215
-9115
3420
4216
23580
14622
14663
-1487
-24367
27873
-7445
-8280
-11345
29451
-2063
16646
-16714
994
1763
21682
23299
31623
8247
-16406
17086
27485
5508
4656
2663
-4152
16678
12358
19817
9261
-8320
9730
27143
21778
-9055
-6505
18779
-25880
-11762
-15944
20260
5645
25045
-15448
16684
-6993
5722
-2017
12128
31809
16347
-17079
-19079
-22238
-16848
-4033
5336
32175
-29971
17125
-24199
-18851
-6125
16736
12679
12038
-9862
-18031
13141
-13798
30420
28980
-2784
-13335
30429
8346
-16895
28556
16637
-5415
-20026
20128
25227
-22773
-20541
-22886
16342
5606
5374
-11986
-25600
-26179
13315
-6028
-21203
-4725
7361
-16397
-26430
-15395
-31193
-5795
31745
12217
3142
-10773
2807
-29683
29802
124
-11979
-10823
-20005
8339
12133
5894
9952
32151
-6900
31949
-2626
26553
-1750
-8779
-6460
-10820
7135
-385
-23465
9217
-22806
19905
19213
-28397
21432
-20794
15053
-3044
-16254
-31476
-11583
-27344
7581
12950
27194
3092
27529
14220
-12839
-14371
-10676
-3694
-29505
-16165
32394
-8723
1711
-4047
31226
8893
15626
-15952
2599
-19181
23467
23158
15723
-4947
5858
30674
2289
-29353
26749
-741
-28375
12177
4309
27972
22639
-29830
-3760
31541
21021
6920
-31589
21974
-4967
-14787
5977
-21248
18319
3402
-15894
-17010
-7821
-5615
-29399
5369
-22992
-19810
-32111
-217
-30220
26320
17897
-11175
29613
-8934
3854
-8834
21646
15820
27321
-1561
3066
25129
1894
19193
12608
-11331
29854
16783
4527
-2726
30418
21525
-7474
-19670
-26527
-3045
1170
-21837
-31623
-14275
-30001
17499
23822
-8032
-25065
-18584
16828
7768
31894
20738
16599
-4280
-10295
29547
27089
16110
16447
14300
4819
9311
24617
18451
-15644
10975
3041
-30230
-16365
9104
-10079
-6504
-1911
20020
-17050
24474
21669
2533
-28551
-28876
-18337
8642
30382
-31702
31267
26174
27259
-29573
29235
28115
16735
23928
-26961
30295
29986
7740
-1084
26916
8459
-15935
-12152
-25537
-25928
1651
-27924
3381
-11423
-22113
-29817
-17845
-32102
8269
-24317
-8875
18293
19952
29128
1025
31890
-23015
15620
-24439
-6258
23914
14623
29189
-16312
-13253
-11494
29682
-26209
-2938
-24316
1544
6080
-30460
-4264
-6493
-16852
12794
16298
-17832
2393
25074
6772
3135
23622
8727
-32241
25006
20351
27312
3903
19594
-824
-15904
758
6577
-25892
-32271
6509
16484
-12456
29932
-9535
-3793
-5052
-11503
10496
-16467
-10250
11032
20521
15923
17710
-25265
3111
-10864
-27179
10466
-4581
-23222
7654
18059
1125
-19916
16026
-14626
-11576
-5412
-13841
-9932
-9590
-31627
14458
4812
-20578
16873
-28239
27117
-20544
-8602
-4983
5973
-11672
13381
9520
15851
28349
16375
-28270
32421
10516
-27287
15439
18742
-2959
-25451
-15477
-31299
12468
21901
15679
8238
-3719
-17494
-11471
8381
2528
-20232
-29705
-6107
-1660
780
-16205
8534
-14331
2736
-20478
14858
18123
22385
-1528
-1792
16759
-27840
1582
-17988
25597
30448
-10467
32650
-28033
4978
13809
-23794
7172
-12336
-26275
-23930
9813
-19332
-4581
-30653
-9212
22643
-20614
-26637
11362
-20974
-11844
-16108
8721
-32455
-32748
7355
-23770
-15297
-1859
-18077
619
18936
-7085
-9722
11645
-9314
10732
-9834
-11356
-16715
-19731
-26967
-5373
13661
-32292
11928
2113
7148
30187
12000
26280
-6572
7522
-18057
-22616
4952
871
-26981
-16376
7318
29427
-16885
9666
-12519
-12449
7199
-4746
31055
13505
-15522
-8728
25395
-29924
16990
6105
7117
-22946
-19570
14802
-18939
-14305
28415
16794
-10808
-10598
-7647
32339
29528
-19530
-12496
18011
22896
-18153
-28928
3759
-23381
-16676
-3490
-22867
24053
415
6460
-9752
6925
-25083
-32339
-18520
-4053
8906
5506
-30445
-26109
27616
-30463
28268
21378
19375
19936
24379
7135
-27860
-12057
4969
-13887
17352
-22766
-24217
-699
-27398
9437
14291
4524
31070
-23121
17204
24383
-24551
6002
13921
24333
-1948
22668
31901
8387
5135
8690
-21559
29138
-19725
12158
-9893
-941
-29381
-31315
3031
-11064
21365
-4504
-5240
29460
6031
14891
18845
-4299
-19996
-4055
-1781
-6167
-17724
-32014
27173
-18106
-10596
12869
12807
12235
27138
418
21083
31292
-31197
21506
29232
26215
1880
24931
-27916
10630
24834
-9603
-22569
22565
-7702
-3752
-32139
21104
-32147
-19429
-4655
18092
9273
-17830
27341
10086
-25710
-4466
20682
21013
-16302
30635
28365
-10270
-20373
9569
2824
-28687
917
24311
27446
-29485
-13380
-27721
19645
-3027
27167
14918
29063
-26450
-6051
-16830
578
-1895
-17369
29095
7596
-13415
22096
3130
-16564
-16542
-14429
20339
-13006
510
25863
29077
-25419
18112
-3329
-31199
27776
-23360
32365
16374
-15152
-31253
16577
-30412
-5465
32599
-19589
-18900
-20826
-22773
24128
5136
-19979
-11298
-4099
753
17268
-14769
-18645
-25740
8977
-3945
-22876
6560
-18005
-8041
27703
-11494
22447
-29331
25181
1979
30273
-4150
-29900
-11363
-20341
8982
11993
140
5755
16591
28112
3699
13891
-30390
-6604
28413
-6264
18563
-24215
580
-1333
627
-3815
-8726
-14347
-29377
-17529
-1283
7459
-26595
-31158
-29112
26703
30514
2043
873
-21019
18944
-20789
-22869
-18090
548
19550
-13717
-11366
-9260
31311
12157
10990
24988
26631
-32718
30487
-6869
-3607
-25877
-8796
-6273
11150
9643
-11490
28876
-14017
23538
-16377
-3329
-29711
-18568
-32270
-20213
-28917
-90
-19795
14316
26451
26411
30446
-23276
15537
25642
28677
19701
17108
-27471
5093
-17132
-16480
4359
-18113
-26427
6714
-24042
-10051
18202
-26391
19865
-27759
11200
-18839
28319
-29053
19802
2163
28618
11190
-31073
-2428
-11690
27522
5549
-30969
29299
21088
-17569
4364
16112
2463
1931
19664
-994
-2808
-1906
-4863
-27487
25753
24026
-323
3004
31079
9435
8817
-29180
-28151
15562
-10875
-23208
28295
11929
24400
16504
-22925
22379
-7793
-3869
5953
-5241
6004
17693
29815
-24061
11393
-24281
-28860
22555
19172
14477
6057
-29278
-10144
-20777
19537
14706
27031
6044
-28081
19522
-8972
16359
-29272
30988
4194
-10929
19280
27024
-30323
26393
-25978
1197
-30253
419
21319
-6190
12653
32714
-29666
28329
22229
13506
-13117
23434
-14183
-6581
-18438
13333
-16262
2798
1228
18921
-701
-9847
-25008
425
-2275
32405
-12602
-32140
16963
-18393
20100
-168
-15640
-13646
-28296
18655
2819
-7353
11391
26408
-9896
22409
-29805
-3250
4545
-24559
27307
23623
18225
1810
25694
29504
-27579
-2214
7794
14083
13741
21519
2517
7545
29894
11293
-30834
-3756
-23858
13238
-22537
-20626
-24611
1881
-11683
26014
-5250
24207
-4044
6198
28470
17585
896
9946
29718
7842
-725
30407
-11779
30308
-19830
-20173
-25756
-4238
-24083
29849
54
-28386
-6231
-13768
-17588
27251
21237
415
3628
31824
-28525
-21306
-942
-12648
19632
-17312
-13480
-23636
-26723
-9544
28416
12441
-32397
-11668
30056
1476
10729
30357
7685
15723
-11372
24002
-22491
-11078
-29719
11262
21615
4423
-998
-4765
3207
16258
-31544
16126
26255
5837
-10706
-16309
6019
-26410
3793
26273
30700
-6339
-31065
1633
-23727
15815
-27031
-26542
-17497
20192
29280
32304
-31228
22205
18844
7428
8550
-11419
-1308
11375
-31500
-16499
24201
-4249
12926
-9839
-10605
30140
17401
1446
-12560
24526
25887
-5696
30618
26602
11539
12587
-32757
-30581
-14894
8557
-24747
-22930
-1616
-24552
26836
-20496
-12696
31291
-28626
-23313
-7478
15703
22449
-18352
21620
5753
-5855
1180
-18712
-20863
-18485
-11637
-10388
27743
26489
-18651
-1934
30262
-24554
9217
-12838
-19770
-4587
-26984
-14373
4682
19926
-10914
-22622
-30413
-6918
-20719
13693
-5606
-27872
-7185
5953
372
-6448
-19085
-5159
32553
-32076
-22163
22361
-22425
-6797
-3788
8327
-14104
-7353
-18930
-19581
7812
-23944
-30018
-12112
15213
-30657
2540
-11724
19924
21768
-24397
2735
-30300
2393
-29312
-12747
-9
24635
5713
-25567
-4965
-673
30404
-21377
3885
25104
-14287
-11525
24494
-23147
-8947
26831
6539
-22063
18374
-16049
-24477
-15239
-24823
20485
-13954
-11922
27167
-19336
-9498
10931
-13260
3198
21577
-718
17297
9481
7134
27448
1215
-14286
-21806
-18372
25086
-18751
20821
-1511
-27238
-1830
-18853
26958
6880
30098
-26027
14214
22142
2565
26924
29556
-26727
-24869
-26182
25357
-31740
-5257
17171
7128
-10361
-13894
-32295
-15939
-17542
5671
-6034
5466
-21625
-13173
31511
-30978
-31911
18123
15086
19746
14666
14137
-24702
1373
-25627
-19401
17637
16528
13269
15892
24295
10035
6436
25031
-6195
26743
12401
-15516
11878
13446
11726
9854
-22439
24218
-12057
14603
-24442
-15417
-24147
19375
-11935
-27587
-9868
3371
-2740
13688
11401
17412
22666
28711
16002
18019
-2039
-1936
31194
16142
-6904
-11029
20063
-2596
-8423
-6737
-1579
24309
-29267
12969
-23260
26662
-31614
-2611
195
-9029
-12572
26011
27559
-24116
10678
-398
-3660
-47
-23143
9707
3121
13859
1468
-15644
28350
-14189
-27493
-8947
-14988
12760
2079
-14177
25588
30210
28019
-23963
16457
7510
-24676
-4012
-25548
8056
30742
14959
31584
16731
-10582
-5069
30206
-21763
15202
-21841
1834
11203
-22121
-25993
-19982
26147
-7505
-9162
-21368
-27251
-22498
-21235
25662
-14150
27186
5454
26274
-2061
-6184
-21928
30211
-19244
-8784
12275
-22312
21334
-11904
-5814
-26082
-22648
26260
-9276
31479
-18648
31593
27383
-23247
-13047
-1099
20471
-10803
10081
-21905
29797
-1232
-17019
-9898
11392
-26391
-27796
-3516
-2284
-5870
-564
190
-23179
-2611
8932
-29385
1427
17858
28210
-22536
-18300
8720
-22752
21346
-31591
5565
15685
6639
31647
-966
-11897
18674
9635
-28144
-478
-22127
-8182
30756
-30338
-25916
5427
-26342
22942
-23686
-13136
-27601
4122
-11425
-9786
-2894
26757
-24848
12357
596
7393
-10503
31892
-24621
3381
-32237
26718
2148
-15342
-23036
-9219
-3062
-29830
25312
15764
-16858
-9956
-7676
16105
-32267
-17551
-584
-31478
-16346
29960
-25695
20809
12286
-1305
-689
-8991
-30630
8215
-10567
18331
-15854
8515
-18893
-11249
17463
13008
8965
26599
-12300
-21614
-11656
-17959
-24361
-17273
3897
-8685
25781
-19460
26477
-13001
32000
8789
27332
-25861
9376
-29969
2101
12005
6909
-12832
-7780
15653
-20815
8759
-30023
7991
27574
-24704
-25474
32117
-22126
-494
31185
-11651
-17412
25849
-12811
-32440
24694
19886
26404
-5029
-27301
1174
24644
-26330
26284
-524
17263
-4722
-1334
-9945
-3234
-11696
-13836
-20673
-3662
14055
-15123
-4885
29289
-765
21459
-1396
-13953
-6047
8944
1708
14338
-13958
32495
32183
-31153
-12933
3046
-32693
-3609
30011
17709
-2454
3170
-7958
-21129
818
15710
22476
3204
14529
-10969
-14393
-14658
17619
26398
27480
-4368
25798
25643
-28851
28985
-29957
10191
-18990
-6581
2485
26506
9430
-27633
30936
21865
16740
-4594
-31034
17294
5707
21730
27464
-8188
5511
-18193
-11265
-15306
-23817
23821
24546
6396
-21527
18564
13202
-12821
17405
-6733
-2985
16963
21397
-28416
27248
-12714
13093
-4791
14900
-29253
-12931
-16198
-27046
12460
-6927
8142
-13508
-745
5287
-5377
-30967
26320
31869
-2826
24106
-6552
27948
22217
6428
-21527
5351
19379
13200
-17464
23834
-23811
3152
-9570
14636
-30610
-27915
-21178
31808
19220
32746
-3377
-28689
16789
4300
2026
13521
-19412
30895
226
-30845
-6811
13302
-31329
22533
-16172
-11385
12748
-23596
23160
22434
24730
-25485
9101
19468
10356
-30515
11787
-8143
15954
14193
12817
-16064
16440
-9163
-32538
-26708
-12774
-16558
25458
22594
-20743
1280
-8884
-974
4496
6857
-26103
13905
14858
-19661
-2629
-29645
14960
-13877
4359
-10856
-13393
-25449
-23997
7079
14332
1233
-3767
-30775
-17286
-5069
-15023
-31815
14393
-23703
-1091
-25369
16406
-24765
-27810
-27479
-30876
3726
16416
1980
26484
-22035
-16635
-12522
-24321
-23331
-28553
25023
29894
-22893
13819
11106
-32488
-28800
-7438
-5234
9694
9564
-29391
21212
16456
22972
17723
7333
-9890
31228
-29310
-10541
-31090
14401
-8910
5157
-26062
-19379
3329
-15100
30395
-21965
3445
3587
6519
-21203
6874
-6461
-31305
16795
17467
-20996
28918
6285
-29220
28530
-14119
11145
12917
-15179
-11939
-30940
-11732
-910
-10237
-9251
-27181
3696
-19234
9138
-19543
21914
22834
5936
-22359
19459
12279
-15289
-20056
25491
2258
-28462
24230
5733
-18382
4108
15037
3919
27591
-7741
12215
4763
13897
-8010
-10330
-19195
22977
3657
23090
27937
-20512
-31112
2437
25065
-29129
-19215
-9176
23600
-15618
7097
-8245
13904
16685
-27722
-19704
-8751
-24903
5477
-6442
-4628
30945
15768
-31404
13271
15116
-16294
28392
20081
-6465
14447
24604
28928
-5288
-25955
-5236
-10047
11283
29777
-22895
11977
7419
4293
-9664
23071
11635
-12108
-32401
-16069
1162
-25170
16087
-15492
4834
8488
9899
25433
-19430
-6782
14937
9787
-1117
-17851
12039
21478
30816
3353
-24298
31543
1671
-14139
-13087
13003
3247
-21836
-7141
-8225
-30390
-1741
-30532
-17280
28560
9642
14389
16368
-2118
7026
16672
-30632
6089
12757
-3050
-10860
8145
17546
18272
10652
-14479
-18551
962
-27137
30895
-14587
26762
8391
-8558
430
24000
-16052
4208
-17834
12023
-30846
12095
4574
-24900
-10307
17471
-9555
29969
-15108
19735
-27183
30187
-6579
26129
4572
28404
-8282
31794
4392
-892
-21983
-16851
13002
-22613
-8887
15673
-15979
-12856
21121
28017
-23880
10603
-30771
-5107
-12769
1045
11756
10819
26190
17570
2835
-15304
6727
-24769
-22543
-1569
25581
6800
-915
-16406
13415
-4687
-8300
-20124
7230
32430
15559
-18663
8893
30098
17759
12996
1864
-32312
-10947
12209
19678
16214
-17613
-13853
16108
-20650
-456
-13400
13071
9226
1309
-18094
-6544
-28000
-7370
-8324
-14953
-28487
-18516
-3474
-765
-21513
26304
-6147
-21356
-29495
-838
21624
16440
14314
12709
32573
-9243
-6007
-12772
9039
8999
22018
4819
17675
-28000
-4857
-5263
15253
30642
23335
-19914
-9044
8248
-2535
6425
-27081
5436
-29871
-21630
-7803
24423
-28883
-1265
-15544
29884
-906
-15709
-13076
3866
-30351
26574
23426
-12095
-22050
-16332
-17145
25123
8877
4542
-6291
-12316
-2628
-19223
-19079
22029
-15026
12074
-21928
14987
17847
18980
9357
10381
-6022
-3915
-20250
23198
-30784
-30377
-11160
30807
-22140
-11898
-11259
-6378
6637
-12607
26484
11838
26583
-15646
-6249
6022
-31303
15019
19495
1805
-8871
22754
-6588
-11359
-17495
-29784
-9020
-21730
-19169
23889
14260
8979
18743
18532
-2484
23290
-31416
-15580
-18956
25873
-3422
28291
16289
32496
27015
-20376
4752
8352
-28804
-26123
20464
-32030
12952
-12118
-30189
26802
31496
20487
-11879
5014
5926
8506
8275
-26996
19995
13037
-6477
21202
29954
-7073
-32459
29720
-20284
-13337
-21001
5376
-22237
-10496
6588
-24666
-22403
20732
28449
-31421
11445
-29098
-3306
26233
10786
11787
-9887
-6226
-26457
7529
-1879
23069
8966
-19490
24523
-22618
-11105
2327
6768
3738
10467
-30816
23384
-26086
29360
27308
14921
-31794
-13972
-4702
7337
1285
-6997
-26164
-11819
-27586
-6410
14550
-22327
-25601
14736
-11606
-12929
-20040
26541
10030
16004
-30488
30229
12232
-1013
-28650
12237
-7707
5299
-8654
459
11265
-7558
-15961
26813
12454
16153
-27309
-8521
10511
808
11493
-29317
26646
-31856
564
-25854
27440
-22996
-19228
15493
31651
19653
31280
-3546
-21595
-14064
-5101
-1261
2110
28426
13227
-19297
-15602
-14483
-31755
-3386
-20683
3692
-32723
-23734
-21974
6934
-4170
2280
22720
17705
-5274
-6596
-17096
20239
-1829
-6034
-19829
-15258
-7177
26044
-3619
-30107
-6586
-1303
8285
13937
-28678
-26736
4635
29074
-2378
-4724
-24991
-23707
1588
23932
-8644
23816
19425
-22910
-14406
3937
2988
23583
-5446
3779
12956
-10644
2532
8620
25578
3127
21277
10546
24611
14862
-21193
2670
-31123
23663
3670
14402
-29396
-32741
15070
-7034
-24110
-7695
-31858
29
-5420
5816
-18308
-21555
-1237
25328
-18981
32394
8664
1658
-23336
-2895
-29320
-8481
13782
-15926
20167
-12532
-22988
-27277
-483
-4370
-757
30866
-16233
-22450
28432
26977
-1309
2439
-18664
-11367
-6345
18443
12734
4769
-13061
-15646
8762
3635
30829
-26866
-3236
1764
17544
-3842
27966
-26130
20727
-31623
26390
30001
26400
-1770
10844
26310
15457
18061
8080
-11886
-23265
6199
-2007
3751
-23729
-22639
-20759
17202
21331
19065
4950
3500
-27203
12403
-20366
-27470
-7891
9274
24191
27235
17227
-10839
10438
29069
-7996
7466
26364
4059
7084
13127
-3375
-26612
-8358
22
30323
845
32681
-27723
-6583
-27462
-7904
-3894
25255
28848
-18946
4227
-15255
28758
2638
-27979
18128
-817
-14420
16391
-9854
26159
-9421
-18887
-5711
27468
-7941
-18203
22876
-7452
15017
-11264
11742
7666
-20654
-24940
8917
20858
-2317
491
-20475
-27659
-12167
8404
-11850
-24460
-30780
13389
-18261
-20374
-30452
11726
-6582
22255
-14117
-3867
1068
8135
19472
23124
13321
-20530
24979
-4750
-792
-15021
-20168
26979
21841
28235
29893
-32655
14392
9713
-17043
16721
-19618
-10306
-12897
18398
16701
4111
17036
-4865
22410
7973
-20984
22175
-9469
22938
18465
25875
-5921
27662
30922
32312
14647
23781
24266
1861
-18056
-14396
23412
2673
27204
-23751
11617
10704
9559
-32030
-2804
-31470
-11393
-5479
-9296
23923
-7304
5791
17171
27099
-7536
24058
-25005
-27412
-17768
-29677
26795
1494
-11672
-12477
26456
13380
8434
8407
23607
3988
15141
8163
-7894
-4603
-16954
-13303
18323
13129
23454
-1652
-22306
-28379
27406
-19469
7260
-12496
21668
13402
11174
-19389
-26361
70
-17808
-4660
-23353
10642
11943
10984
7651
-15501
-9014
-27335
-10560
3251
-8864
-683
28253
27744
-7067
9933
-3639
10917
-21328
16548
12611
-19145
-31315
17283
9948
19897
-7195
-12804
17659
-4156
443
18978
14434
-30103
-16793
-3690
17031
16176
8148
697
14682
19223
-1524
4397
29773
1506
-23367
22234
-18019
25220
9650
4147
-24585
-19694
-29935
-7181
-11409
-2456
25398
24263
-17582
17309
30442
-24212
14750
22337
-7834
-4990
18882
18777
29392
-6824
14247
-27111
17082
19970
-919
-2594
21758
13913
99
-6100
-11184
15900
-3582
-18376
24554
-23747
-2752
-23096
28655
-6957
-2337
20404
-3100
26798
16352
20346
25326
-13035
-12197
-10385
16098
30999
18250
-31008
19109
23637
-17301
1311
23121
-19214
-18461
8595
16980
20546
11175
-7024
-11773
26707
4743
28170
23329
-32671
-18671
5731
6690
16983
15801
5168
-17802
-1179
-16336
-20321
6599
2016
-15442
-17611
12069
-12818
-10256
5439
12221
11978
-9729
-10730
17070
12789
27818
-1689
-22997
12628
-31072
27198
23640
6998
-32313
5323
-10228
-24554
-4190
-31063
15601
14212
6313
-16146
-14674
11427
28432
30652
-26687
-28700
10302
-6724
-29371
23687
-30019
13367
27238
-13930
-1002
-27102
98
-5916
19197
1235
17716
-27049
2971
-21697
14610
-13891
29350
-7678
-12783
20137
29070
29878
-10615
-11217
18395
25578
2001
-29910
7889
-26694
-18849
20740
2587
-12303
15511
20575
21738
22303
-12803
-20536
-18841
-29188
-1885
-28787
30863
-11923
-11697
31578
-15754
29014
20533
7888
28229
-14617
22983
15305
7655
-23314
-4462
6907
-22240
-19148
-13468
4329
1069
-26030
11528
-27719
10070
-2253
-204
5022
-11567
-12257
-10230
-286
19768
28894
31638
18593
-1696
-8296
-7118
-27404
-1428
32296
-25273
-31076
-7604
-15685
12972
-12777
6642
-28210
30760
-21430
14382
-32055
13909
-17412
-16212
28342
-1544
-1062
-31359
-14364
23558
27389
-12327
17464
-20133
21774
29857
24166
27440
-6788
-19942
-23687
-12407
22126
-8344
-14589
5113
-4915
-13621
11753
-6750
25960
-18066
-19267
5935
-5937
29990
-27677
27456
13953
-21788
-22434
-15097
-19119
-26375
23915
26399
32416
3421
-8663
-23564
-14642
-23576
21067
-8797
-3399
4700
-31329
-32532
-21729
-21465
-25396
-9158
-4184
9566
-30868
-15298
-18440
-14992
-24845
-10081
-381
-6066
-27488
21077
32649
21369
-11275
20837
15373
-1643
11638
-422
20602
11888
-31173
-24736
-30729
-15806
-19762
-10062
15658
-17738
-6316
5939
28876
-4204
-13891
26915
-31602
10715
3558
18363
31001
735
-25185
18696
-28395
6503
22526
21308
-4656
20050
8691
-26696
-19849
1092
31523
11527
-6194
22508
-25366
-19798
12814
-8434
-8336
32608
-18461
5148
16251
-23964
32239
-22705
-31950
-5127
24142
-15857
-29322
-12149
-9362
-1450
17788
24855
32118
32556
17478
31088
-11717
18426
13996
26126
-6931
-27563
4823
-15964
-10197
13472
5102
-28426
-1949
31290
-28497
-23997
17342
-12103
10890
-19319
-9586
-10109
-5542
28910
8162
23628
8279
-12115
12945
-9019
-27766
6840
-625
29144
15014
9134
-2711
25017
-27748
-23141
30096
-18766
-19866
-18349
-15758
6427
-4000
-28987
-8083
-29581
-32191
-14146
23480
-32755
-29884
1437
11753
20308
18817
-7549
-6441
7882
26177
-11311
-10275
32519
30451
14498
-27233
9446
-17596
31071
-29983
-15132
7854
13005
3112
10617
11380
7505
-31629
26819
-9633
-9250
-792
-14292
-11776
-5108
-14741
15892
17589
-31141
-1820
20772
-1848
-21660
-12972
-30927
3861
-12097
-10497
-14119
-5682
-2376
19167
10535
19718
18808
26516
-7843
-19924
-19174
-26993
12580
-26903
-14891
24453
4131
-492
29993
-27837
-21884
13848
2154
19253
-6177
11194
-9579
-21480
-5827
20863
25457
28948
28777
9611
1293
30714
-20036
-16569
15761
-27659
-22053
4004
17850
8269
-3256
4923
29880
-3728
-1302
-15210
28203
-23202
-5642
-21152
10120
15797
3127
19553
4361
5352
2820
29996
27602
17705
21242
-7101
-4945
-32419
-19376
-6881
7134
-3153
18124
8379
-20035
-15189
-20215
-4195
25704
30546
-15328
-429
-14911
-30596
-10734
-3710
-23899
-32179
25582
21071
11249
-16031
16709
-11099
26801
6791
32413
14155
6201
-16955
20031
-15442
-27228
17103
16366
-14296
-5727
-25128
-3886
-27800
-20372
-24196
15844
-6627
24545
-9485
19142
-20547
17951
-20982
24473
-1526
20323
-27129
-32683
-27611
12517
-22701
27035
14797
-15623
-4467
27513
-12159
-10293
-11219
29377
736
-26457
-16062
-32267
5651
-32400
-1841
-32025
-10677
20653
15385
-30496
-28205
-23048
-6117
-6794
-4916
-27155
16837
-27053
12590
21727
-13133
-13271
-2840
-14981
-3964
-29959
-5213
-23468
-10044
-12491
-4638
5424
-23074
12237
-26724
25726
10469
19800
14795
-15065
-21822
-13666
-27324
22195
-20529
-4773
-3184
-5917
-20804
8565
-8357
27046
-2247
32428
-12370
-7822
19384
626
31313
-16351
-22378
31872
-20939
-1665
1020
11080
-3876
20295
3897
-3482
3686
6838
15053
-7588
10229
22794
3299
21316
10883
28997
3402
8320
-4530
19696
14598
-262
-12177
-6042
14704
-3177
-22568
8593
12432
-24095
10445
19043
-17498
-15570
26533
-17415
-14890
7416
23876
9713
27172
11496
-19823
18051
-1428
-1958
-24578
1919
-28470
31860
-3881
3819
-12385
18629
20179
10429
7951
-28754
16974
20277
20663
-22514
-10173
30966
140
-8109
-14504
-21840
10894
24320
-25497
-15710
676
-8343
-15816
27014
-28042
-8704
-1938
21061
-19243
20517
-28193
24052
14390
5743
3924
12266
11464
-8601
23667
28333
14640
-29358
-25221
26462
7140
1950
19704
-3434
97
7319
24553
18351
-29359
-7567
-27569
28627
7673
6318
-23107
17833
-9735
29258
-1092
-9223
29895
30692
15458
28690
-22784
30217
11366
-9703
-10291
4839
27187
-31605
-32007
8663
-12873
-22327
-11647
322
32507
28545
8844
11216
-27326
-19856
-24851
107
4136
32136
4373
-21242
1709
-17246
-25214
18862
-4863
13326
26840
9349
7001
-5456
28321
15007
25289
14224
8787
-111
-6085
26717
24515
21918
-23395
12488
-24236
-6001
22023
-27180
-2792
23672
-27272
11591
-8317
20601
-12656
25184
11679
13609
-20015
-23353
10428
19400
25466
6950
-29397
-14399
2504
-3560
4563
25043
8912
-1318
-13534
-18617
-5750
-1090
23000
-16381
-19424
-4377
-5236
16256
9800
-4628
-9872
-21026
28625
-30234
25537
-3926
-3722
-3842
20389
-29021
-13631
18299
31382
23581
31782
-30427
-1195
1087
23179
-14507
-20904
-14251
12697
19080
22401
24294
32662
27640
20515
-523
8824
18846
-18474
8097
-27970
14039
11652
-26430
30981
-7002
19498
-31838
-2805
19951
-1679
-15163
27931
-3408
1967
-268
-20520
-18403
14479
-6178
24170
5381
-29410
27043
7473
-26727
13014
29617
-2670
20976
-11509
-8758
-29845
-14953
-12872
-21809
14235
-9067
-4380
-31792
16361
-8094
13428
-9764
12553
28645
24083
5471
3949
15917
16503
8059
-1137
15603
9937
8139
3941
-2137
8956
-18310
-27651
-24925
-9086
31375
32177
14594
-13283
22787
14434
12541
-28453
-21150
26198
1655
11712
19758
-32001
32152
19683
-26415
-993
-27704
-22919
12942
467
10749
-23141
-3211
1458
1015
-31940
-19617
-14727
32720
-19698
-14382
-32568
15833
-21607
5696
1622
2048
-9371
25885
27920
-13898
-22451
-9718
-14880
-15356
31641
-23203
-26910
-17364
29089
17682
22585
11071
-15324
27289
-5242
1168
-2587
-12939
-28740
30293
557
-7314
-15642
-19701
-15039
-17012
-4455
24089
29451
-6630
-14516
-4295
15288
-3179
-11763
317
-17394
-23040
-4846
-17888
6504
1493
28864
-11772
13489
17319
8808
-4158
27407
-10153
7799
-10989
-29505
-7722
-11384
-22678
-8947
24219
-14681
2546
10537
9307
9711
-2032
-3083
13601
30684
15845
8342
27318
-21689
-5660
21896
6960
-10759
28096
26209
8838
-13333
-29998
-16808
-28803
-20991
-15355
11206
10021
3885
30846
-3288
-1625
341
-27734
-32057
-1302
-29603
-12588
-10407
-29271
8354
23330
4624
-25544
-17122
15572
18941
12655
30806
10946
9059
30850
43
16499
-4670
-5380
-31666
25331
-17288
23610
1196
26323
-17975
11963
13556
12719
15387
-32386
-25004
26427
11138
4116
26757
-29100
234
-420
-6268
13107
-433
17206
-6446
23664
-10929
-32524
-14623
-29392
-4924
-30321
-29385
7653
-21338
-13028
29405
-30803
2526
1902
3089
16544
-26021
8044
19197
-18546
30275
-32313
30085
19375
-23582
2062
8861
18023
18060
-20089
-23438
31779
-15617
767
15840
31285
-28791
4346
-20447
32174
-26155
-20637
-12856
19653
6908
-11653
28235
-2388
-16127
-9530
497
8502
-29219
-16775
27660
-23491
-15683
-21625
-9769
30293
19551
-8243
-1232
-10726
-31931
-18789
-6540
-30291
-27835
14301
-27856
11771
-17236
-11831
8317
14906
9614
11272
-25352
12811
13362
-21117
-6825
-8400
-9235
-30429
-790
-12340
20801
2293
4984
22654
-13239
-1479
-12867
23758
-10619
-29829
-9662
-10306
25733
-6461
-23839
26693
-7343
31199
-29374
-16377
31975
29063
-9329
-20469
11768
-10454
16545
12236
32336
7254
-3416
11941
11237
2956
6242
-29346
-15229
-31986
8054
25366
25753
31983
-9369
4603
21663
28461
-1844
-28535
14058
14671
26452
-6291
8236
2509
29838
-27500
-4450
11982
5188
-23609
19963
30224
-28258
-5003
-28026
31939
29073
-11420
13740
30758
21464
1172
10740
-22832
-24591
-4419
27284
28979
-5087
2329
11325
-13059
-30449
22795
30705
27476
-21053
6652
-7999
-12364
25788
-11504
-3019
-586
-10927
-29091
-13460
11954
-13134
5785
-19314
3310
13987
787
19559
-26775
-29913
-11362
-3645
11938
31897
5421
-26016
-6866
-14948
23736
223
-11519
-11154
-6895
-2059
11751
7509
959
-25929
13054
-16843
11232
-3888
-31987
16418
-3783
-20931
280
-29797
23812
15792
-28826
22157
20675
-29983
-28765
30993
18212
-15760
29024
9143
7370
5959
31034
14073
13083
-31813
-13734
18229
14355
-8681
-3042
5226
-17098
-2407
-23323
-17759
8927
7458
26484
-3188
19867
-22142
-30809
28457
29485
-10476
5645
24134
-16582
7588
-29542
17472
8504
21133
16590
157
3046
-30090
-1275
28311
29086
-28192
-9805
-10913
29362
-21740
25221
21494
-21730
13788
-5427
31236
26067
10485
1662
12226
-12849
10551
26048
-25667
8534
-26233
28437
-6714
7472
-902
20221
29710
-12437
-7999
16432
-32659
-5540
23524
20422
14662
-27863
-30580
19769
2515
-12937
-9744
24760
-30606
24449
1936
-32741
18861
31823
27531
22802
18098
-19804
9735
-24306
-14033
-277
-19142
14992
-4718
8985
-27789
31712
-22054
-22759
97
-24103
-12529
-10036
29205
14465
-23078
-3024
4176
-29652
10760
29336
-21711
-14676
-437
16974
-28701
5616
26084
5658
-1896
3403
-10638
16288
-30989
5420
5671
-29291
26846
25375
-17103
13019
5214
9196
-3377
29020
2636
-25685
28248
-6962
-15472
23441
12926
-32067
32463
-26487
-6651
11585
29329
22825
6027
16497
20720
11297
20197
-20907
-14290
22386
11048
9753
-4141
24606
26595
30578
5765
-6895
-20904
15972
-15702
25108
22830
-11552
-10050
7478
-20080
32731
-13544
-6237
5601
19917
-13601
-18316
23044
-7973
3395
-31790
16875
-7348
12058
9426
-3259
-11727
-24895
-11759
-25230
-9731
-19430
-10508
-9118
28581
-21846
7219
24329
31954
-5847
13959
14052
-18370
-10853
-15205
-10009
6560
-32756
29649
-31714
8871
-9138
28666
16298
15580
23183
28414
8462
10477
31343
-26971
21231
-8311
22206
-26451
8392
20606
-16817
25831
-20402
-7827
17277
12412
-26905
20984
-31767
6312
20605
14356
29786
30293
27027
-3035
31568
24515
2467
17906
-29201
-32052
10219
21615
9486
-20883
7832
28719
-30804
8311
-19540
-13107
8687
17218
-10802
-4169
9060
-3774
17572
7677
13921
8848
28437
-29103
9599
27936
13034
26759
-15018
-31709
-24393
-20261
-13140
-11594
16976
21441
229
21311
9917
-23725
3189
5514
23336
-3280
-13462
9024
233
12210
-7937
26407
10210
-10781
-1019
-1884
-15696
11004
32682
29878
-11997
-12559
28447
29186
5999
-13277
-8509
-4707
27328
24393
-23619
23375
11808
5017
9949
6754
11007
-27021
-20601
-5256
19345
-15152
17675
20386
-19393
-29781
-20725
-17502
-25744
-29094
-11566
15990
25670
19176
20601
-25454
-2328
17757
-1482
25492
2256
20613
-26701
-17982
-670
-9434
-12078
10600
-15453
25327
26432
-8357
32391
-17095
-17852
7375
8048
17647
31884
28084
13817
-12149
-25940
-949
-22187
-26270
-12263
32111
-8211
-15830
23794
-23684
-11479
-21256
3806
-14283
25632
6950
-11404
-1164
-10211
-13488
-16595
-19667
12036
26079
-10806
16903
28639
-29286
26942
14538
915
-27212
24378
-14235
-8760
439
18946
-17396
1527
-18965
6712
-1183
-19108
14540
-10398
24193
-2489
-30797
26035
24422
31626
-14252
8959
-20060
-9633
-12548
6422
-27247
25896
-14347
16058
-21262
3176
-23104
30613
-24311
-19791
15441
-31580
-15917
21567
9646
-14431
-28852
9579
-12681
7551
32358
10683
-28849
23435
31712
-8197
-28435
6688
16589
-28684
22110
13268
-10992
-8677
-3637
12027
30459
14672
-8288
-31675
-24365
1489
-28486
-4896
-16781
31542
24045
-22310
-2514
-9293
-6653
-30123
-15895
29912
-8663
-28670
3306
-994
3454
-21656
24447
2536
12428
12166
19156
19846
-12538
-24501
25239
-31382
10798
-26854
-32135
-27207
-17017
1110
-15359
-1170
-30494
-28139
6437
12434
-17575
17324
-16946
18646
-17358
-2306
21017
21395
-20646
24875
1813
21650
-12034
5473
23342
427
1775
-25767
19157
15356
-10873
-17199
26884
31706
-26849
-7038
-22367
15630
-20280
16357
-19917
16004
-21481
-7991
4786
-25476
-8402
-14954
-24913
30106
-4808
31853
29362
-31819
13763
16020
3558
-30699
27717
23502
-18604
30262
-15099
9272
31548
3758
-27915
15584
7446
26965
18225
13101
-12980
-27565
-9387
-26277
30930
14033
18725
-3860
-14097
7589
19508
15505
2427
1909
-17209
26011
4321
-19162
12884
-10455
-7549
32554
-1715
-9152
32165
21212
31510
5642
29288
-31217
-5244
-6224
8609
-30150
32475
29572
21847
-5180
-22523
-12569
-32452
9636
-30182
-6140
10882
18214
-13736
459
30939
9544
-21642
-17771
27570
-22573
-438
-15243
7540
-2966
19566
-29082
-22421
-8571
-7215
14963
32008
23784
-17334
-27620
27638
2965
8273
-12577
1439
-79
-16872
14571
-28225
-7102
-5454
-12874
12782
7505
-26343
9351
-25922
30304
-18338
-31980
15431
-21800
-22593
-14973
-2056
-4646
-23259
10608
-7156
-16287
-22253
-6294
151
-12800
-17449
19798
27033
20304
16993
-1589
-29391
21595
29170
-25125
-32512
-16232
-26774
-14999
4034
20705
30812
11044
-5043
-18860
-25203
25618
-30299
14756
-27664
8678
529
-17586
-25082
27879
-24381
-10083
15310
-19196
-19576
-17476
30485
-2594
-22828
16401
26181
-3407
-29941
16438
-2475
28920
15439
-18653
19821
-3490
167
21835
-29618
-21714
-27561
-9362
14274
-4937
10205
-6361
-9955
-14891
20860
3844
-8510
13894
26277
32677
9620
-1949
-4441
-2155
26937
24894
-29933
32216
-13058
-31420
-26291
-21451
-4025
-9676
17629
16606
-25807
-16329
-19525
9231
13788
23024
-26646
827
-20381
-13979
3832
16034
-1128
-28721
-30973
12063
5062
15805
6683
-11734
-6684
22822
25229
-29111
-11336
23687
16795
21015
11374
31334
24962
-28595
9619
-16020
32452
15402
8350
-17157
4223
10897
25820
-4934
-32070
11569
-7657
9759
29412
11173
25296
30757
-7548
7965
-5034
29387
29000
-31978
5091
4017
31514
3674
-30632
-17578
-10495
-4646
-20117
10905
24564
-24298
30142
29916
10077
13016
23344
-17452
22879
-1905
-4620
29297
9641
-6325
-30085
15355
-20032
-24370
24435
6266
-27492
13921
6012
1316
12385
17614
-19144
17639
-6361
17318
-21653
-26730
-7060
13765
-23921
13295
32488
-12803
-10225
-17948
-25415
12381
-32207
-26290
-15390
-27330
-10622
-9237
-32392
-766
-13866
-25880
-21009
-2798
17111
20896
20706
24173
4589
-10367
441
-9244
-25919
-9091
-20923
18452
31246
-10626
18776
156
6932
27489
-31395
17762
1635
-13096
-18175
32324
-13135
21368
-1457
23064
26657
-22026
22395
-17585
29831
11914
-17446
-13907
12342
32316
4149
6868
20787
-23074
-28637
22976
22798
1710
-22061
9146
-10110
-30761
16909
-28751
7706
28111
-32261
-26625
26383
-7455
20807
5474
-18012
-18583
-17002
16706
25050
13146
9822
8667
29729
-1130
-18983
-16095
-6008
30362
-6592
1353
-950
-29833
17821
11373
-5584
27018
-30560
-20395
-13430
-1773
1964
-8134
-26136
1804
-5525
-23333
-20013
8878
-29036
-8545
24013
-30229
-14955
-6334
-28979
-4518
-32265
12295
13255
28444
24999
28574
-10784
3470
-8059
-16130
7410
19175
-4195
-22752
-2415
13773
16475
-13478
8395
27938
7998
-32475
18813
2429
-4273
302
-9610
-24272
-18019
8188
-24571
13830
22035
-16012
2704
5725
-31782
31953
-2091
-21335
-5386
4910
17291
10826
-9161
20338
-18545
23569
10395
348
29917
12468
-27035
-21704
-29455
26976
25047
-2521
-23916
21748
8427
5170
14378
-11824
15610
4819
14920
-3976
-24307
-1443
30092
-28634
-16159
-27530
30867
4561
-29702
-16216
-27579
15998
24825
15345
8602
28206
-3725
4708
1585
30390
14144
29646
-26885
-28847
32604
15808
-1399
-32403
-11381
-28892
11914
1643
1751
15499
-20022
24896
-1005
17092
-17645
15765
-28181
-23333
21580
-7376
25976
7416
14064
-4224
29468
-23300
-19712
16826
-4802
18740
18926
-9308
-8552
-1633
-7087
32302
9821
-20156
-30120
-14384
21922
26324
19342
-24774
23034
25623
22512
21532
-32358
-3217
-19990
-12867
-4977
4276
-17479
-8201
-19078
21623
17771
-19475
28356
23778
32245
31803
-26091
4680
24779
11662
-6814
-490
-7756
-798
14041
27268
17790
2125
-15338
15177
-29895
-30612
11692
8911
-1370
30147
14424
-4098
13365
17567
24465
-14275
15544
-29674
-24837
31790
-24360
-1693
-17381
30387
15293
-10041
-24833
-18207
18874
17466
-850
-25951
-32043
21822
-18028
10143
6732
23721
-16652
-24804
26224
-28183
20465
22133
7190
-12923
1165
-12916
-2169
22908
-22312
-18285
25315
-2958
22824
-26090
-28331
-22712
8289
9397
-1516
16617
-2673
-3401
-10800
-27505
6076
-11744
15011
7902
-14475
-30379
-1747
-25163
23000
5116
-1778
-28305
-22309
19424
-10833
-6877
-32308
25380
-25160
-1346
-21256
23808
3440
28454
733
7059
-11037
-19923
24106
-25349
-13392
5437
24576
-1551
-26490
18261
-29343
729
-24180
-30872
7930
11494
-24707
-1116
30393
-25112
-11017
23153
-26240
12516
18066
28472
29378
22992
-24720
-3141
28006
14790
-16220
-8542
-7496
6243
9187
-7820
-4709
7473
-25448
5446
-10941
-28894
10283
4717
16011
16991
-24542
-13394
23958
-29844
11349
4121
9813
-452
-4787
-19025
12192
12531
-11681
-28466
-24417
-29948
-5866
17575
-9350
9721
-20181
1642
-9407
-28217
-23756
7346
11763
-7624
-11672
-18449
-30601
8660
-18696
12161
25811
16408
-7146
-6099
18444
31290
-2463
21120
-18082
5636
-15603
32422
-18619
18745
-12667
6419
-15601
-13213
2930
-17233
26424
24020
29778
9846
11884
22007
32693
-29744
-2795
32688
20487
-21504
-7619
-16384
28531
32519
-24314
27786
5425
-27003
-14341
-18620
-1076
-7013
26281
-21226
-11323
16621
-7430
3493
-13527
-16685
6712
22542
-24773
-23536
6535
27307
-7980
-5201
-6798
-27690
21775
7818
-17383
-18721
-11521
-1780
-26101
-18614
32753
-1310
-24119
26799
23671
23403
355
31716
14224
7621
-9865
10529
-27606
5433
25962
-22439
8015
25225
-20055
-3672
13714
19397
696
26633
10291
27667
-17399
-20268
-13004
22116
-30659
31197
-12087
32332
423
-12865
25115
-8624
21308
31191
24024
20031
12374
-7353
11005
13375
-28514
-11035
1549
-7127
19326
31804
-2760
8630
-28829
-12467
-24260
-8008
-30712
5160
-6527
18027
228
-22201
1944
-4860
18426
-15872
16676
12911
-26890
81
342
-26419
-18669
12388
-7479
16298
17281
18626
23612
12726
-18126
-13511
-21769
-29556
-22504
30385
16741
24252
29291
-6498
-23710
-19997
10479
-14502
-28907
18873
-14583
-14999
-20494
-32445
-14113
-21175
9177
-27222
-29767
4784
11626
26994
24326
-28918
5560
-17179
11245
-26765
29314
-31408
9480
-31031
-3281
27980
-8108
-4514
-27918
-17785
-450
2221
-13168
-5678
-21009
15951
23384
15578
32701
-4371
-30440
20662
-16158
-4132
5561
31717
-16266
-2847
22853
-4293
-13996
-20948
12345
-20653
18605
13144
-30134
-11949
2046
18842
-21827
-13094
-7870
20252
890
-3760
7356
-31095
-11446
-15077
29983
-14914
10264
8313
3378
7134
-29864
9217
2181
-7202
20779
-16703
-1073
20930
26005
-31195
-22646
476
10533
24229
24900
-22408
-20956
13820
15126
10033
-31406
21176
-19379
23872
-1657
-21507
12081
-8656
18230
-13682
-3862
31271
-28250
20469
-20118
-21450
31851
22708
-20941
20192
-19856
419
-26807
-26188
-19544
-11841
-17551
-18279
15254
21814
-4088
-19498
23953
-15882
-15383
-10510
31789
20040
-32165
1623
25128
-6370
16363
10536
11414
2036
23559
-14095
-26849
-21320
-8225
-10563
-23757
32278
-4367
-14405
-18607
11638
-7989
-9616
-7867
-18948
5502
25063
-4082
23972
-15797
-14214
-24408
-23839
768
-20585
19631
21308
-8282
-23039
18793
-2459
21730
10195
18954
-8943
1934
5862
-17256
-32709
-12286
-12775
17906
-16661
-10198
12613
-17040
8326
-16084
4885
-11298
19303
-29994
-14840
19758
4449
-21129
25110
30769
9186
23166
13525
16874
7522
-5342
31709
25904
17064
-24555
-20261
4688
-26854
-22751
-31532
-20137
18311
-11016
-18071
8819
32402
-30160
-20271
-6236
29668
-3574
31270
28869
13554
16980
8818
11316
-19748
14282
-25981
-11636
1785
16819
-9340
-16218
-911
31568
-15410
-14271
-13955
-762
-28046
-30109
-28369
-22448
-11946
-25058
25441
13774
-24240
2325
28230
21157
-636
27738
826
31905
15676
290
-18282
-21288
29924
29183
18946
7059
-21371
26427
24107
1806
30022
-31404
-26928
-18119
-3781
-15200
3707
-19737
-26029
10490
14079
27727
8547
19881
-27731
-6146
13844
10401
-31544
25812
21455
11017
10946
19435
15870
19394
-8429
2302
-17694
7572
11832
-23963
-68
2395
30925
-9835
-31277
-29272
29855
16133
-16428
-20879
-6728
-4075
-16788
27157
13803
-21378
24174
-5469
2354
-1275
-27082
32278
-15616
5580
26117
8780
2369
11584
-17579
-14416
-14267
23682
23911
-13267
-13887
8174
-1183
-19910
26424
2002
-3385
18439
-25535
21755
-27812
-14463
-19510
-22664
28344
21139
17029
-32431
-16229
31705
-17168
-1972
-6108
-9340
17178
-31805
23105
-25913
-3935
17990
-19179
8350
-23112
32575
28656
19731
-19658
-29002
-3614
26282
3695
19120
-17400
31600
-17505
-19435
15685
-20936
-8582
-26712
24205
19189
-253
2415
-27517
7824
-5315
-14514
20855
22309
23097
-15248
-3524
-788
9702
-12878
14523
-25155
15343
27829
8887
-15518
-6958
-5199
1692
27582
-13729
21497
28917
20798
-4833
22785
-7488
3292
4767
-23652
-27121
15384
25056
15479
17060
-24727
6027
9113
-441
24131
23294
-2409
-28404
-12650
3765
9847
13304
-2683
-20433
18208
9508
-13978
30542
29349
-15623
-28884
-15964
-4101
-17032
-31353
7003
6717
23137
-11159
-5952
24953
-9900
-26160
-7391
-17490
-19387
-21502
7758
-588
6724
24313
-26190
-16269
12302
8809
7571
29924
13010
381
-2587
1950
3783
4339
3372
2572
-7587
-6345
18425
-32028
-8779
10842
14652
-11566
-19838
3408
-23273
4305
-2101
22767
31045
10800
17324
-8985
-29583
-28988
-17404
-9767
-31616
13281
-23725
15153
3498
22662
-10222
-11963
25185
-19682
-21409
-3236
21024
-949
-9622
-4717
15287
-20589
1124
8665
24457
14908
10778
-23611
8674
31483
-3094
-8241
23773
-22140
-4982
5765
11966
-5214
-30771
-23855
-31588
-25705
-28096
16225
12272
-8675
-1357
7332
4405
-4491
-30519
-16998
26796
-5564
19576
-23990
-7878
-28333
-24777
-23413
-26611
23445
-31402
10866
941
18310
-1837
-27647
32481
-10293
20719
-3503
-11372
9556
6020
21962
-26388
-1747
22724
-6447
25700
-2224
4118
25713
9056
31032
-31124
-1390
21247
-15307
14174
6473
1503
12346
-19938
-16609
2791
16247
20270
30696
-5193
4445
-30319
-23574
-2274
-10563
29857
13487
-5716
4326
16751
22948
15379
-4452
8458
18786
9085
7764
-7840
14924
26634
13920
-28696
-21397
-27457
14413
27859
-22978
24856
-15127
20490
-19586
6402
-17984
-13033
980
-8142
32720
17596
