23350
5793
29330
23672
20548
-2825
426
21361
29497
-1054
5590
6225
-5626
-27236
25788
-5361
-6165
29202
30726
11006
-6056
-6758
12280
16980
28211
17079
-20974
21070
14824
15735
22916
32594
-24272
29108
-17033
28506
-1292
-25349
-25714
10673
-23245
7611
29154
11309
-10241
-19515
-6853
-17242
9297
6416
7775
6141
-26773
-8943
13508
6967
-25035
12380
21520
-212
24548
5596
-18296
30633
-18482
31698
9177
-23147
19206
5129
17762
-24222
28463
1825
-13359
26572
14155
-10030
12149
-20731
-3143
-26292
-13863
-18468
19119
7974
-4935
29870
-31099
25687
11257
-27696
13292
28079
-27974
512
16652
13064
30309
-21
-27966
-24379
12384
-11893
-3534
14660
-4493
-19049
-6049
32248
18310
29777
13462
16388
-16951
-6923
-22017
-2798
14778
-16264
-15292
11490
1560
-12541
-17128
-18779
-22198
2437
21598
10939
16998
-20970
17046
-15327
-18621
11108
19903
32431
30348
-5833
14208
3044
-13303
5453
-28676
-28134
-21126
24202
2881
23098
-29615
24033
25263
912
26524
32206
23808
4526
17961
29913
-7169
654
-15537
19666
-26512
-9356
1439
26501
-17982
18116
-17291
450
-16625
-17623
-4448
28235
-9085
-21627
16136
-17156
-26686
29224
-1709
-26313
16104
31160
17891
-14440
29719
27777
-1598
-24976
-19965
16347
-7648
-31074
23498
-22292
-6249
17793
-23274
22813
-18379
1404
-29607
-5292
30680
-14450
-16503
17745
-24793
26495
-462
-4061
-12718
-25810
3304
-12046
-32332
10550
-16116
-14872
3716
32516
-26175
29295
12349
3646
-19932
-15469
1980
8718
-16792
1354
20135
612
-8692
-18659
-9126
9089
-2531
-29154
-11553
-28035
9924
26626
1404
7095
22032
21390
15082
-28614
-23266
22519
1158
19665
-25042
224
-17280
10393
31124
31267
17064
30841
18556
13965
22182
15950
14920
8168
8264
24379
67
14736
-27957
-24179
30778
-23287
1537
-5302
6020
6203
-8384
16732
-30847
25899
30638
5141
-31141
-9978
2805
-15105
-18288
21786
30431
22450
5581
29551
16270
-6363
-30998
13326
13413
21198
-9215
-5523
-29134
-1280
11641
-24063
26618
-13581
-1747
-14173
-13114
4469
-13018
-21673
634
19204
14463
-4529
23451
-27963
-8749
13529
-4871
16907
17469
-4859
-15286
22788
4475
-18156
22004
-26334
-4069
5659
2825
-15602
15364
19916
30906
-5951
25113
15367
793
-31201
-29703
-20996
-24261
-670
3494
-7195
10518
3486
16783
24089
19147
11360
-15408
30210
-8560
-30653
-25427
-12739
27354
-3061
1769
30739
6986
3461
-14622
-25033
-27968
-1014
-29809
24945
-28921
-20819
23575
3137
24834
-31288
20854
5830
-25870
-21634
-5539
-25568
-19926
-6020
13462
15397
-29860
-16716
-31762
-26981
-9335
-30280
-13332
-15382
-24018
3224
-22766
7791
745
313
29839
-3186
-32429
19924
8670
9540
-28742
-13138
26178
11800
-14028
22493
1641
-10649
2784
7698
-13979
12210
21864
-4657
3862
7281
29045
1713
-25268
-9590
-4719
-17125
-923
-9406
-12831
-21627
-8114
10259
7275
-27308
2732
2752
4725
-12731
18371
-2114
27634
9673
-22421
20361
-2201
16495
-10368
8760
-20492
-4029
-29952
8502
10566
12366
-7363
-9903
-5733
-8895
-16664
15811
25394
25027
-17453
-1489
25561
13673
4763
-15011
-32001
15305
-17702
551
21117
28344
-31715
-897
21558
19283
-11158
19993
6750
-26451
-4474
23790
-8362
-28037
-15218
-8773
-9969
-19655
-11493
19785
1002
-5547
3352
-6844
-18246
9728
-11244
21655
-1667
-8162
30475
-20107
-28900
-5446
17607
10910
-23140
-23479
-13421
-25610
19706
-25190
-17121
-18403
-19109
-27111
-14701
12363
21149
10736
-2172
-3632
-22847
-18670
8962
29264
-11147
-19214
27977
-31985
-19601
-17329
1348
5024
-5231
380
13900
18601
-15586
-5032
20111
-15082
-7687
-11797
24167
12200
31550
-22252
23042
-27040
2703
5832
14608
-7300
-9690
25936
22088
29701
25160
10453
118
-12952
-22966
-18464
-12502
-16073
23233
-20150
7299
24904
20106
-20757
-2340
22756
-26901
-22944
1126
-23909
-28681
-10055
28513
-27848
-30944
-18964
17308
20573
-3391
16183
9306
-1374
15472
13584
-4202
540
-5468
2981
-5489
-28440
-25176
4346
-5860
-10363
-9375
15645
-9423
9349
21009
19834
-7423
21790
24184
-15444
-8025
-2852
25216
10191
30711
20437
-23419
22941
-9951
-26177
4968
23323
7729
-14610
11437
3274
28622
6386
-2772
-22615
10531
11355
19500
12854
25802
1146
5319
-24302
-13240
10262
-4356
24509
-28290
25777
1817
-9275
6095
4585
-4284
-20347
-4205
9602
-18569
-28074
-4308
16452
13845
-10266
-6174
-15201
-4366
14583
28030
835
611
-1080
3245
25276
-29740
5385
17565
-23765
-12662
23764
23769
-29380
25935
-7392
-21589
-11839
988
-11780
13007
-15980
-17569
-17239
-8602
-4524
-21708
32330
15689
-27996
9088
-27176
-21330
24888
4495
-8514
-28083
-15381
17462
19586
-2041
9277
-28169
-2515
-18165
20757
-31964
-21231
-7828
-8450
-3655
-8643
-14909
21049
11962
11925
16982
24390
-22719
24761
-9592
2934
-30903
8600
-9209
-20801
30784
-27355
3744
12782
-23354
-5235
20524
30287
6087
-21910
7360
-18535
4383
-26425
14014
-30210
-9666
27728
20109
-20441
-30763
-20547
-19138
-2177
12578
24561
-31643
1501
3457
10584
-2360
-3039
-27144
6582
10932
28589
-31599
-32130
29076
-32133
-8016
-17899
4728
9532
-21179
-26817
-9289
-15438
26831
-653
-31694
23087
10358
5910
-1813
-4505
-19128
24614
-4144
-3763
13615
9789
-32382
-27697
-8334
25468
336
-24341
9979
-3601
-6797
10300
-15129
11354
24173
-9033
12394
-1177
-4495
-5066
-16992
-32212
-22687
1661
-20940
-8339
-22009
4640
21651
-9381
4489
19953
14623
18715
4697
-27208
17531
-23854
-6984
-9622
22878
20245
-5315
16687
7527
-15495
-9407
14891
-2229
16629
-24986
-13821
32003
11510
-22744
3232
-32586
10377
-17207
-203
-3094
21422
-3595
-13122
-2131
13052
-19816
715
9915
24406
31256
721
2018
32175
-2628
16266
6680
-27592
-22591
22173
-27138
-12186
-13624
-13515
-7810
15653
14654
-21733
-26293
-25249
-27547
-21914
-24112
-6558
3220
-32724
26452
27013
9014
-22714
21343
-19012
-10601
-3204
-32154
30185
-24394
-6881
23109
20561
-17750
-18609
8562
23589
-27272
-12530
15889
26041
-21097
-6360
-7767
8905
-12264
22810
23829
30393
5158
15703
-15391
26773
-29819
-9041
18969
-16585
16157
-26084
16938
14608
14948
-706
14442
-29611
30508
4296
-11496
-25064
-31266
-22062
-18362
-3690
5056
8491
11247
-16394
-2465
-29373
28393
29081
-29025
15536
-21502
24323
-16917
25410
14262
-25593
11041
30632
5422
-32226
25370
20010
10022
31691
-10013
15127
11873
8351
-16791
-20736
13599
-8800
16749
-22877
9249
28943
2394
-4667
-1269
12181
-32272
-2574
-27656
9473
-4210
-2926
4846
4451
-29375
8659
2044
-28007
22352
678
5708
6397
-11659
-3287
-12305
-24531
-24063
17392
22390
-21777
30553
7247
-12194
-16276
11680
4256
26321
16316
25894
14155
-29260
-18718
22459
-25944
-4834
14596
22339
-17485
25422
7665
-4404
-11722
23267
-19577
-4725
19341
-13234
-18437
-27443
28967
14141
-23893
-15976
23715
-19094
10217
-7749
21274
7407
-18313
18598
-2965
21470
3208
73
24772
8261
-18500
-11018
2962
24493
-12024
14844
770
-32110
-5579
-12755
-26071
30422
-3449
26055
-9081
30327
26188
-701
27958
-31283
3174
-26936
-2926
12599
-25781
-21770
8928
19856
-14520
29423
-8375
-29687
-18325
18832
29837
-3076
17338
-32457
-6223
-32029
-4288
-1769
-7697
-21067
25415
30218
-19309
16120
-32727
-4058
6499
-1745
-10093
9615
9333
8070
-15290
204
26750
-17901
-345
-25720
-19025
-15397
11848
-4374
17297
-15745
16003
-192
-15250
-20203
-28114
-7492
-26298
-30143
5294
-21529
4265
-8872
-25067
-25254
-7144
-18678
4940
-31514
13377
4978
-9320
-4292
-23857
23997
-14094
-15687
14070
-16751
18624
-4911
-12831
-30681
-12916
25457
24170
-11438
23742
1016
9849
-11098
2039
-4535
-9064
31126
18007
12323
32625
32480
16995
-20914
-8442
1365
-4268
31422
-18539
6115
-24304
-6764
30281
12210
8471
-30421
5446
-22428
-8339
-14677
-1094
-21007
10049
17987
-25892
-29928
-26615
21309
21156
-23842
-22705
-7454
-20610
4874
-13506
-6242
-18357
24724
21600
2919
-25532
4679
-21252
8559
16306
-8245
-28860
-24
9992
-16920
22535
-7594
-28444
23835
2304
-12942
-30805
28986
-17577
30767
3408
-10229
-18509
-10474
-28631
-4266
-7017
12897
-31119
2641
-10423
23287
12216
-6354
14601
-10891
24396
-32063
-18321
5617
27988
-1976
-11543
-21430
15882
29527
-16899
-980
22893
21342
-18272
22290
-22908
2379
21017
-11000
27257
-17773
12594
23047
-27970
3555
-21407
3540
12190
-19920
-6461
12442
31763
16822
-21522
-15985
28017
-24232
15257
19262
3128
-7358
25908
4387
-15717
-4774
8387
-22625
-21688
-28593
23471
8369
27200
-10185
-3283
-12094
1231
11355
-7400
-1148
-13736
-15108
-1206
-6375
-1370
25429
-22342
-29578
-27973
29731
-8838
18735
-11395
6755
27284
-28161
22390
-27968
-9429
19276
-13254
-19484
-25527
25872
27095
-32336
21724
24289
-11134
14437
-10255
-31961
-26832
4492
8129
-19326
15283
11920
24877
20120
-8726
20026
11696
-4974
-21522
-5755
28981
24557
-18882
21287
31851
4198
18663
-19126
30305
1032
-7752
13173
-20146
-11687
-1965
4556
13448
-27919
18604
2956
4911
-14127
-4815
-28649
30715
20302
23314
-138
19909
-1961
26318
31597
-1725
-26457
-31473
17236
30161
924
-6459
-22774
-29573
-21524
13168
30425
9011
-3889
10965
21223
-20679
2834
-22626
-831
18863
-28509
-12292
27061
6198
25227
25944
15214
-10341
-27229
-6157
-24341
-5168
1468
-18953
26043
-15468
9559
-945
-29378
-31474
4955
-13511
26607
-16102
-17756
15905
7797
-24142
-30015
-22698
-19694
28795
-16317
31253
1476
3216
29996
-18249
27283
-25059
-28177
-17875
-30318
8674
13265
16411
14044
-27170
18542
11754
-14401
-11868
8174
6752
-10315
21332
22634
30832
18677
12381
28609
17255
-18164
-13865
15630
-31803
-18987
24527
-2657
20672
-8070
22584
-30619
13187
-25428
-29076
-15842
-23998
31763
23402
-12633
-9115
16072
-14413
-6455
-20531
-1316
-8164
-1844
17285
32678
19983
4672
-9995
-27857
11726
-20621
-2152
6564
-23411
-13190
8929
32086
20704
-29610
12205
24211
30965
-15274
20164
14022
25912
8979
6767
-16403
-8040
-933
-19518
-19213
-24191
12798
29252
9573
-11726
24894
29020
-31416
-27441
23999
-9210
-9224
31956
-31990
-25609
836
31714
25679
31081
15770
14960
-15419
-16033
-24941
-27021
10831
-32664
-16685
27150
20170
-10106
2489
28761
25484
-19717
-30560
-26838
10814
9943
-16184
15742
265
-31803
28892
-393
11738
22107
-16282
-12114
-20029
3769
22919
-22674
10183
-30794
19477
-26462
-26130
21953
9301
-20229
-4245
27516
-13561
28656
-26140
-11663
-4612
-14569
-7227
-26132
-9614
-11348
11953
-437
-13703
25556
-5458
-3547
-19160
9009
3759
-32084
10813
24722
-29927
-20532
-2502
18026
-8485
16796
31670
-28628
-5
-7228
-23522
-17008
15196
-12158
-23746
2073
-6644
24306
-20481
31195
-23626
13521
26451
30243
18487
19031
-6394
399
-5934
21110
7438
168
13774
6296
-8478
-25043
-22054
18885
20358
-8761
28387
-898
7552
13049
5310
8590
-9240
21265
10097
-8676
-30640
-24257
12422
21416
-16250
20469
20763
-27110
-19262
29529
29311
-8563
-25727
-17187
24143
19435
-16956
-8301
3598
-29567
-131
22653
-21345
-8459
-26501
12079
-6245
25579
30076
2918
-31360
-18922
-16663
-29585
22950
8904
29300
-23513
19639
-10470
6083
-13511
22355
-13922
16260
3296
-31686
-16913
28151
-3996
-28406
22903
27674
3972
4598
28511
-20381
4611
27028
-14745
-27515
-14762
-23054
-10051
31931
25067
10207
-18476
-5211
-21656
-17878
-23933
-21878
18131
3318
21546
-2541
-330
16577
-3352
-27252
26679
-30874
-31485
-16202
-25257
21728
-6227
23407
-4483
14948
-13843
2917
23963
1965
-172
27977
-28620
27589
26511
14220
21788
9483
23013
-15508
-518
31402
12040
-4695
-13650
-21056
28337
-10127
-2773
10881
-28755
-10404
-30838
-19449
6340
24642
17325
31540
-13886
9810
2959
1643
11665
23749
-28430
-194
10554
21877
-27454
634
25029
14484
25599
-25137
19998
3722
-16977
10722
16334
19253
-605
32320
16110
32064
24601
-22463
-7616
2530
32290
-5237
-14151
13594
6313
-10856
30775
-22527
8733
2693
-8166
1519
27551
-1721
-13604
-14517
-32080
-6245
16456
8738
865
25711
-30765
32461
-25741
10500
2736
-19142
28474
12331
-13737
-11324
-31393
31726
6835
16677
-24677
15943
31234
29201
-56
8463
-28715
-14678
-9624
1028
-19325
14265
14558
-21839
18741
-15188
9006
-26942
4975
-163
-14163
18757
18508
-536
-7677
-19342
3311
27355
28673
-31560
27388
27039
-14201
-30566
28987
24386
-2791
28262
7566
-12256
-11156
7295
-14152
-13138
-29350
-23615
-2070
23990
-21535
10413
-30679
-6444
17627
22959
-11030
12046
894
320
-26752
-2215
10281
-8786
-9779
-32288
8134
2711
-28790
-3551
-9758
16535
24363
29343
31520
-14479
-32001
3378
-2051
7985
-25724
-9678
5302
-11335
-30021
26519
10979
19890
-13062
-3723
-4938
16643
31328
-27929
7826
32119
28652
21028
-10369
-5185
-25664
-12030
-25938
-9412
14361
-17396
29928
474
-16675
14687
-5333
15923
-20760
2805
15444
6194
-21633
-16719
31796
-22523
4842
605
-16175
6946
28429
-31741
11854
13623
28514
28421
-32663
7199
-23341
-14896
15303
26593
20680
-16855
26052
21124
-16820
24549
21070
-18882
31113
-10880
10858
-9135
-26176
14510
15078
-23323
-29363
32402
-18747
2311
-2664
18855
-20593
9814
6810
30961
28717
14518
-26619
-17148
25461
32305
338
25542
9553
-32110
-12119
-14253
-9708
-18740
4574
-10697
-10268
-10128
26900
-12889
-2795
-5442
-4463
-20237
21224
-3896
23882
-11882
13393
-30469
-28820
-9507
-30410
-15570
23561
-32361
-13075
13493
-13948
27321
-31569
18320
-19882
14458
15075
-32642
19183
316
32480
4394
-20614
-13741
-18235
-31569
9833
3195
-22377
31997
19588
-5949
-1968
14593
22209
29103
-11717
30093
14955
-27326
-16837
-12209
10622
-14774
-5179
-14302
13490
11344
15836
24596
-13754
-29736
-19211
17272
23036
26860
-28685
14344
21579
-12786
-6531
-12567
19471
-4671
-1328
28301
-13190
-10019
4394
-23928
-725
-13962
-23203
28676
-17846
20962
-2733
9574
-12921
-19787
28904
-16557
-31565
-6228
-14131
7458
-16907
10104
-2333
-29144
-32572
26416
18317
-21645
-7246
-18383
7134
-25334
2300
15160
22239
19776
-25937
23064
-30042
16889
11287
24802
-4611
-9023
-30441
-6655
30232
-18344
-7410
-2862
-25880
-28502
27278
27934
-19274
8570
-2394
3666
-26021
-2937
5118
26190
30417
-18865
-18668
-20637
-27285
23141
18182
-17289
-15971
20866
6084
9103
24669
-32300
30819
3013
-25539
-11633
28580
31343
14884
32021
-29274
20749
9691
23328
-30874
11369
-1364
-4827
-21170
-528
-1722
22226
-25254
15083
15647
-20365
32633
-30258
24372
-11216
23834
-8975
12517
-22472
-25469
-21487
-10375
-9684
-22732
29511
24806
12769
-3007
-22250
-1157
-3552
29449
948
24367
23466
-3381
11226
-21128
24170
-5480
-8408
22096
-15928
-28639
-23616
-3856
17316
1651
-27588
-25419
-2832
22492
16673
23184
-11916
10577
-14907
23213
-1375
19282
22628
-27063
-358
-503
-19513
-14355
-7875
-20133
-17166
29895
-11049
-14289
-16258
19239
-6173
-24105
-2226
-1021
-16654
-29703
-8236
-21706
21667
14721
-20958
-30277
-4459
-19242
-5695
16634
7856
591
-20924
11433
-27588
-18815
-4314
-12955
19074
23788
-26006
27545
4895
-27012
26103
-13255
-6459
-32582
-1976
-13092
-8043
-2997
23409
-11266
30862
13082
3944
22864
28799
-667
21732
21510
20651
-17810
23520
2988
2517
-28792
-3109
1242
-25779
9155
-10844
31396
16032
18686
-7563
22762
30878
13458
-11239
-8155
5225
22692
4514
-30346
29904
-22883
29581
-4257
-26508
-16767
-12716
11157
24081
1288
-20160
15023
29483
-1252
6530
15856
-12669
-13562
-3546
9820
-31176
-29689
27287
228
-16625
-15074
26792
8100
615
-24680
-31891
-12281
-4928
25283
22245
-8538
12250
-6123
21704
30609
3110
-17966
-8664
18743
-9126
-24604
22184
-31
3994
-17321
-15594
4245
22648
-21081
-27930
-8913
18905
-19088
960
-27407
2249
2269
29196
23885
1799
10019
-22880
3915
-28576
6914
-18381
30584
-9804
29702
-13205
-28436
-28626
-4895
-7240
-18975
11868
-5510
-2204
-7557
12935
20993
29743
-17526
-4825
25688
22526
-21193
-16861
-17721
-23003
-23555
-20106
5252
-12357
-6857
14111
20817
12895
-16702
8460
14798
-20380
4741
16094
-5478
17421
-27042
15242
31544
22377
10118
23335
-15381
-31507
17747
17120
-12277
-5581
-2675
-26555
5525
-20752
-1991
9896
-2472
20859
7751
-1498
-24952
-11627
13287
-15630
-23225
31217
9693
893
10956
-25076
-14506
-26111
12986
29265
-21593
2631
-16410
-31219
-1840
-18604
29971
30694
-30065
18404
-31711
23599
-12570
-27995
-21341
-23709
25329
23396
-9418
29749
-1625
30599
6195
-4821
26029
8401
-18522
-2705
-9442
29857
-158
32314
11245
28505
32268
-30140
18428
-7361
19341
-17877
-9866
31988
10163
12382
16094
-31115
6699
-31796
-29602
24574
-29088
26500
13774
22189
22201
13915
6210
-28446
-10563
2643
-13657
-28387
21074
-9521
-11175
-17010
-12798
-29404
-9185
20445
24480
14754
-25922
5784
22715
-12331
24381
28748
-702
-7560
26880
8164
3760
30272
-12930
-22920
-5585
-2945
123
-32191
-5192
-21097
-608
-19438
-19239
694
-1079
-4841
-29437
-4792
15138
-693
27274
-19023
-22975
-28728
8575
18066
-23386
-29688
-30555
1440
-2306
-11932
21357
28905
-25850
16496
-32492
-21551
-20163
-11453
-3227
-4668
-20832
-24675
4922
-17008
12505
22028
13544
-4550
-22390
8174
19046
-24331
3543
-16232
6588
-30218
32102
-8459
-28736
-30980
5956
29067
-25034
-30660
-16179
-2042
19885
25034
14465
-19947
-17429
29165
18307
14309
3572
-24243
7945
-21736
12631
-16656
-6976
-18914
-5488
30254
-31996
31139
17622
3970
15300
11049
-3793
-5479
-16607
21145
3941
-20866
-17713
-5230
-15814
-31432
12588
-24747
-31471
22476
16415
32189
-9598
-16725
-23269
29861
-16505
-20219
-22502
-9277
22275
-26061
-3090
-12981
-25976
28962
-1263
-20645
327
-5642
12072
1243
-7985
26428
12766
-274
12375
23602
28177
22241
-15243
7474
11381
7728
-14927
14354
14584
7322
-16002
6765
-28457
-3868
-18618
27998
28143
-32595
-25140
-25373
12469
-5985
-18913
-27268
-30058
14640
-24529
1345
27796
-24030
-1997
11261
-30877
15376
23551
14314
-5932
25053
-29920
-32676
24931
12338
-18338
-19211
-16278
-15419
30710
-3176
32497
15199
-9387
29542
-24711
21242
-31801
19842
-31740
-27377
19793
-12003
-4083
30477
-13692
11659
-8056
-22684
16865
-6136
-28877
-14995
-32635
14109
-866
-4844
3956
-11215
18335
17564
-10254
-27095
13667
4479
7159
-32686
-14098
23461
-21538
8763
-8091
-21951
23404
-16100
-8489
10443
3017
17383
-22913
-13751
-9542
2042
-32432
10755
2642
-14843
16217
1332
-87
19663
-19735
-7001
19019
-25423
19387
-24681
958
30593
-24639
23513
30420
8897
3888
-23418
139
-17505
13797
4958
-890
-30245
-25987
26088
15779
23207
-4062
-26389
13539
-2084
21965
-4290
-25604
3200
-4870
-26297
-12848
-2846
-60
-14102
-10169
-11593
-430
13916
-23568
-16268
4512
28436
4921
-20391
4991
-26324
-7266
-30556
-18588
-13785
-26228
11126
7575
26391
19357
30189
28278
1522
19467
15230
-2170
10051
-12990
27897
-8060
15153
3978
-20935
4198
-7517
4771
1587
20130
-1892
-26618
-18257
-5002
-4745
-22381
12692
31223
5014
1084
29496
-8826
-18563
13517
-30007
2957
-20990
-7582
27382
-2008
28266
-28214
20347
21809
24855
-2634
26978
-30616
15584
5700
32597
4378
-29068
-7962
6642
-8477
-12443
1263
-20491
18066
-14392
16182
28630
11040
-31695
-30198
-24079
30307
26729
-24452
-20469
-4736
8760
-12985
-12506
19836
-31169
-27809
17266
-29958
-21151
17839
-14223
-31564
14359
21975
32497
-13682
-5440
-32328
1501
30192
13693
-32194
-9562
28765
-11333
16190
24382
-3655
-5184
22123
-21029
-8882
-26929
-22169
-21620
27415
14692
-21769
5046
-13154
9299
-23683
82
-6785
10271
-22710
-13290
31247
21178
19131
26193
16888
-21371
-6344
26167
-20173
264
13274
-14226
-9083
-6223
32070
6243
-13638
-27694
-21225
-14907
15206
-17727
8495
-23110
-2110
23239
31816
-11815
22005
7719
-23129
-7687
3410
-23356
-29725
-31502
-12242
-21971
-7537
6224
23351
931
-19022
-28650
16523
-31978
-23732
-31454
-2326
30159
16850
-5570
-28500
21606
13949
21799
3303
4715
-25390
4757
-15805
-32189
-3828
8385
2099
9212
-12909
14749
-23524
-2131
-28591
1828
20711
30454
-4960
24399
18338
-26924
-11753
19008
-20125
-31570
4875
5151
845
-29519
11079
12869
-13431
27760
17262
18224
-9358
-20955
6546
18343
-4417
-19970
27311
178
10183
-11251
24913
-10369
25423
-24083
-22041
14644
-11413
20218
-3009
170
-25227
-14005
13635
-32331
10494
-23548
28676
6040
-4923
11821
-12113
-16990
15356
21253
21317
16880
-31063
14963
-17801
19824
13983
6026
12860
20696
-11511
1121
-11472
31346
25480
-25025
-12513
-32037
29380
-14399
4040
-24692
-8052
-21838
-19928
-10095
31518
21923
22292
-4347
-28846
-25160
7684
-19928
-26236
18595
22023
-7069
-21345
-939
10457
2718
3970
-21863
-5271
15442
-8693
27401
-16983
28846
-19346
11548
-23918
-24105
28520
27450
7665
21538
16498
8326
-18717
4658
16279
2933
10834
4705
11704
27869
17231
-6079
31754
31650
-26801
14565
14455
-24451
-7407
28050
-18256
-32497
2868
22114
6823
-5225
13533
2466
-3208
26761
7314
-14087
-1114
1724
-22068
-22270
-25257
27734
-1196
-4483
-25503
32110
31786
-16647
-20034
26782
22472
-14093
-4170
-28872
5220
-26397
15678
2362
12350
32410
-16474
20987
-23773
16489
31765
-17791
-5654
16481
21882
-27344
-32070
-6200
7947
19650
-9301
-26682
-8244
26418
179
-19780
6355
-16355
22004
-12866
-31189
-10072
-25846
26944
7557
-32686
-6720
-32636
-14879
-16460
2774
240
-5843
-10910
-1016
29242
21475
1056
-27007
-13853
8500
27735
-2555
29797
18669
30255
19791
19351
-19648
-11358
20355
5327
20459
22055
21226
5468
18075
1263
28373
159
25340
-725
-11268
-6061
31284
20468
23673
21104
16619
20051
720
14017
21980
7629
7594
-12754
19961
-25612
25856
-305
-19264
11711
-29609
-26239
8625
2583
-20174
11696
20784
-28993
-13718
11952
-11191
-17301
8190
6617
9471
4963
22127
16873
13015
-2601
17131
-7277
-31621
2787
821
29163
-32103
13635
-12488
2859
6570
3085
17148
28054
25504
30738
17274
26985
-20301
26076
5719
-2607
3425
22814
25251
17811
-22142
-15729
1824
-790
-3796
-20846
-1129
-10606
12043
10598
14926
8890
-16917
21090
-23224
-29166
30883
7394
-32059
9650
29215
-28144
-32366
-32756
17430
-30504
-16946
-857
16835
-19051
25876
-11775
2564
-10144
-15689
30586
9203
-29671
-5271
-5176
-2416
30890
-19345
-20726
-7989
-20232
3512
-22373
23540
-27954
2432
-17310
19816
13921
1053
-15667
22382
28460
29554
13245
-15592
18883
22035
13133
19161
3450
-10419
10486
-23350
17918
9685
16640
-30163
-11307
24706
-29960
-28299
-23465
22024
9246
-9213
-5408
23751
32763
-28653
4695
-23045
-21619
-9477
6941
7875
896
-18661
-25167
-19228
21008
28180
22118
2730
23479
-22882
-15260
-17436
7553
-27955
10099
22438
3490
-8782
-1542
32358
25088
28565
22192
24188
-2726
9649
-30853
31666
27150
-16152
-22804
-30480
7650
-21377
-23268
-26447
892
5935
28458
21298
-21799
14537
13179
9328
20869
-4164
28970
20751
427
-9310
27788
11229
32222
6253
-444
1395
1190
-9142
1810
26383
-18482
6205
-5784
20381
3676
6737
-26198
-29374
18845
-12038
5555
13049
-30389
-14879
-13021
13623
25111
-11828
26011
-7022
-9124
-4000
-14575
21001
-11106
-7404
2771
-3746
18136
2207
-7051
-24072
-11295
7249
-26537
10335
-2138
-18758
6798
-27980
-28930
-19713
11964
-17811
-20000
15400
17767
-14966
16454
-1447
-27532
17402
26658
9095
14251
2152
-6735
20307
11548
-4648
-16278
-14135
-14285
-27244
10399
5625
4497
18143
-28328
-21759
-7510
10357
2685
31432
19361
-15817
22853
-11512
-15099
20125
-16767
32096
22138
6600
-8042
8969
11167
27264
16192
-13447
-5570
-10636
6649
-7608
3021
-26529
-26865
-32559
-8788
30893
23784
-5106
-3735
12323
19837
-584
12820
7905
-30715
12419
-17102
-1550
13781
7661
26299
-23705
3647
-15284
1042
-12522
22913
-28280
23779
-13594
-2735
422
-17876
2738
28814
27364
-22135
-12137
-7702
30293
-20840
-24426
-30184
-25183
11742
27162
14954
10067
-3810
-11485
-8402
-29082
6055
31045
-20338
23242
1561
-24954
19907
18297
-20656
-13747
-380
-29652
-17272
-7763
-15107
11642
-4941
283
6595
13536
23536
-23095
-31810
28269
32358
21692
24622
17666
24675
-10239
-2293
-13378
1696
26844
-1907
-12009
-31408
-3821
1209
32373
-8760
540
-24801
-14717
11929
-15160
-28721
-30722
17459
5498
24554
8311
16784
21731
8894
-22080
-31196
-7673
-9076
-31610
-26916
9113
12508
2236
-31653
-22999
29556
22871
15562
-1880
-5095
18769
10939
9805
29514
13944
18019
-24354
13710
-4029
-18690
-5523
-20150
1746
11842
-8753
28300
11481
27219
1244
21498
-28707
-24944
-16104
-29397
17223
-17108
29005
-1417
342
-14371
-26286
-9659
32538
2632
8956
1511
-26190
-29316
32477
-23844
-15634
-22632
27705
15801
4923
30717
-30527
-2106
-32613
21089
3005
-21833
2949
16507
-26300
-21668
-13198
-30154
30255
15396
-30362
26830
-20798
31100
-23458
12647
-1856
14094
26153
19140
14217
8236
3047
16153
7103
-8385
22965
-29652
12840
-30130
-24946
28699
-10263
-22477
5807
5640
4485
28718
-1145
5504
5273
12363
23382
-25407
24930
-32242
12568
-14888
-817
2743
-9537
14222
4588
18133
-903
-13161
-20019
-11964
18486
-15003
-12072
-7323
17467
-12127
-27770
25558
23971
-13498
-28473
-11143
-3737
13074
15178
7588
-21191
-4172
15066
-1728
10544
30763
-32372
-23278
7863
-23432
23590
-7536
-21369
22847
13096
26811
14642
-16430
11247
-9043
13757
-2785
-27335
15832
-31569
5412
19114
-10753
28365
25462
-23643
19551
-2211
25637
-21410
-29052
-4960
17680
-16954
-2398
-7364
-4766
1989
-20850
12116
-10046
-18791
-7014
12935
-25070
-20852
-2279
20379
-9333
-7287
-7127
-28735
-25283
10547
-12089
-10977
-10088
9845
-21848
-13285
-25147
25427
-11992
-18242
-22922
20854
-7783
-6028
-15794
-5075
-11449
-582
30621
-3485
-4182
24680
19519
28971
-7004
-6637
-25203
4713
16479
12753
-4067
30151
3224
10128
-27942
11359
22273
15603
-24536
-3298
30286
12621
22072
16184
12553
-3846
-20426
25575
12505
-6818
15009
740
7965
14955
-27719
-19652
-17223
-14800
-29368
-12110
1648
2180
-14537
11271
-21192
-19523
-149
-4408
10529
-11398
30902
18831
11714
1833
16545
-10374
22519
30962
-2192
-2670
31412
17185
18796
-14934
-19936
12034
-27351
4904
766
-12051
30478
17134
32494
-19887
14966
-10657
-6435
28394
5531
32055
-9996
-21469
4158
-12793
3429
7870
7124
25374
18613
24089
9417
3264
14646
-27762
12828
-2620
-13808
31029
-7571
-5458
-2352
-30321
-9332
29263
5586
-26932
-11839
-7012
-29821
-20527
31051
30617
-14431
-5660
-10690
22502
-23706
-18397
18533
-26575
32595
-10657
6745
-10341
31929
-9578
16617
23736
14912
2456
8183
-10313
-1723
-18685
-21902
11252
18490
-15978
23335
-20775
-19417
26268
-25224
12881
24230
4846
5541
13251
2606
-10058
-2103
-21982
-22041
26074
17395
-4041
-22559
6193
12462
7986
-11169
-10928
-15350
14631
-16021
-691
24281
-25247
-30788
3512
-9740
-5976
-16283
14352
-25313
26793
-26146
-2427
25527
-6487
27106
5554
8829
12600
-24673
-6046
-24127
22723
-8591
-23420
27446
-21
7730
-15846
-89
-32555
-8701
15741
950
17292
-4826
-6377
-19646
2001
30506
-28070
28657
9266
-18037
-14039
-367
30780
-9672
5958
25645
-21837
-21408
-21534
-27238
-14923
3692
-12803
17538
-28807
29357
22071
-29867
-25906
-4258
22767
20972
15999
7569
-1611
-15133
13415
32488
18612
-5488
6609
-5605
-25262
-21165
-18716
15564
-14890
-6488
-12309
12412
-21284
25315
8513
1222
1457
-662
-32090
-4248
-20778
1640
16649
16147
25182
-13512
6523
30705
17537
-101
27421
6160
9311
-29477
-16053
7282
-17223
20643
-11643
31737
-18544
-3588
-15039
-11978
-18823
-22245
-15766
18123
-27917
23844
17953
20228
26507
-9038
-24156
-19968
29098
-16185
2272
-6810
-18143
-22658
24355
-32579
1174
31975
-31010
-16126
23031
-24981
6862
-10509
10075
-14250
17423
23088
-23429
8293
27956
25510
-7272
-15527
11238
-16874
-28734
10270
19872
32693
-31680
2193
28745
1228
29286
-32403
996
-27372
5494
-4133
15941
21663
-12279
-13907
17114
16314
-13530
19305
22218
22316
7354
27221
27115
12064
-30399
-19198
-3700
31516
-17911
-26336
-25539
20656
-8081
-9535
26289
25534
5406
2105
-7326
-17430
-12628
23978
-24872
-18052
31045
24811
8462
-24113
-31245
-12133
-23576
-25000
-19755
23846
254
-24182
30649
-13727
6224
-18319
-29907
15386
-28745
9647
20348
21105
-16824
-4763
-5065
912
-25261
-9121
6530
-13872
-27914
8388
8771
-13515
21510
-23832
18318
-27088
-13220
-25381
18757
-18298
2416
11594
32017
-5679
-15263
10265
24189
23955
21290
15061
-16685
-21028
-9267
27143
24953
23182
-11451
13470
-16478
-16400
11073
15557
-8944
-13368
-27351
-12756
5651
-21186
15075
12789
-7944
-2204
754
32349
-3247
25753
-11047
14203
-2394
20266
-6496
6082
12788
-12868
258
-9766
24018
-2913
-4301
9155
-16228
-17633
-27914
-30761
30358
3168
-32230
-22855
5880
23447
2539
-31079
635
22249
284
-24121
14650
-30565
-3248
25750
-24854
-30733
31303
21876
-1599
30456
-30690
-28823
9393
18849
-5882
-30559
-29387
13103
10610
6864
-27784
32153
29469
19438
-28294
2030
8064
-269
13034
9053
32321
15593
11334
-13338
-11140
-18691
-15864
31675
-13513
-7345
-24378
19098
-9043
-3415
-20722
-7226
-24816
20002
2555
17644
-18124
-20531
-8601
30201
21
15296
-5168
-29161
12657
25643
-1630
-29367
-1585
-28184
8839
22968
12396
28283
-26575
-19307
-79
-26495
-21729
-20361
27029
23420
10757
-15848
-15358
-6963
20854
23226
13305
16427
-6091
-23736
6966
11709
32019
16044
-17496
14552
28789
-29151
30241
-22321
23715
15287
9726
-20797
-29025
-30303
-11277
-5017
-13421
24901
2483
-11237
7247
20934
11079
19571
14452
-5853
16707
-14519
-19403
-14053
24483
19993
-21658
-25654
19271
14501
-31761
3037
31973
-5131
-5543
10001
-6270
22876
-8719
22796
-5478
13034
-29924
27500
4285
-28721
1670
4607
-11463
-7974
5645
7801
24088
-13884
-10606
-17644
26483
21557
-21948
-5075
-13920
-288
-19371
-19732
25040
7253
2379
-13144
-14065
21653
21869
22267
17669
-16987
-21791
7576
16547
-12072
-31206
-14859
20056
25045
19454
-13789
7907
31248
14346
-9964
19362
24747
-3919
29975
-18246
-23845
19883
22723
-12348
-10225
-19225
12348
28456
-8283
-30942
-1865
30214
2507
-30899
12121
11429
24979
-26003
-17774
-1638
-30686
7337
-11965
-21142
-25877
7386
24740
-11595
-29207
-31492
12572
-299
17376
-28915
1961
-19910
6027
-25842
-32334
-16509
-22282
-14806
22696
30082
19291
-14968
15558
13322
-17772
-23463
28202
-15049
18501
-22215
3344
15073
-13849
30996
11156
-2151
6243
-18038
20869
4115
-27530
-7731
-7999
19806
-31776
9025
-16020
27736
-7887
-10125
16418
18222
9211
-2344
6970
-13023
-24021
8176
-6358
934
26297
25025
-25266
8858
29761
21636
12547
-13196
8803
-5773
28032
10019
32137
25371
-28615
27614
9904
16605
29164
24045
3584
-19315
11674
22336
1556
28550
10937
21406
-20303
-23402
-1896
20651
20133
21437
-9340
-28177
-20637
15836
31484
-6625
24751
27213
6003
-29765
-17467
10055
-20361
-22626
22026
15335
17197
11166
-28382
28415
2821
18039
-19965
32146
-10124
-17445
-18531
7103
-11707
21093
-22957
29229
646
-20050
-28506
24462
-3628
-4531
29965
9202
-30780
-26920
-3111
27705
-3392
21639
275
-2097
-20837
21499
-31135
-25772
-28374
23389
1309
-26721
7824
19909
23456
-12120
16323
24837
25810
-10754
16552
17416
-6814
-12857
2847
32611
-18546
30899
22576
-18830
24999
8593
9337
-21152
-16712
20349
-15659
-5396
-534
-18228
-12281
10247
12724
24711
4762
-13171
10376
-28390
-26196
4582
-23624
5351
17718
-6592
-21823
-22626
-5747
-6949
1661
-29160
-32616
5764
21535
-17165
6671
22767
-3894
9575
-6671
-32644
-10303
24223
-20118
-16397
27641
28976
26168
25348
23543
32370
31365
-13129
-6802
21316
15455
-26152
-9949
8626
-16187
136
-25521
14840
-2643
15645
-1359
5992
-15960
-10329
-23591
16051
9529
-18668
-25360
-28710
31551
8441
-24954
14418
-19769
14871
-1882
-12259
-746
7782
30747
6431
27838
10940
-5317
-25540
-24676
11075
14929
5490
-2913
-20272
23453
-1587
10295
-28232
21925
-8836
-4670
-7818
1840
28812
1300
-31199
15123
-30103
24667
-7285
-31440
23149
27422
18563
5835
21517
-23652
-28202
23560
-31104
26527
13458
-10996
-7781
-2509
4327
9364
-31039
-22932
-21531
-6879
8269
-1405
30837
21069
24325
30799
32615
7589
31004
-22369
4126
32237
11947
-30682
15556
-3082
-5316
-8624
18907
25183
557
31125
17540
-7366
5752
1662
-18655
-24169
-24374
-15462
-9579
-7995
-3998
7801
14687
-19598
23595
23465
23144
28779
4403
-30453
10308
27492
31034
17628
15481
-7389
-31399
4393
-2469
28833
-1791
-24293
-24478
-18720
-17961
-701
20023
29481
30248
32560
-27082
-739
-2217
1528
-11858
-19470
948
21619
-8277
-10365
9514
7763
29232
18585
-24811
-5231
15083
6946
-13647
22252
-7693
-29786
23331
-21750
-13753
25692
16032
14576
32551
-21194
19832
3427
-682
29661
-27836
-6083
5174
-23448
31456
9790
21239
-7395
-14378
-21848
-16953
27773
-8322
-11790
14552
-19522
-7126
-3400
1853
-1850
22937
4607
22004
-791
-8926
8795
5379
-235
-13917
12406
-28533
27713
10796
20611
-25450
10148
-27678
-5246
20078
-8320
-17860
-22029
27763
-7975
-16805
-5050
32599
6293
-31930
23811
-15586
-16727
-6558
-2083
11145
27655
28021
-13082
-24764
-676
-21791
380
26449
-29139
-26198
15043
-4001
1981
12852
-24448
-14120
3662
8036
-22806
30104
15219
-26035
-15854
-27472
28094
-365
-28910
-20478
-1731
-29555
28060
-1245
17440
-14803
-12367
22510
31905
31823
-2487
-29321
-23229
-9399
-30323
-10190
8320
6475
29082
14720
29512
-29183
-24044
-1901
-338
20802
-18027
-21950
25163
-12840
-15670
-31561
-27666
-15165
24464
5839
29633
-11759
6333
19417
-29147
-26565
-20061
462
1408
-19504
8936
-21737
31599
21960
17420
16292
-19777
21561
4913
-28785
22629
-5999
6751
29782
28927
-31299
-6939
7358
-11913
-17168
31386
28887
32613
6174
-3427
-19126
118
23883
-32683
11503
10241
-9816
-26202
-30595
7244
-3750
21603
-25683
28072
10683
16414
19840
14693
11496
-12558
-5886
-16187
-15937
17559
-6568
30929
-27534
23615
-19732
9572
-16236
-7563
-9363
4158
-17296
-18929
-12611
8631
18484
-14907
20604
30811
-23742
-11890
7654
20652
17586
-10946
18714
-3186
-16513
18839
-4398
-11213
-4575
-5429
-19068
-30747
8199
25869
-10603
11779
14368
-14375
-22035
13879
18270
-24760
2829
-31930
24947
31879
19569
-21861
29771
-12718
26233
-11238
-21795
-27706
8803
27812
-18897
16178
-6753
-28026
21489
25130
1714
-3195
-27897
18908
-2581
9770
16189
-21107
24787
21799
-3065
10621
-31996
-29237
18290
3182
20663
23637
-20305
6532
21936
-29336
4912
32009
-24513
31872
-13578
-31880
14407
28321
8721
-21258
22646
17682
-4736
29593
23034
18095
-1597
-4724
-32048
-29142
13558
10333
-10073
28416
-22159
-21930
-11564
9772
4057
31910
-29651
12587
6689
-29974
1419
-30163
21611
15351
-24839
-16013
13871
11005
6878
-20259
-238
25851
-3905
-16470
7616
19299
-6904
24104
-32671
19826
651
20638
-29262
11482
11984
7726
5300
-27414
-2449
18483
28104
8979
-4946
-13547
-6626
17357
-26354
-15584
26916
-16621
-10658
13228
-5097
12232
-11807
-15753
10161
11153
13237
-27299
-11265
-8410
-32590
5540
-24663
23627
2913
-25002
30920
-23058
-5283
23611
-32251
20716
-28028
-27013
7160
15118
-4985
-3322
28839
-30437
-11119
3410
17418
10819
-16841
-15916
-29751
12497
2501
20193
-16232
20054
14042
30175
-31956
31277
-32650
26011
1216
-25008
25796
-21105
29998
7614
3833
-8651
21322
21563
32531
-24471
23532
-1128
16078
-18204
-20666
7989
-11229
-20280
-9810
25945
12542
-1752
-13107
10744
-9548
-12554
18800
-9350
27448
-6849
2493
-8285
-5713
-14988
13378
-22820
-29929
-19721
4977
22881
-22278
23510
28662
-20652
-27948
-21282
-29054
28385
9204
25943
2241
30717
23630
-30691
-25771
29892
-19328
-6826
-11927
-22918
8445
-8580
10556
-12793
-11004
20621
-10533
-23382
3523
25495
-21176
-25778
29377
-20450
9266
11427
13992
-10851
11179
11015
8519
19806
-19981
7851
-28663
10682
30443
-12045
24224
6198
9977
454
17433
6247
-25382
-7554
-19322
26604
8940
-14625
990
-2474
18296
-13357
19380
-10296
10753
-26965
-6197
-7460
-14989
-10544
-29982
-29759
6519
-14847
-4761
10661
-30715
32488
764
17554
-21808
-9185
-10060
-15218
-26924
19819
19935
-13773
5433
27881
11440
-4124
-14946
12906
29137
-29578
1210
-17183
-15061
-21420
-19890
15514
15541
16438
-19288
-13537
-1903
25779
-29266
27190
-24384
-32078
-24354
24319
-17518
15156
17307
-32228
-7817
-707
-10974
-20596
1492
16597
21636
-27304
-22229
4453
-5608
-28065
28472
11501
-26395
-32377
-4092
-17608
30903
22298
8229
-29166
-20581
21056
23014
-31596
-11999
29078
13708
-24784
-32642
29991
-20030
-22465
2288
30885
26127
2166
-30144
-8294
-2074
-27514
18522
30580
25833
-22458
7868
7248
29401
5390
-11734
-13261
-32311
12203
9317
-17866
-12631
-32112
2556
-24137
710
4248
9899
30650
-7959
-18159
4530
14189
1920
8722
-681
22247
24660
-5499
28721
-31249
28125
-10688
7416
-17861
7330
-10910
12513
24140
-24507
26993
-6400
-11713
26275
-7442
-28653
-20105
22341
-12766
-15957
-12308
3283
3313
-30074
25502
-23986
-2744
20403
-29669
-28312
-16744
28332
25095
29876
-15727
-8438
10589
-15125
12802
-15612
6203
22413
28667
743
31289
-8558
29557
12480
-6927
15497
9469
-13512
12719
-27450
-2104
-26767
16678
847
18562
-10705
-15929
8611
31296
25259
-23191
1074
-30375
-14135
3647
5996
-13502
9812
-8530
25083
-16854
16359
-21239
8815
-31095
-29307
13595
-26808
17443
-22740
11973
-31026
20967
-8202
15720
19984
1918
8863
-1201
30284
25163
-16772
19925
15314
-27982
-11767
-20816
-30826
-29820
2564
-32114
18190
2368
-16441
11264
-12254
-25843
25335
-4465
13052
-8298
16894
-16655
-25693
-11263
7519
-27144
-1772
20505
-24032
-23022
-22800
26765
-7926
-32376
-29084
7826
-2270
24959
7866
-10649
3768
9271
25679
-10816
-9482
-12272
17462
27534
-6498
-9620
-19014
24845
1450
-28942
29156
-2483
17299
12312
20300
24502
13166
-31465
19334
-20293
-27649
14760
-32304
-11328
19202
-16270
799
3811
21478
3276
-4146
9478
-15132
-8298
-15891
26188
-17281
16033
12500
23287
5347
-17386
4668
14588
17336
5353
17057
12594
-30699
-31359
21036
-16918
-6114
20717
-28574
-19015
7218
-26895
9403
-1292
8259
7461
3700
-24204
9426
15067
24027
-19975
10918
-16677
22061
-27400
6911
-3470
22168
-10025
-7461
-17495
5317
9579
-15100
22328
20407
26617
-8980
24533
-22040
18504
-13057
2186
31704
9480
20217
-21660
-7748
-27750
6567
-27597
25415
11089
-15730
-16010
-28420
-25443
28724
24606
16435
-10541
27968
-2437
-846
19296
27487
-24401
6357
29054
16821
1157
3815
-13779
13174
27405
-19096
-14303
-31336
2950
-9164
25657
-32218
14660
-15923
-16363
18814
-21355
25807
31725
-4362
1221
23349
-23146
-26328
5711
7106
-25003
10999
150
-25378
12490
26862
2131
-31800
1731
12483
-9152
-26972
27647
8200
-22679
7148
-6846
-30071
30538
-21338
-24385
-9257
4545
827
-25972
7430
-4818
-13488
-2241
17248
20759
25969
-156
4067
27463
-19868
26079
30664
-10494
-29554
25545
-7034
26555
-17948
26559
8945
-13984
-26653
17750
28924
-17810
-19422
20565
-11892
26781
-11349
-2957
-4834
4257
-9728
-29505
21521
3688
-29586
7974
-31036
-28645
-911
10545
16228
30095
-13543
-20165
18072
-5839
-17963
-9975
811
-31067
-16768
26886
-9383
-11231
-60
-19572
1891
-5739
-32114
-2967
32055
4854
18910
-32355
-31891
-26743
-29712
9689
1759
4366
6746
-20714
-28151
-3739
-23841
-5358
-28605
-14760
-16433
11473
-6070
-12051
1486
5251
-28917
26289
85
-10974
-5222
10575
32181
23363
-87
6520
-18034
6011
-14157
-21676
-16922
27851
9736
-27529
-17862
197
-17966
28829
3247
-15905
-23772
2466
-23756
-24729
2022
2160
-21153
-6207
-13058
-17852
-15269
-1509
-30410
-22294
25069
21853
32582
18972
7867
-20591
-31195
5324
-18092
-5312
-876
26408
22983
25269
-10687
-18852
28637
14380
29967
31434
-19892
-14374
9329
1730
18354
-4055
-27932
-1954
24619
-31789
11814
-20183
-19195
3144
-1530
-20448
-4803
-25359
-30615
-15777
9492
-9777
25901
22437
-26090
6456
-20602
23113
11984
18542
9993
15531
26605
-12522
7159
17052
31688
-18960
-7444
23139
-24571
-14578
4646
-1074
14538
-3152
21369
22803
-29631
-30914
-31254
17332
-29302
2251
-28271
10206
31668
-30573
25310
-26751
16560
15665
-10144
23469
-13442
8559
-17833
19531
-20872
-9869
30904
-23931
-30786
30131
-17867
-28807
30239
-11765
2960
-1753
27221
29248
-31159
-312
-25884
2640
-21398
24072
-27212
-2589
-27314
-3606
13241
-13196
-15391
873
-13636
-3283
-10835
-649
-7854
-15937
-13337
13510
10356
-11013
23130
-15990
-27501
26547
29842
31500
-7466
32284
15254
29390
-8699
-9074
1391
-8061
-2939
242
-24884
17736
-13892
-2441
2424
19317
26346
-21248
-12318
30209
-31514
-30198
19122
9982
14817
429
-19236
28060
-30104
11526
7653
13300
8339
5608
6832
-28030
4343
-18531
7158
27493
26452
20077
-946
15822
-2830
19240
-12163
17182
-10869
6676
-25449
5494
-24126
14914
22028
11900
-18521
11389
32285
8419
19377
-21796
4451
14067
405
-210
-9148
20560
3794
-30872
-25911
-5052
18348
-5620
30534
4360
8660
7749
-27388
26689
-8758
-3029
-20572
-20808
21880
3932
11025
2343
-30759
-8092
-27378
-13896
-29866
-17551
-4444
-19981
16667
-10444
-3129
2890
-31735
4524
4289
22802
28453
-5475
-30928
8419
-1391
15929
16037
-14959
-3414
23336
30366
32732
-19479
-5133
-4554
-9208
-12944
3275
28833
14673
-15844
22267
22974
-3957
9215
29168
32260
-19285
-3819
11304
4221
17872
-3494
-5971
9597
-9907
20727
-23240
19180
-16691
22545
8364
5376
-7662
32497
-8420
-3672
-28192
4648
-13925
-21444
-25779
-12870
5811
-24286
10247
-2028
-30572
-20694
-1969
10054
21198
4709
10598
-31597
16230
-2516
-27566
-28589
-28256
28931
24020
17317
-1535
-9595
-5760
16039
-2599
6693
2951
1911
-8022
25381
-28790
-10639
-20435
23008
25942
-13807
11413
3543
13430
-1239
30762
-2478
-11706
7782
6866
29643
-29281
-3414
27211
21430
-18149
-17089
-21166
31683
11182
4308
-1759
20206
20446
26754
-27403
16129
10236
-15266
31500
-17772
9087
357
-31720
-25867
16918
-7002
25289
-12869
-5962
-18400
21293
6882
-20924
-16176
-29677
-27830
1533
-7773
29448
22679
32744
-24709
23321
3676
24757
2188
2054
-14254
14293
30219
4060
-8925
-21287
-8476
29783
-11647
-4684
-18767
-9001
15732
6249
-4836
-19406
-21198
19353
12094
31110
-16168
-21374
6759
-24551
-20161
13699
13704
15879
-15513
-20812
-17960
-27225
7105
3170
17139
12480
18555
23311
18921
11442
-17762
31436
3666
1991
23160
-29367
-10848
-20998
1313
7054
12650
-29483
24654
-19642
3214
-4378
24706
-5189
5649
27365
-13509
-16337
22750
-15330
17136
9638
24953
-13628
-11304
25057
-3214
-30707
-30496
-22190
-31270
14805
-12093
24296
32289
29010
27455
-13684
8573
-23123
-28302
-29835
4389
-4911
17086
-29606
-25968
-22635
-32290
-10906
28468
18164
11375
-20614
18342
-24391
-14671
6930
-1426
21108
5489
31042
-20931
30476
17685
-26762
-11375
-17723
-27734
19228
22731
-22033
25118
-11785
-8585
6345
-27168
-17628
29404
2848
6944
-11874
1642
-25653
-8971
-2236
-5497
-22967
11588
18793
-29459
23055
5534
19855
-26334
-5418
-8517
7602
-30729
3227
-31631
24054
-4097
15714
25457
-2533
-30223
-1796
26582
-25848
-24332
-26181
-22881
-340
1023
18112
-22750
-29428
10223
-2523
626
3016
-10007
-20494
14617
4375
22557
-25891
28163
3877
20703
-13069
-3340
10847
32497
418
-19900
15362
-23639
-13297
-30797
-8919
-18230
-30570
-3728
19045
14730
-24029
-27015
-25244
-614
24173
-22283
17166
-24645
-28568
-2332
-30104
-7435
-10917
-14552
-16659
-11864
-31631
5834
-28498
26357
-32065
-4207
926
-17938
186
25317
-21539
31353
15661
2594
-8727
2505
-15497
9905
-17082
25314
28645
-10908
92
31489
-574
5469
-15791
-17514
2190
26205
-11740
-5519
12139
-6427
29884
-17787
-30863
-1335
-28986
-11280
-21558
14549
-24636
18302
12797
6230
-8211
-12842
-17738
-1247
4128
-9798
-22975
-8505
-16034
-2178
10604
-1713
-7409
16777
29226
-32240
-599
14053
-2899
17868
32188
21439
22992
20836
-14104
226
12851
-5529
31192
21931
21839
-10712
-18596
28046
-1884
-26263
32475
18251
22405
-93
16168
12249
14163
-28554
-10328
7809
12473
16942
-13070
18685
-15488
22168
29194
19203
-9662
-27964
12943
-13214
-26896
22874
8038
-5094
-18244
10463
-331
6449
2234
25355
-6824
-3735
18924
22253
25103
14490
-2182
-23267
-6694
-619
32298
5050
7547
28539
29093
-31239
2774
-30388
-7899
-11088
-19073
2081
25035
-25320
-27771
26004
-19739
-221
-805
-12857
-1122
31111
16622
-15449
25466
-30628
-4453
-2791
-3304
15645
20820
8478
-10808
-29911
7905
-17174
22182
-21302
30769
16241
10299
-25447
6957
-18666
19259
-20862
-1788
-26630
-16686
-11566
-11873
-26934
7666
-29738
-20275
-1081
-10630
-17709
14498
4677
7435
-19552
-9907
-4063
3921
-1877
-954
-1287
-25493
182
4219
31748
15417
-24744
5885
-25609
7225
1023
15496
7276
32484
-14029
-15789
23153
4732
-28763
-12504
-4560
29504
24603
15407
22313
-21013
6685
11076
-29556
23515
18309
-17051
-29678
-453
-12021
17500
3325
31932
16738
-30339
29992
11217
15866
28209
-23153
-16647
-22717
-30334
-5364
13204
26322
1717
-18642
-28592
-11183
20602
2688
29141
22572
-7491
-5488
-31900
-8862
-3791
6431
9500
-18772
-3086
29666
27724
-30909
9563
11473
-14243
1710
-557
-15340
-10628
-28439
-1428
-8158
-22107
25003
-5300
19091
-13702
7315
-25183
10260
27257
-4038
-10631
-23723
-2705
10432
-27454
7234
-3797
-7341
12087
-25587
4102
-19285
31232
-1436
-6100
-5977
-15476
20265
13651
-10368
5569
-17868
15826
-4417
6669
-21141
22441
2852
-21507
-14796
-7823
31160
27216
25286
-28232
-12972
19650
2069
5019
10648
-30986
-20587
-10694
23773
-6796
-14395
8945
30530
16038
-22526
-6840
-18584
-25386
-28361
5768
23385
-29599
-30769
11511
-555
-17044
-26183
19835
-17240
-29109
6169
2416
-12114
-16423
11610
-4540
-25040
-23479
19464
16120
17619
-27105
-13805
3503
19954
-27372
-9170
19367
3868
-10252
-27541
-32312
-1431
28253
-30926
13380
3005
-377
-6098
-19460
7014
-29661
-2314
-16182
10566
17834
-1263
-22608
-17529
9250
-17387
11159
7787
-31110
-10833
29648
10935
-24640
23751
-30886
-31604
-22506
12127
11702
-4094
-5379
-7229
-1488
16566
19634
-25920
-6595
19116
2089
-32607
22457
5398
-29110
-9448
29712
3423
-12522
7799
28381
-15454
806
-24094
-17849
5211
3614
7086
-14054
-11351
-23132
12875
28066
-16556
-24682
-26625
3605
31274
-21628
-23525
-7952
13003
-8418
-4173
24400
-31934
26207
21336
-2911
12178
-1791
-18971
-17809
3340
-26343
-267
17539
18626
-20286
-3079
-32390
16202
-10603
-11416
14648
24297
20622
-5983
-18410
-10039
-7178
15964
-1
6169
12398
-4239
27257
16471
-8238
-11992
20426
10221
4784
10923
-9396
-30975
11886
-11238
-24099
26635
18163
-2468
-7535
28412
3316
-6926
16480
-26450
-9340
-5816
-14885
23419
-28963
30732
14855
-13375
22688
9497
-8868
-20496
-27899
-25650
-6996
18629
11088
11457
5425
1745
-23641
29810
-11990
20164
20239
-19267
25721
8080
-14587
16514
-21085
-27606
-12118
-4870
8633
-30596
-16330
4391
-16981
-19577
-6382
-20515
5806
32679
-587
-23255
-32025
-9965
18237
-3245
31472
3262
-10605
-8660
-20658
15455
-24927
-26158
-25896
5654
25775
749
-26691
-28147
-638
17853
29483
7229
-21005
23353
20963
7732
8405
-10596
5156
-28835
16337
27751
-19862
-30331
-2237
-25883
-26845
-15544
20065
5079
25438
19075
-25517
-16224
-22085
-18039
-14542
-2967
8032
32479
15839
21049
28368
1832
6878
-8572
-7320
-25558
-14732
22307
28906
20194
20545
16461
-3785
-19139
-9587
-4989
-29858
-14374
-13091
-9405
-22211
-10168
17639
24003
14546
-21023
-27128
22007
4980
-13447
-22694
21433
14674
-5115
-6894
-7400
5355
-5342
-27539
15535
28131
-6503
-16292
3685
-31848
-6606
15346
-20173
19096
21317
20080
-15738
-24921
-19459
-1583
-29545
30983
14150
-24803
15015
-11872
23156
-25389
-171
-13502
-32413
-27794
-22606
9941
29852
7264
-5252
12625
-7524
-6070
-19930
-17083
17625
11637
3258
-26581
4747
12963
30562
-32034
-12519
-20580
4949
-32100
-28432
-17852
8533
-28577
3642
-11544
-7631
13562
-4147
22075
-2482
-24826
13238
-11634
20127
-25500
-25059
4871
-11103
-25672
28203
-5306
6007
-15297
3437
8787
-4965
18395
-18773
-13126
21328
24693
22930
-29077
-30841
26592
24561
19765
-11631
27377
-3760
15054
-3347
18601
17440
13580
18131
10673
27599
10452
-20249
2620
29336
3119
4071
-15723
13366
19805
-1394
5275
-9252
7052
-25057
-15828
13854
-26078
11850
-3898
-11033
-18921
29249
-21078
-3137
755
31397
-25422
-25471
-23319
15490
-2314
20645
26530
20543
-4517
6624
-8123
-17598
19540
-1866
5798
-23950
-2041
32683
23248
-19183
-15459
-32396
30129
-5494
-2324
25607
23433
21879
-16992
-15282
25571
-8166
2739
25738
2346
19419
-16185
-25444
-14080
30916
3067
-20662
10836
-22686
-13444
-8398
23931
2290
3827
23383
-23994
-6971
28211
2570
-30615
-22991
-20901
-2365
1914
-17700
-9084
-17182
-1318
-13871
14984
13228
-228
-23107
2453
-29132
-14950
20765
26990
-6122
-18609
16697
-32241
5734
-15456
15362
23889
-18427
-23552
17945
-4164
-26076
11357
10608
-1706
-21538
-17326
-20823
-1749
1643
-21822
6040
-4746
726
14787
-7628
-21111
-3625
-1778
-6518
-29759
-32526
28349
-1883
8985
18083
10033
-16463
2400
-16124
-4864
-16821
1865
-3364
24220
-6097
-1155
-7658
31628
29643
28085
-26896
-24953
29229
28724
14163
-17509
25824
86
-4790
-7532
-26652
27314
-6844
-24953
2241
-21702
-27179
13269
-25996
22850
21534
-14053
20963
-29142
-12480
11405
17754
31899
17980
-13347
8816
-17210
-682
-2251
-20102
94
-1539
-20023
-2328
-21347
-9129
-2907
30501
32728
5007
-7194
20087
-22405
10966
-10426
-24243
-30065
13655
2898
5992
12680
1298
-1272
-3987
-21806
4132
-698
-2224
3519
21228
-2875
7185
18206
18676
-11525
-19553
1377
31378
-1558
-17347
-1163
27281
-5284
-30533
-32760
-4700
233
-23393
-31929
3895
-2230
-26356
-28571
14637
-10096
-12564
-390
-14716
-12599
14862
31641
10392
9311
-11434
-1333
-2825
-6298
-21135
-26291
1340
-29646
21815
1018
-26750
3040
-16704
-3110
26151
-13081
6660
7269
-10556
5306
-17685
17219
23512
6433
-25866
-14409
-16157
-21372
-15509
28276
-7735
5119
19972
-11903
7511
12481
-11836
-18406
-15903
29360
8466
889
-31144
5149
-12328
-28500
-22822
25150
-26708
19701
-18147
-21991
20879
-14953
30961
27685
-31897
25148
-17005
27591
24500
22489
1527
28508
-21814
17463
29909
-28972
-18879
-31358
15877
-12632
13723
-17307
-25848
6114
9596
-5350
15714
30785
24164
-14714
10130
3243
22098
-23959
3017
-576
-3119
-1421
-20554
-21296
10972
-9774
24639
27926
-27698
-9343
-1596
-17008
18033
521
3191
-15933
-17656
-15943
9134
11563
13678
28368
29331
-2214
27669
-18085
28273
2250
-6806
-3901
-15027
-28744
-10110
15105
-7045
-23874
-28005
18446
-21739
-4799
-231
2074
24553
-23002
386
-26712
14433
-17035
-28537
-24729
20021
9036
-5589
-13813
9827
-92
30114
914
24017
-26912
-11715
-8460
28597
28772
2176
-31367
-4949
-7885
18536
19998
29399
907
-7281
32092
32622
-20275
-30461
-18151
21277
8610
-5811
-5563
15384
26536
22998
-10605
4256
17513
31213
24079
13403
-30044
23915
-27688
19430
28887
6681
5516
27291
-10036
23128
-28191
2757
-1234
-1901
10546
3849
5259
-17225
-13432
2437
-10065
-4077
12745
-9503
-20233
30572
-28342
-21405
-18254
6796
23711
-16897
31351
10545
-14313
16640
21508
-24754
-29779
5132
3936
-11731
-31393
12162
2019
28137
16366
-10886
18565
-14709
-22072
18370
18917
20744
-19027
28976
6404
-19468
-23996
-31409
-10639
-14893
30318
-3681
27112
-28775
-3016
-1867
-1589
29550
-29127
-26458
31737
-8134
-14776
25072
27368
-27049
22640
-26357
14180
-28921
-29761
29022
-22216
-7279
25026
13171
-17093
4189
-13687
18897
-31435
8507
-4864
-24585
-383
6146
-18660
-22998
22955
-21873
7921
27203
-24729
32416
9201
16560
-4592
-16827
30109
-31230
-15542
-3931
1772
-22992
11457
-6991
13813
-2868
-13289
-18953
-19526
17634
24940
24161
6641
-1677
2771
26357
-29392
-14987
14432
29722
-22577
-28718
14391
11305
-26412
-24729
32601
30273
-5990
20013
-18387
11713
-22701
-236
-24783
-23812
27965
30961
-13295
-9483
-31287
-14426
-24216
9673
23799
-22391
22843
22855
-26977
-13752
-32283
23515
16230
-2911
2712
468
4076
-10904
-31302
-8270
-11370
-2579
-11011
15186
-9056
16996
20729
-27071
27137
-11183
-13561
18902
-21763
-29283
-22689
11095
-32035
30571
-538
23206
-25356
-869
-12630
9514
-19306
24940
-1488
14922
17962
32151
-30353
-22500
-26934
-23718
19305
-25681
10011
-23260
-5483
-5213
17668
22794
25268
-4242
18237
-8560
8773
-20613
13181
13266
-17279
15833
8243
-10830
-21443
-6456
32683
5658
14163
-29466
14840
5818
-3801
30692
-6449
-13107
-29782
22284
31022
-4150
-24188
-25185
-26555
23496
-27156
30319
25217
-29499
-13798
-2197
-9746
-4386
-22173
25938
17124
-16715
-656
-29977
5762
-32705
-1707
-20659
-30989
18957
24685
-16843
-31584
6621
-19701
14133
-22560
3127
11125
-21699
17052
7141
32317
14140
17022
-17400
-29705
-19459
11090
-24698
-16443
-23752
16417
6419
31539
31156
27604
7871
-15664
4720
-13935
4408
10501
14589
22841
-24677
31735
471
5378
11483
3313
23156
23374
14328
32698
-718
28600
-3794
-13405
-14383
7366
3902
-19791
6065
-32003
-23433
-20579
-32629
22480
-25271
-9049
-636
17285
-9794
12680
26084
12947
9777
10433
-14110
-20032
-30803
3689
28327
-11935
-5931
-28249
12698
-5652
-11522
-5773
-2390
-12183
26055
-22323
9089
3590
-3667
15309
4034
980
-20902
-29582
-20038
5939
-25668
