-10363
-2496
-23347
725
-21262
9801
-23846
28295
8797
22668
10708
10116
32610
-20425
-25659
9184
-26608
11753
-21062
29508
-32464
-27482
-32272
15317
2955
-27192
-21308
-30753
11564
-14499
-15487
-11852
-24053
17210
16136
20295
11016
-27528
3825
31050
26422
-24515
27166
6803
-17688
-1223
-4678
-22901
20873
4799
-14705
1166
-25130
4605
20716
1087
-27176
2901
32288
-11254
-31486
-31489
-27368
-2381
4293
4775
-15029
-17975
-7761
14118
-12453
-1107
-5467
29180
18123
8903
-11036
-15597
-2996
-17239
12393
-18597
10562
11098
30462
-2785
-2698
18236
26023
2256
17362
-27803
14076
-11248
14548
-16781
27454
17778
-539
18211
19653
-9355
29505
-28157
-2685
30989
-39
17431
3593
-15766
-5701
7557
-25513
-18536
-30778
-9642
-6049
1420
14445
17903
-13009
27843
11247
-31736
-25372
11470
7050
-28575
-21704
14056
24872
25023
9392
27033
-19658
29876
13458
-11685
-2437
17198
-30638
24313
16157
-13926
-15883
4003
24020
26376
32213
14916
-31542
827
-1173
6332
18578
-17485
5717
-27712
-31880
29762
-17927
14959
31653
-31756
20882
1863
-8226
-7758
-335
22910
-4302
8690
-1350
-21434
-61
23820
-8515
24923
-853
-1948
-24312
20976
-16203
21786
26601
-29926
-26612
-25775
30514
-25842
8152
27540
20675
-25021
-30647
24886
1430
7348
-32072
4643
28651
-792
-3337
-31782
2234
25836
21443
23698
-206
27163
9800
23235
-20102
31944
-7362
-14083
17153
17926
30466
30069
32149
25740
18539
30794
28745
-25696
-12050
12521
27845
-3215
-29271
15316
-26454
6716
28847
24616
29430
4207
21156
13885
-6504
-2070
-29259
26198
23580
5542
22138
-21509
-691
-25439
12760
-28965
13918
-7015
16323
-8856
1595
-17999
-32540
17442
-22998
-18656
-29230
-4569
-32140
-1818
9612
27453
6940
-1487
859
20819
29012
-24846
27664
28071
32208
-31233
19468
26333
-28192
11135
-15492
30048
-30315
-4442
-24109
-4466
31737
15980
11177
12715
14816
-19069
-4937
-15575
7761
7574
-23397
-5749
-23804
-32105
20709
-1757
23201
10601
-18575
12755
-6271
-17391
-5727
659
4070
-25100
3768
21184
-32762
-9889
3342
-29438
-19480
-11824
17547
25994
-28430
4623
-8765
30307
12251
23807
-16429
-28456
16657
15528
-8700
25440
-21361
-9533
-2833
17076
-18922
3464
22334
6222
-27817
-19311
-7347
-7630
-7191
-23515
12976
-20339
14217
29336
1563
31283
-15654
2062
-17244
18178
-15577
-21288
-21204
-16383
29450
-6693
-14516
-15379
-20417
-2897
27254
17553
-25002
-21085
5724
-16400
-17312
13442
9706
-16861
-11574
1782
6546
3737
-12492
11956
23193
-9216
23475
18511
18186
-2171
-32
-9850
-20036
21312
4185
2891
16746
-894
10128
27415
26310
-23272
17819
-31399
-19576
8270
-8821
-2720
-8144
-1141
-18964
27965
12955
-3693
-30419
-30447
25365
-19925
2528
12970
-16963
24599
20346
22684
29031
-17060
-1168
-6504
30795
32113
-19655
628
-15197
2409
-3343
-30667
1264
-30686
-5887
20746
-24906
-31970
-1553
-9297
15100
-117
5514
-19551
28113
-14548
28337
16567
-5983
24034
14398
12571
-15628
-29450
24686
-1168
26161
-14579
-23794
18081
-15224
-19740
11902
17806
-20268
15863
5529
20181
-13824
15163
-20233
-14023
-12800
28956
-6605
-2180
6725
18579
2077
-27174
5766
21283
-26376
-15805
7571
-24185
19474
-12937
-20764
5824
-25949
-17182
-19768
24912
4166
-22451
15832
29103
-18901
-3279
24303
32409
21925
32056
9282
-9572
-19456
9895
-17957
-31832
-23171
-23015
-18494
12443
17392
27957
27813
10950
-16993
-11171
24538
18023
23959
32526
-1728
-9935
3368
4935
14866
-7233
24638
20114
-28020
24333
-13560
20040
17926
32544
-6228
16807
17483
-20355
25764
-2764
-16282
-32374
-8958
29429
5123
-30002
24641
-3370
-17095
1080
-9540
-15769
8109
-4109
-25093
-24112
-25426
5074
26175
-14166
13329
10488
-22040
-31385
2675
31508
-8784
7219
19416
3490
-26222
26495
-20080
-23075
13602
-27464
27744
21482
6760
-14687
-1691
24719
-19517
14183
18237
16852
2652
-28164
24615
-24660
-19497
31392
-23261
22112
1718
-5931
1288
-17477
24102
-28441
28931
-17009
-5948
-5943
3065
-25899
-15255
26353
17938
-8244
-30083
-12576
25614
8049
21582
15690
23909
-27130
471
15322
-32428
13599
-1567
-28748
-15887
9415
4689
10596
-5658
-31683
20022
14095
31603
-28666
16089
-31313
17086
32370
-26726
-21044
-6605
2456
-18461
16378
26152
-12641
1267
11236
14018
19668
30460
-25454
-8645
4000
-14863
-24305
7059
-7824
8622
30427
-30315
-10880
456
23195
22381
-27951
25668
-22276
-7999
349
25277
-25866
-9451
-27908
15657
11998
15069
19872
7906
-21749
11355
20987
-17617
31631
-26353
12912
-9508
3147
-3397
3669
-26133
22415
12036
5524
3673
-8048
23216
28642
19376
13456
27175
-17531
-8279
24762
-16112
30023
12310
16766
9586
31712
23353
31874
-32505
-26838
-23894
6939
-16667
-19775
4550
-23783
-30786
13447
9969
-15804
-31375
-3727
9881
2898
-24879
-11286
4450
-22486
-897
-26296
-28696
14720
-25603
-6586
8419
-14416
-14305
-30282
-11542
-26025
-2242
-28091
13145
24714
22441
2812
-16638
6015
18530
-25502
31965
-21878
7291
-30966
14017
17712
-18348
2307
14722
2216
8265
-29044
27835
-2567
826
-29057
-4388
6429
28915
5702
-9856
-32514
-10549
18313
-12201
6474
-23136
5052
379
-389
28227
-28271
15356
31367
-6644
-29948
31416
-15286
25516
21303
26846
16833
-9516
-8111
14361
10535
30310
-7985
13284
-29602
-20127
14865
-26296
-6537
-19870
23359
-12565
18441
-27217
-11859
-26442
-16179
843
-19353
-9875
-15570
1749
1810
30776
-30103
3747
15938
20014
3471
22006
11260
-3405
12420
-14200
-28306
19945
-18016
-3032
31204
-5489
1124
2211
-31573
8826
-3266
16832
-21003
-15415
-28704
30911
32760
2632
-3652
25030
-14645
-24602
-17832
10194
-15291
29086
-26856
26733
19608
-12552
-30910
8365
-2765
-22409
-5343
5587
22394
-2662
4518
-26595
18417
-8209
-14700
-19022
21832
-169
31263
3035
10810
-31586
31257
2494
4407
23990
29498
-20637
102
13339
-17293
-25632
17042
10840
-32360
10273
5440
9941
14805
3339
9656
-12458
29666
-2192
15470
9498
14033
-29486
13194
-18428
21192
-21563
12938
12196
17547
6971
-17471
17550
-14574
-1443
-2879
-19016
16831
2454
29945
-11286
24465
-30772
3985
-913
-20744
-5276
-12120
-29261
2754
17572
-94
23513
-32590
-6356
20650
-22258
10778
-21606
-6097
13829
21200
-6613
28008
-23422
18772
10543
-29941
-15643
-21837
-24222
22465
-15229
-22358
6528
16359
-32093
-23758
-24807
-31775
-13431
-2043
-11651
-4473
-24335
-16787
29939
-22574
-95
25721
10254
-3819
-26785
-12045
-15482
-18858
-17217
11779
6159
-19295
8461
20169
-3485
8389
-2988
-15110
27156
-1693
5289
-12350
-10814
-690
-30432
-25903
-17902
-13253
22223
15707
8094
-4887
-25375
-18458
30334
-21622
8263
-18520
-9407
-14616
-16503
16746
-7056
-29565
27891
26224
-10327
-11223
-4267
-3242
-30700
21260
22458
-27163
-30062
-9011
-3790
2677
31535
21443
817
31160
-19527
-24202
21030
25679
-11610
11000
25549
30285
877
19099
-4152
8304
27515
15215
-20119
28813
2962
8783
-26884
5688
-9586
32338
13747
31888
-19672
14519
-24059
21825
6833
13629
11930
-27782
-18937
7359
-14531
-24509
27303
-21629
-16000
6183
13117
-12343
17965
-1493
12254
-14143
20684
-5980
-8660
-16093
29566
-26298
-31648
-16631
-7515
-612
-21704
-22045
-20545
4725
27968
-7957
16639
28273
4001
18991
8565
22936
-15980
2506
18888
14920
-16693
-24384
20052
19791
8961
-18719
12021
-11220
17475
4948
-23728
-30045
15730
-31182
28598
-25051
-14518
-12315
12313
-29186
-8192
3108
25983
-12924
-29105
-14482
30723
-18688
19748
28722
-15264
28469
-1098
-4375
-22151
2363
30582
-28789
-4570
-20069
-5016
-19809
29799
32646
19920
18280
-30145
-29628
13857
7017
-7989
14291
23824
-10204
-6857
-32488
24917
-837
29205
26726
-27855
10380
-32304
-32349
31822
23068
17969
17411
19921
17201
14939
27808
-9962
27963
19010
20497
-24202
-4292
31611
11704
-32281
8522
-18228
-1157
-24360
6017
-11773
20784
24667
-490
12125
7842
14598
-16193
-21588
7896
29241
-23755
-21415
-32578
8293
3518
16660
20903
-8994
-23959
-9424
-31634
6251
-22768
26034
-5745
15652
30126
-1294
-17229
-14965
19667
-15151
4331
25989
-16280
-27108
30346
8055
-24113
10086
19104
582
17919
27624
-23403
11502
-15505
-2393
-23887
-2502
16683
8550
-9784
-27613
1250
2977
16773
-20968
10056
-7105
31467
-17957
-10178
10117
-21490
11192
-3572
9781
-29790
-25995
-422
-6328
22040
17195
21363
-4228
-30583
-24095
23297
-29195
4962
-29567
-4448
25832
19713
-15028
-32667
248
-21712
32632
-209
29582
6528
1785
16735
-30207
29040
-24715
-1581
-7190
-1508
-11089
-5601
19566
20425
1823
-21559
20160
-15940
29917
3157
20877
29751
14914
624
-21931
-21031
-23330
2511
27015
23480
16918
18411
-18473
-26183
-18311
17661
7611
8326
17161
-25072
-8207
13887
13091
-279
-32378
11022
-29876
-15947
-1020
24123
-20536
29634
-23544
-23454
-11033
-2839
11793
-32003
-16126
-786
22509
-21975
-29065
14011
-9603
31606
24698
15034
-28002
20276
30544
-1230
27402
12369
-32107
19994
-7191
-21259
3048
-19538
32257
-7629
-6630
-25705
3972
25775
-29318
-27725
4842
-18103
18436
20539
12613
7140
11742
12043
-16847
-14858
-30103
-13421
8416
18981
22102
18639
-26857
5565
-26165
-24976
21897
5047
-5793
-8602
-16743
12667
-27042
-551
21561
-314
14886
6015
-2181
-12152
24531
19800
15751
-7675
21665
23838
6713
-12638
4648
22117
28813
9700
-19667
2129
22212
-5487
17882
-8938
32464
22863
26007
7680
-24867
8018
23845
-24967
9710
20811
22090
-8626
801
-22352
-17148
-22755
4179
745
-24383
15095
-15652
31727
-18395
-19330
-14499
20072
-8284
-17222
-23585
12931
521
-31085
14710
-14437
15628
-29511
-29778
14778
976
16296
18882
-24316
-7826
-15506
28358
-21770
-20598
-20949
-10822
21899
21195
5568
-18988
4464
13645
18348
15114
1376
-29171
4829
10316
5789
7937
-27374
26064
3294
-26588
25384
-17968
8617
-22868
5054
-9237
-21759
-6825
-18460
-9777
-1109
-7
-31290
-28569
-31198
30429
8873
2646
-10196
23402
-32079
23963
-2374
-28887
-19024
-15386
3184
16960
-26212
25557
18596
31859
-7611
790
-11625
18228
-2280
-30646
20447
14550
4782
-29835
-24935
-13679
15351
22179
-2486
8985
28317
-21942
-1332
4458
25346
-8454
30831
25732
6248
14048
-32347
22415
3833
1052
-1261
-8236
20183
-14254
-2590
-5881
-25850
28216
14823
-8146
-30291
30710
-21575
-30645
-16194
-16776
19775
7259
-5039
25384
1951
-22806
29263
18430
6738
11938
9276
31207
6726
-16775
18118
-25679
21065
11127
-6619
32593
-4663
-20848
11666
31878
9550
-12703
-12042
20776
11411
4064
-12821
3404
-3662
-24857
21919
-8880
-26195
6635
5096
13316
-18347
4429
-330
5990
20053
-26522
22338
25364
-19631
5370
16390
-7031
28596
-22729
-28713
-14543
-14603
-26666
20083
28080
8310
29526
28878
12020
24209
-14356
-32047
24139
-31718
-29228
-4174
31870
-8719
14935
-8784
-31253
-15902
6400
3587
-26709
26341
-18743
-25806
20345
20147
2775
-193
2607
-8017
21355
28092
26106
24637
8149
20082
-23810
19795
-14693
-20611
-23143
-15059
1901
25376
8609
27801
8204
-3686
11822
5439
24041
31582
10055
-8771
-20320
-1129
14549
26435
15367
-31620
-29597
-21114
5734
30860
13157
-31149
-5887
6493
6747
13017
23657
7443
31185
26102
8469
-18502
31150
24706
-22134
20818
3998
-9993
27815
-27380
24308
-10059
9238
-13282
-9602
-19232
-5218
1326
-9774
-30829
28392
28339
-26975
15854
20054
-17037
11746
26579
-27878
-21504
14435
-9884
14216
20806
-27330
-31756
19058
-6193
-15975
-3954
16102
13553
16621
-17046
13557
-6269
17239
18684
27873
-22327
1571
21082
31054
-20900
22097
-3904
16281
-3033
26039
15950
27384
-7460
5156
-7987
-29635
14216
12539
-15238
-1780
-144
-24198
-12525
26409
-30240
29371
-12813
-22326
26942
-8772
19106
5251
-32452
32577
28952
12942
5359
30349
-32355
-31862
-5765
20932
24193
-4718
-14641
-7147
6136
29967
-15651
9123
-4651
32063
-28025
7764
15139
-29542
23224
-5754
21930
-11817
-25401
11675
21719
-27419
-3225
-15190
-18890
19897
-29596
14093
-27458
-154
13457
10229
-22189
-8126
17632
-28443
-13192
-1638
10196
-21059
7989
-20569
-3386
-17332
-26495
12170
-28185
5879
-1966
-27675
-15675
-32137
-16652
-24635
-19442
-14092
-26726
-18946
-22882
-14323
-20727
-27725
28826
20049
-9484
32507
10704
-17471
12299
21704
19739
31347
-26132
7078
9439
17466
-28058
-15188
-14846
-5540
18458
-28641
-25102
12360
-3663
30108
-14139
7702
19589
-26105
32732
31880
-20163
-26383
-22464
-27004
-20436
-22878
-7959
-16629
-1765
-98
8345
14764
-26841
-781
-28327
7494
10433
-28634
10112
19722
1657
21736
2582
-16955
-8789
14042
15545
17253
-2109
-19377
114
-378
-24508
-25587
16551
28783
2003
-2468
-9948
-15863
-11840
-1674
-4208
-10662
31726
-30509
6588
25707
20928
16717
20540
-29396
17243
29611
9011
5877
-29878
7483
-26531
16322
-25102
5672
-30167
20552
14295
13531
7235
1430
-20987
-11492
32673
-16201
46
9573
-15334
-22280
-2438
11097
-14268
3079
25193
15302
-32267
-29498
-25696
-21826
29243
-23174
-27228
10297
17153
-10124
-27935
-6991
32008
17677
-7063
27786
16370
21005
-18270
653
9379
-4384
-1108
25896
364
-28028
-11659
-26288
-27658
-10968
10994
-6158
9349
10337
5286
-23611
-15522
-16583
-12458
-13420
14625
-22275
-10600
-1134
16122
11418
-3853
2372
9354
-14077
-10695
13038
-28011
-2610
-14455
-27624
-3851
30267
-21650
3082
6052
18108
32315
-13651
31018
16316
6078
-10534
-12432
-23321
-15754
-13958
6764
-10982
-12233
-12193
31576
-4375
15861
-29865
-14692
-31923
4794
32688
14911
-11542
15040
-22868
21714
-5002
1127
705
3846
25652
-17631
-29641
19076
-19323
-3618
12144
-7855
-79
-28237
-30207
32626
-29408
-14965
-31342
-27165
-10156
621
28837
-17310
-30782
31770
-4213
22162
-23309
-17558
-15651
-27154
9759
-17594
-5761
19476
13524
16698
14079
-9822
17907
-10362
12475
10525
5625
23222
31794
14912
-32271
-32090
7346
-6293
8591
-32761
15210
25600
-13439
-20789
4438
10929
12276
-19746
-28580
12274
-24566
3718
18687
29923
26945
17958
-11533
-6062
-22031
-10678
-13059
-2088
20773
8183
23284
-26236
23262
25085
3213
21498
-19593
-13298
12280
18443
-27156
31795
13655
647
25906
19382
-32153
27360
21908
10033
-10584
-32547
-24046
29119
-20899
13174
20486
25679
6646
5467
-28103
23374
16743
10656
-1066
17525
-18973
-29372
-27610
7647
433
3822
-9636
3478
-1515
12155
11798
-5618
-16379
-9168
-2522
4589
-562
-18917
5530
10466
-20742
16364
-21574
11075
15982
26817
-29466
27022
-29666
-25679
-30205
25295
22077
10041
25172
23590
25315
-3294
-21235
24394
-13520
-30562
-19765
-21983
-18212
28012
-10511
21014
-6658
11775
-30099
20342
7550
21464
3956
18887
29545
-24499
32130
-10027
-24643
3508
-22986
13276
-16463
-24051
4952
5175
-5293
20414
-5012
22578
5854
-31910
3163
-18131
-16092
-18713
-8565
-8302
-7077
11167
22212
15843
-26277
-24488
-23373
-13432
-2813
-13575
-30103
31654
-27967
10637
28104
1361
-29259
-32304
8808
21363
-27891
2682
-12480
2493
-17809
264
22124
-763
-7159
-20096
-8197
-28484
-23194
-1095
-16563
4805
-13352
-29539
27018
11290
25363
-20668
-30331
1065
29632
-20714
14368
-21119
-14016
-6308
-2079
-22295
25060
-1536
-12577
12651
16157
-6619
12310
-10050
22122
-10725
23734
15422
13504
15155
-12804
7572
-12221
-814
-27052
-23561
8420
13048
-3753
-20150
-26170
-20542
341
-16835
19722
30610
21648
-12215
-7138
-17999
15573
19807
-13345
-23990
-17787
24348
20469
-19738
380
-19697
-28130
-14603
-2935
-11681
12098
28364
32600
-21051
-20353
-5538
10635
-15100
-24066
-9208
-131
31347
5451
25196
12623
31647
8439
9508
26725
32014
-21583
-7016
-4988
15651
5146
4179
7202
6130
-21400
-30206
-16452
26321
-12877
-22971
13433
-7969
7382
20304
29573
-3969
-32646
-755
-7542
-8210
-31050
-13564
-16325
30824
-30581
11094
19043
-19528
-12254
12686
-7509
-18463
-29256
-17916
28803
19290
3043
-28626
15691
22727
1462
21386
-21158
22210
-12752
-28170
31112
-17956
-4998
-26969
-15361
16918
-29565
-17817
24709
-8024
15970
-24927
17496
25866
3714
12771
24892
22796
-21899
-22635
5224
16264
21615
10069
-6798
3948
12127
29927
-3291
-25826
21116
-11372
26039
21451
1626
19617
-2402
1237
-6853
-22917
876
-18119
23699
23484
15718
-28637
16171
-32137
19794
21466
-17660
-307
-28297
-8026
1135
32412
-1017
12870
31098
16758
-10636
-12606
17908
20665
26836
-32187
-1711
-26563
6495
10860
2695
9870
23398
25131
-2624
-21165
22905
-17454
3350
-16994
-11157
-11212
10076
-11441
5463
19750
8638
8140
25308
19834
-22073
-10050
-18230
-30723
30405
-7190
-10711
-4589
30020
5387
-17249
-8622
9075
27609
28284
-23005
19891
1390
-6020
19496
19257
-19791
-12798
-8799
-27781
-8507
24843
12298
-26768
9399
4072
4491
-28094
-9827
19976
2105
-4705
9599
-22860
27798
28577
-5432
11473
-12455
24362
7510
31566
-25988
-7955
-20623
6506
14524
-15292
25464
-2803
-14821
-24496
-28545
2416
-19875
-11190
11980
18661
23115
-28850
13356
14158
-9950
17507
11856
-30445
29295
-24850
-27525
4012
-22066
-22670
-1189
-8889
-7298
-11291
6840
19842
-18512
7994
18764
-22058
4340
-19722
13617
-14962
4700
5616
-12457
-21155
2423
28662
-19488
7553
-12113
-2132
3836
28046
7606
-10256
16593
17536
18204
21557
-27587
-19438
5097
27945
-9281
21481
8332
3883
-15468
7766
-29111
9005
22231
-28539
-7518
11497
-23565
-15445
-19693
473
-12636
-24031
7243
21480
-14748
-20493
10880
-20898
-6276
10422
4755
-2964
10289
17670
30130
-6142
18550
32456
-11101
-16998
7620
4501
26398
-17913
1133
-7226
8631
30479
-32163
26122
14623
-628
18506
24963
-22326
-962
17929
15944
17073
17654
-28030
-24981
23150
-5137
20495
-13553
17315
18326
-11087
18207
-32141
-5208
24865
16091
-4516
30790
26817
-4909
14717
15296
-6802
-28803
-28278
21575
28070
-12580
-4206
-16173
-2155
28704
-12144
23784
-1250
-10593
7736
26717
15596
10745
-2811
-3742
-22406
-31713
15685
30671
-2045
3702
-6608
12239
-4790
-28957
31934
-28735
30658
-1677
-25667
-14790
-7200
25291
-25799
-7810
566
8691
21394
-23401
1922
-21897
-8172
-32021
-8194
12217
-31470
8774
-29305
-3326
32479
12724
-27612
14128
19093
7767
-10213
-3175
-24807
22273
-19762
-26984
-9010
-20948
-17716
24144
2140
-18083
432
-18201
-18146
3161
30261
-1889
-8091
19131
-27954
18508
31529
22804
18833
-18039
26039
11220
12302
-7598
-25633
16515
-4166
-28579
-28030
3929
12778
27384
1805
-20323
20375
-22085
-22129
23641
-30812
7991
-9644
28121
31080
-1785
26983
32512
-2528
14154
6940
-28743
-27940
-28146
-5492
-27297
14375
-26923
13833
661
-17942
-16381
21914
-26177
-3116
-28333
27349
20290
3171
5326
11528
-11864
19016
-27690
-23419
14731
-14086
-17780
23762
18640
16775
24030
2432
9094
-21451
-22035
-17200
-1191
-2516
15553
-872
21488
-30772
2949
-13784
359
24606
-19156
-25753
2328
-7943
-12120
11746
5642
-20718
-20444
5560
-18504
-19572
-7216
-10901
25310
-21956
24425
25867
4282
20062
-16212
-15219
-9534
-4573
-18257
23346
-28802
-20897
-14231
-17425
28452
-22746
-9316
-13575
1590
5657
-23384
10579
31435
-20934
19222
-12502
30651
32088
-13906
-4522
-30861
9728
-16099
20743
17780
11604
-28282
-9837
-28967
24728
10301
-28266
-14274
13258
-31349
5033
-25309
-9503
32656
-1507
22006
25764
30596
2974
-13893
-31150
15357
2958
10969
8486
15344
-28653
22138
-25134
-22801
32694
-16044
19456
32461
-12742
-15944
4265
1792
-21085
-8975
-9056
-25569
16545
6056
-14625
-23781
-30134
-5384
-20424
7193
31986
9406
-21714
12495
30740
3524
22136
2555
-19842
-12674
24045
-57
29512
-22308
31762
25215
-17717
-19292
-2175
-19621
-23837
32084
15988
9367
34
22531
24287
-31259
8032
30016
-3821
20240
24351
22740
-27569
32216
22728
22698
29600
21850
-32385
-12239
-28305
6999
-1016
16797
13775
-13915
-31168
1389
-4928
-13963
11463
-29825
-17458
-2366
-17124
30790
-15020
-14846
-12963
-24905
14820
25467
-7984
23759
-9071
29463
-8064
23635
-28279
-3582
-244
10015
21467
-10700
-10806
-14111
-24823
-6153
-16428
22465
-25670
-31424
-2192
5097
25971
-19001
-20482
23796
-22759
5748
-27883
-29928
20397
31531
13923
21152
-18098
19273
-27182
-930
4261
9706
6751
-3876
-13482
15660
4278
18876
19226
-30132
-20710
-13225
-1441
-21652
-13654
14759
9706
-30989
10338
3366
21031
-1220
7662
-13318
21749
20677
-7226
-29425
-20041
12572
9291
-2366
-19650
-8566
9296
26023
-7785
2301
18384
23168
-7924
-17811
-9332
1254
-16847
9660
-17933
21020
8540
-25731
-19370
304
13857
9216
-14753
27379
869
-24811
-25197
-18826
13755
17116
-22155
4437
119
-24686
17129
18062
-2892
-9366
17567
-32767
-30724
4437
16382
31921
19727
-13637
25058
29697
-10460
-24112
-20766
-2629
-15146
6486
15946
-22144
-15981
25235
21196
415
12794
-18259
15869
6237
23270
29869
-10962
-15282
21587
-20594
-500
1186
-14588
-28968
26943
-20457
32107
10961
-19273
29753
-7806
-9958
-9577
8329
3441
28941
28031
-19104
25668
19832
6596
18648
14711
17117
-12997
-17525
14229
-2188
6090
-24700
-5698
-4757
-469
-6483
24150
-29834
-26853
-3664
-3190
29138
12307
-12784
29807
-12351
30396
-5635
-5247
17656
-19144
29603
20230
10091
-8942
11342
-11789
-15198
11880
15566
19081
19850
24203
-7895
-1008
30357
-13888
20065
29413
-11024
-9795
-267
-6393
3996
3693
14972
-31491
3177
-19032
-23323
-20560
-25992
19809
15671
26630
10098
27561
-25766
22843
14700
6166
28946
7717
-17730
-14310
5306
19644
-28515
17655
29538
31394
-4720
-32234
-5941
16858
-14437
20866
17498
-7978
-1523
-31369
-11260
31964
-9624
11874
-4698
-26661
-12642
2263
-32728
14808
31296
31357
-16422
-14143
-16370
-32217
12677
-10990
-12766
23009
18541
-9699
-709
26792
11120
-24616
-28334
5386
1789
24789
-25111
-814
19922
7815
218
32691
21481
-19168
-24544
5674
26621
16483
-13346
-12057
30175
23636
-28129
1181
-20589
-1184
-12821
-32760
-22130
1085
24575
-21885
-4615
5779
-27845
-4782
-10594
-23346
-13564
3660
-15421
-2606
8032
19260
15912
-12667
31961
-25709
-8115
-10922
19809
-28251
-15720
-17206
-20411
-19790
18373
21976
27652
6686
-13844
27264
22278
-18315
841
9589
-24006
26110
-15881
-28680
-4323
-22481
29196
863
25349
-18358
-10865
20887
-15790
16536
-11133
2730
-11202
22209
-27811
-24082
19001
-7298
-28161
216
-15477
-13006
-28144
4063
-2210
-30294
31013
4995
13893
-23062
12574
-11861
-26512
12732
8276
-19320
13980
-11081
21415
-29902
-23880
53
-1439
28547
12927
29372
16133
31963
-29530
-24582
-23218
-9657
-14716
-32628
-3691
32478
23064
13409
-13979
6420
-8459
30347
295
24124
19295
-23501
-24642
-22245
15057
-16125
25095
24185
13911
-25616
28923
-23917
93
-5939
23194
26394
25512
25965
14442
-13364
-8508
-20313
10179
-16117
1069
23917
29737
-14234
21134
25996
4463
-24600
-31921
-19479
13018
-7615
-1326
31963
-4648
-9637
1767
-28599
8010
27006
-24292
-20803
23644
3798
-30017
-17932
-7384
8283
13513
-1556
3611
-27036
29107
-1739
-29696
6001
21754
-22972
31572
9818
17196
25721
-23444
-20036
-121
12250
24396
-24909
-9037
14116
13957
-12697
-11795
-18594
-7294
-25199
-32098
10662
21588
4468
-12319
-19279
-10609
17291
30174
13583
29473
-24277
-27475
25698
-30064
9098
22565
11383
-2731
15553
12131
-7202
-2169
28095
-12921
7556
-1305
-24655
-7971
14815
-590
-21870
16346
-8980
25330
6872
7217
-7351
29327
17508
6257
8810
5194
-2491
-14862
11912
17981
-32324
31782
25533
-18735
17979
21627
21396
2453
14895
-30251
28419
-24129
8022
28848
16501
16888
27191
-3720
-32579
526
2959
4899
28523
-12143
17849
-5918
429
-25409
4140
7610
-29615
29964
-10871
29231
30758
-16681
-18209
23742
26855
17854
-26837
-1383
-11162
15179
14340
28680
7388
3696
27895
23556
-970
-24267
-23961
10395
22632
17180
20405
3127
22169
10075
-29413
17383
-7860
16897
17866
-8737
-12349
20496
7119
-17549
-4109
-13535
9227
29248
22148
-30707
-1951
12461
23441
16847
24757
-4240
7462
30022
-28521
27443
29825
-3882
-22314
-1833
23866
8049
14384
28055
-32117
32575
-7451
-5368
-18268
-3033
3374
1464
1136
27494
18452
-5266
9705
-29174
3649
20943
17074
-8939
30434
-8845
25086
-19970
-10529
32350
-7621
-3462
12992
-14933
15187
5136
-5426
-26830
17823
24741
-12129
29959
758
-21607
-25938
4148
-3938
-3037
11566
-21178
-30004
3611
-14458
30051
-31865
11265
-27681
-21388
15048
13396
29623
17136
3967
-651
29605
15179
-27356
-24318
16070
16331
-30063
-12319
28736
24982
7309
-8818
3848
-24261
-853
448
-75
6308
12702
-20941
-15819
-18989
-23377
-22465
-1678
8387
-25528
-2694
-24859
24892
-27171
-2939
6460
24468
-27505
14636
-8336
-13203
-13839
-29364
32542
24396
-8523
24948
-7514
13736
32675
-28041
-18783
-11068
-3431
-57
15312
818
-12776
28802
6896
-9984
9478
24586
16889
3898
-19671
-27758
16842
-11002
6802
2269
-2276
30647
16013
31345
9674
-11637
-13481
-7563
-7461
14128
15208
21561
-6140
32369
-23306
31957
-5592
12354
-1861
-7258
-28627
4646
1879
18596
30300
-23851
7100
15939
-14555
9895
18029
931
-26081
-29901
-16877
2945
-15635
-5235
-11423
-28025
28359
26500
6352
4166
30889
29423
-31753
-3480
25485
1842
25386
31598
-12268
-4754
-28970
-19757
-11408
-24976
-32576
-11747
31133
-17841
-14845
30760
-18999
-12233
-9424
-32121
2109
20494
-26528
26935
-9079
-30123
2719
8293
-9532
-9026
19889
-13289
-6324
846
4183
19918
-28724
-1447
70
9885
21075
1799
-6243
-5754
12650
1251
-19016
11805
-27917
-2236
-29115
-27059
-25977
10998
28177
-6419
-13875
2389
21896
29036
21857
-30109
-1964
1360
-12979
-25101
24613
14140
-6581
-23557
32056
15148
-15216
19933
-11522
13678
-12073
-15682
16862
16691
20085
25830
23085
27272
-22100
21591
-18523
-24539
11786
27229
-32251
14792
-32718
-24135
-5657
31293
-15731
6524
8192
-25495
31117
-3873
-17225
29599
11036
-19104
14257
23815
10260
2742
-31998
-8268
26272
-24343
1339
16167
27900
-17918
18871
12491
-1590
1887
31752
-28144
-14425
-7976
-26570
-32694
-31900
-20444
1976
-24775
10301
17049
-2911
-26627
-21649
-7640
-9117
-9513
16757
1569
-4700
-7190
30158
28637
7773
10701
-3057
-23184
13690
30902
10905
6368
30764
-4672
-12029
-5653
-12061
4152
-21776
29409
32401
-25471
-22453
-435
-19707
21079
-26524
-18874
6505
21812
-13408
23698
31768
30394
-23004
-28441
-13795
29502
-27781
4700
-7004
-32768
-25081
-1090
25879
-11968
-2700
31128
-5095
-20897
-19847
13399
983
-20782
-18096
14146
2854
-17438
8186
-12073
-12995
29565
-20205
2962
-17380
-1135
-5883
4599
28770
-19547
18401
20834
7113
-28115
-18528
-4331
-6469
22657
-6788
-30413
-15129
-19886
31998
-4381
-14401
24567
12205
-5989
-27747
5241
-11748
9054
11890
-26298
2331
-29198
-5489
25023
-5181
-23537
32443
-23491
-14342
29683
25455
-15846
-5410
23259
21357
-7574
-18592
18689
-32549
-8398
9747
12997
-21272
-19922
-1881
-5390
-20364
-15381
22316
-15434
21194
-31580
2058
-32636
-15196
12297
1695
23855
11332
135
-30795
21676
27629
2688
16787
12820
26346
13875
2656
-9357
7633
652
27298
-18092
21317
-9241
1599
-824
9306
-30974
11723
27729
-23041
25931
-25346
-17781
-31444
-21854
26898
3478
26602
-9552
-32664
-8136
25231
-11261
-21258
15958
-18742
-16358
-19560
-30183
13465
2392
-20811
-32625
16126
6106
-28398
-5148
2726
15844
18133
16472
10091
-31960
-428
28259
28431
24474
25844
29497
20090
-7900
30308
22141
-16903
4115
-14827
1438
-7417
-28784
-21625
9027
-1015
15267
14300
-6713
24280
4552
-12267
-16407
21301
-29769
2817
-10794
-19555
28100
16419
4575
-30981
15728
-18454
-10549
-3415
-31115
-9036
9787
-874
-17329
11885
-16534
3925
10020
19131
-9107
-19251
-29771
12474
17581
6898
21420
3775
-14105
-26175
10080
-26354
10730
15723
25181
-18880
-15033
-17559
-8884
-24254
3319
-10555
-20586
8920
19222
1676
21153
-7588
-24775
24552
24996
13394
-5499
23337
-20596
17496
17639
28801
-3825
32070
20934
14623
-27160
139
29017
-7854
5553
-32362
-31498
-3410
8427
20112
3242
-6277
-12586
13548
-23020
-16767
8363
17211
-26346
10743
-3013
-25112
10948
17485
28161
-18548
23681
27868
18439
14104
28076
21488
-11817
-27998
-4703
22939
-24615
1452
8454
11022
-30857
-3486
-19319
-24293
32363
-21293
-4686
30327
-10882
5697
-8671
-12207
5259
-14523
17086
23284
-20937
28278
-8379
9805
-9744
9264
-9464
-30032
166
-17363
28668
23522
17806
-20446
11868
-18455
-26571
-17727
30847
-4879
14763
-20767
25978
-5757
9166
7094
8822
18276
-14021
27151
-28049
-29288
12118
28839
-24739
-27945
624
-24344
15303
-24147
24475
26974
-24739
-24582
-21179
6900
20241
3477
7681
8837
18723
25661
13411
26981
3623
3691
6749
22697
11703
-21475
571
-10615
-29035
-9293
4882
-24569
16023
20415
2731
3583
26073
1389
-1421
-767
8737
30230
-31988
-30331
-11318
9714
-26373
23157
-8817
-2490
8548
-13210
-28588
27341
25098
-28671
20555
18043
2267
31583
-3611
-4250
-20619
31476
-25277
12592
19393
30929
-31278
24946
-29521
-468
-10321
-7929
-6214
23286
26134
-22246
-25431
23637
17037
30985
6332
-9809
18704
15620
19939
30377
-4389
3176
-32567
8171
-31483
18218
25681
-19786
3288
27681
-6582
29837
-1690
-6178
3750
-11568
-16615
-28623
-4383
15948
12419
21732
4743
-15063
-18648
-5092
13704
-29308
-16514
20048
25584
-16870
17006
-27793
16087
-9999
-298
21540
-10587
-12726
-1157
9753
14254
-30484
24270
5787
-13256
1214
18502
29408
-26821
-30968
193
11808
21603
21270
3885
18754
-14099
-29216
-28090
2165
21191
-11274
17419
-5684
27268
22008
-9650
25407
8573
-4675
-32636
891
11042
-22144
-29607
2323
-16033
-15939
-3412
5410
-665
-22038
-8868
-11688
-17151
-10746
13423
-28511
-15274
19274
10402
-14187
-21835
-13985
23436
19046
-14811
7873
-31019
22289
31620
26714
12625
-13826
-14020
26078
24469
24102
-16894
4004
-3255
-10983
14580
3388
-12761
11655
8803
-31847
16249
-10237
-4136
31075
-7115
-19605
12290
-19138
-22374
16723
6088
-23083
23866
-1832
3219
-3518
-21763
-14730
12987
-24263
5892
14884
14672
20137
-13238
-1493
-17423
6080
29941
-7171
-27945
-28277
28598
19324
-11040
6037
-27474
11044
-13398
7142
23348
-11461
-3136
-12520
17126
13147
-3917
-26933
-32630
-1330
6397
32347
27467
-11798
-8911
-14644
-13604
-12983
153
4873
16640
4191
-14253
-16745
-4701
31918
25795
22929
-1134
24982
-10532
-28183
-2896
9267
-22857
8817
27956
-16582
1268
8876
1397
-4136
14439
-5299
27147
29512
8554
10325
-6080
-11430
16399
-5561
22231
-20135
16585
-14672
25725
8102
11130
-27575
-9681
11491
-27253
-29538
8061
-6159
25234
5739
-6252
-31762
-5228
22914
-3466
-27912
-13209
-23367
-2680
10393
1225
29105
23783
-17590
23454
26534
-194
13543
27668
-3513
-29860
12888
3231
-5514
-30718
13961
-27300
29700
-23789
-8953
9609
26025
-2026
13676
-10483
10144
7691
23695
21505
-20211
15478
-633
-1134
-32519
-817
12116
-24982
-19
-26989
26387
-10443
-21863
5007
-13577
-13951
-22953
25116
6280
-31079
-17586
25579
-10180
21094
8817
10177
1174
1937
-24917
21843
30763
17857
17115
26802
-17147
27205
11660
14800
19270
-9338
12721
-28004
9378
28060
10405
-2477
-1247
28991
-6754
-18262
-25051
14410
22230
-31578
10077
18574
-29630
8809
-3095
17606
4724
-7789
-10490
20943
5351
-17110
-3546
-14017
26287
9128
-20578
21838
28844
-27097
15415
-29958
21373
-16169
19970
6583
989
-13005
-31800
21817
-1156
20685
-22208
-27703
-2665
-6015
-2212
-334
5770
19580
15459
24464
28281
-23016
7211
-32098
-20288
-10443
-7096
-16695
25811
16289
26364
-17140
11377
-28169
4408
13448
31946
-14100
32762
29725
-17710
-22212
30895
15432
28738
-884
6178
-11656
-2282
-4991
-1949
12249
27544
-26356
1675
12903
-27832
3827
-18070
22614
8147
14418
-32615
-27022
1969
16983
-2109
-32066
-23520
-27792
3209
-9337
-5633
-2183
-16447
8249
-9051
-12527
-8191
32296
15222
-3712
16117
12281
7401
18636
28107
-12079
-28078
-16255
8402
-7830
-16189
13252
31949
-21573
24435
9379
-8495
-9607
30078
10671
31163
31982
30217
-30508
-9932
18054
-1101
15965
-14400
30735
-26678
6984
5524
-4679
305
-16365
24276
10337
-986
28341
-27611
11104
-27528
29047
-1915
22368
16463
-14253
-1541
26219
10924
8586
-26201
20535
31156
-4102
10437
25621
14685
26691
-12190
-30851
-10361
-20354
22437
-5089
29714
-24110
-17119
883
4828
-26428
12780
22368
-32515
2946
17164
-26430
15544
9440
21445
24382
21266
30451
-20141
-22010
-6694
29722
-12288
26410
-25952
16803
-9221
-21053
-22495
-10605
32419
-19918
-2086
-18110
-22109
-19505
18884
13738
31036
11269
13151
16743
32327
11496
23708
30503
-18606
31807
-3299
-32318
28276
-18747
13785
2449
28265
27725
-2348
-24875
24182
-27045
-28974
8306
-25158
-27273
-31404
-28852
7586
8449
17485
-32373
-24395
-970
6587
26993
-17453
31352
-26683
13056
3048
-2505
18435
-27451
17296
22299
-4291
-1667
-13323
-7747
790
-23938
-20187
21872
-9863
23786
-15433
-18807
-23965
-27966
13948
21963
1868
18936
11658
-968
16965
19417
28212
-5966
-26827
-261
-25447
-18729
17958
-8982
-1568
22463
-11936
14141
13530
-7451
11225
31363
18939
3644
7160
12565
5968
31137
14370
30931
14888
-20275
-663
6720
28324
6362
-2517
23470
30482
-14666
-1825
-31595
-21818
-18784
-406
19378
20092
18378
22245
8426
-463
4978
31001
5560
24324
-16011
-8744
-3746
6406
-29219
8631
-17190
-20109
2925
-21596
27463
-27651
-27607
4892
-10348
-24683
-1017
-14715
-16128
5891
-6580
13335
5679
-6678
31715
13917
-11698
24759
-27860
-20974
-2242
-32084
15574
-3268
22210
-23173
-3874
-14420
-29536
-8474
-30942
11730
-17149
-2780
-18874
-3874
10851
16272
-12668
2011
25525
-868
-29491
-26269
31783
-23136
4220
14824
-22219
24374
-5569
23194
20362
2738
-30450
27504
-10408
21301
27486
3689
-11148
-16913
29267
-14545
-20344
-13415
-3562
4596
-4250
10436
7175
-1690
19539
7752
29017
-20714
-22273
-3347
26143
-30631
-16790
6768
-12300
-3132
10316
-13993
16701
8837
-23943
-19771
-8113
-854
-810
32362
578
-27612
-9951
17428
23112
1261
25233
9634
-14089
-15378
31971
6185
-17198
-32386
28594
-14215
18149
18424
-2127
23300
2716
-8953
26675
28133
-28041
11015
-3628
-383
-156
-1361
7273
30508
-5358
-3690
24143
17816
21824
12616
-28202
-21590
-16698
-12878
-19677
3126
20129
7429
-14355
5236
27712
-6461
26896
28120
5182
-28032
31592
-23349
8891
-25005
-12362
19693
-24851
24531
10730
12679
-19248
-24899
3757
21444
-25053
-6657
6924
-26760
-14582
-15899
2445
-11490
23791
-22357
-13638
-7823
-31045
-201
-30928
-16356
789
-25069
-25879
19746
-19793
-12124
-16017
18666
27305
-23326
16894
15675
-30252
17904
-12248
4582
29078
-8308
6461
24180
-6081
10010
16957
-16240
-27613
9201
-10149
25147
-5603
21041
31017
-7383
14025
4433
-30306
603
-19867
4714
11805
32112
-4712
-18141
-16320
14169
14673
30509
-19847
-78
18730
5612
30588
28025
11197
28283
-11976
-2477
1937
-3089
-10105
30066
-10602
-15062
-10312
-5862
11145
-27417
-18924
-31427
25642
-10848
-6347
15906
-5029
-8851
18180
-21010
6952
-16194
-27223
11486
20663
4041
8476
27327
17382
-4715
29085
-5984
27783
31755
-2682
22535
-26321
-22094
11217
-22258
-29611
10549
-12240
-13866
19371
-3471
7869
9755
-1844
16632
-18006
1467
-10848
-2233
-30097
23686
18117
10453
15805
31884
3329
5064
-27862
-15838
3595
4135
-19120
11581
4703
-32110
939
22063
24274
30035
14395
4365
-8012
20999
8642
7194
-413
23628
-28789
6273
-32269
-15600
-2531
-1951
15204
18499
31961
3328
-2154
-4692
8324
-26809
4015
-30521
32057
-31145
-32367
-3013
-10876
11920
-20822
-24974
19745
-4650
20850
-7604
-7677
-30409
14095
15058
-9975
-9441
32046
32186
-12903
-10756
26687
-20269
-30519
-304
-12626
3803
-5393
4261
11007
-3943
21112
-20949
-27275
20593
-27428
-5520
-16342
-30475
16260
-17344
-18499
28957
-11077
-1478
-25876
724
-26142
22465
-3852
20767
16470
-26985
-24314
30216
31626
-13546
10141
29344
19698
8850
27622
-3356
-31302
9586
-4007
-26681
10353
-18908
13872
-22208
7254
-25220
22537
-30149
16524
28015
19548
20460
-3516
28419
-11615
-8341
11093
21165
-1041
32512
-27646
-26067
-18405
28204
-21854
28740
15636
-15254
4764
13337
31917
-1633
-24335
-23131
-21267
-30816
10371
-16601
10188
-30920
-23103
22049
-27286
1945
18755
15235
-22543
4628
-4383
4992
17428
-24661
20298
-28408
23271
-26456
-12237
-5112
11662
15906
21649
-19221
-9349
11939
27908
7849
-3967
-18185
-6567
-12904
13877
23488
6400
1587
-31649
-29726
-12248
26061
1184
-17744
25424
21841
913
-30390
22185
-9522
-2840
-16864
-4304
28816
-23691
-5047
9412
-3166
25366
-10989
-29297
-7975
17088
31736
5133
9603
-17417
-25041
15079
6376
-22476
-8094
22889
24423
-9247
17228
4789
-20718
32106
6231
4065
2268
-7019
-23221
-19801
-8537
-28571
-30409
-14362
13949
-372
2710
-6424
30539
2497
-18406
-863
7023
29950
4106
4990
29268
-15259
19069
-32524
4145
-25731
-23789
-25539
-14449
165
17382
1886
-29414
24829
-3305
7382
-7692
-10939
25084
4779
8169
20885
-21845
18581
1123
-4561
-26765
-1987
-22471
28348
-16991
14762
-14324
21673
-28554
-2721
16389
8403
-20883
11027
-23893
24253
1849
22283
13910
30388
-1750
-15098
18194
-8897
12488
-26513
10243
15942
-23823
24273
7398
-27151
-22245
2760
23871
17359
-9240
-421
-13966
26915
-4288
-6201
27643
-9015
-10205
3574
20589
31559
-3335
18019
23979
-17512
4763
28052
-14377
609
-12862
4213
18966
-7134
19460
32243
-22341
-17188
22397
4902
-10276
16082
-5987
-32525
26308
-9878
-7328
9746
-27490
13714
24928
-5124
-15357
-27037
-1138
28881
-15988
26070
-11269
-26481
23012
4996
18286
12171
-8339
31515
-13421
10477
-23444
-2156
-31326
-18436
-25623
-28195
-21236
2184
-28017
16597
-30005
7602
-31053
-7935
-21579
-1336
22907
-10786
31681
-1160
5999
22597
-28054
546
-26528
-11664
-4892
-8773
-14038
10751
4403
-8040
-4094
-24459
-27192
22440
31497
16164
-18356
21617
24802
-29505
-22078
-26031
1791
-1462
31165
-28096
-19569
-16485
-8904
-8856
-18559
-14948
-31629
-18245
-2201
-8425
12859
-26919
-27808
-7174
25123
19316
-31971
-25918
27889
18551
-8171
-21514
-14663
26842
15574
-3845
26417
-1721
1625
18662
-31663
-6523
25420
14225
21956
30696
-581
7379
-13407
-7619
-16066
25001
-29713
-20661
-12537
-29829
11326
-26151
-6034
28861
27041
32766
-19610
20101
28955
-20938
18531
-31187
-24896
-18882
6841
12178
-16230
-20517
4740
-6129
-3087
18115
-20115
-25601
-5003
11587
-28951
-26580
28990
32473
-20733
-29498
-8591
-25138
-6783
-13121
-14555
-17042
28136
-2249
30206
-13371
-30925
-13995
-12807
25485
-16667
20744
8985
14882
3447
24830
-9671
-30919
-20754
8257
17533
-21413
-19928
29283
-15425
-4970
-7281
7250
16288
-22299
-19354
-12000
14514
-28901
-14062
14476
13012
32376
29235
-16506
-26170
-14960
8002
19998
30571
-7626
30627
-5268
4953
6349
14621
27004
21370
26490
-24508
-23479
-31997
8342
-2079
19393
22349
8395
-7486
3200
12375
15448
14106
3525
-23423
23798
-24777
29683
-1351
27514
31624
-5260
8983
30779
-28883
-23166
-7412
18834
-8501
27232
11604
15520
-13426
1460
-19903
-9149
5068
-7310
-20505
-141
-495
20631
17446
-27613
-9245
12763
-2706
-21051
7782
23411
-7761
-19342
-3217
-11140
-1972
4839
-22828
-17736
-22595
-30271
-3902
-13694
28234
17244
-5036
29272
-16707
17725
-6913
-17041
-10202
-149
1030
-11054
13332
-7344
2906
8532
28321
-27821
6182
328
16915
-25699
-23061
30894
30359
29268
22814
13901
-21467
-24424
-29156
6896
-2242
-25217
-6744
4798
20450
-29498
-28846
15728
-13919
-29564
25841
-11558
14405
-8106
12879
19037
-14648
-19217
8079
-325
31310
-23617
5492
12466
-6616
-9480
10762
-20495
772
-24316
-2083
-22695
5859
8826
-3543
2412
28939
24689
1985
-1195
25386
-3864
14638
-13661
2972
-20731
15667
-1645
-31370
8586
8319
-4260
27963
-22115
7999
-16387
-10865
5831
14214
-3771
12594
-10985
-19644
-28647
30530
-5904
19181
28804
-27614
-31225
-14761
-18125
-30540
28619
-23891
17527
-7387
32057
-11544
11240
26111
-25061
-27930
-647
6401
-28408
30244
22136
-7304
-11212
16487
26612
6282
17314
13231
-13086
17508
5825
-24283
-18993
18434
-16733
-12141
-21174
-3845
-12356
-17057
8346
12506
29660
-12881
-14305
2675
4793
-12387
-16212
725
21615
-21776
-4420
21795
7060
31450
8084
-15335
-16706
-11940
-12330
11169
21064
-14565
-21151
-11168
21869
-10695
-14364
-17981
26425
1974
9897
32629
22465
1881
-5331
-13053
8092
19415
-30352
25517
-19876
29038
20606
22963
23449
9514
27469
25603
-16023
11670
26924
24401
-2901
-17797
-22357
-18453
-2009
24888
-5402
8731
16379
-17478
4304
32649
14507
-20598
-5160
2374
9729
-17369
25404
-17801
1095
-17193
8533
1884
3206
27752
32603
-26797
26518
8197
19683
-14226
-19429
-13308
12844
14481
25927
-29576
-25888
15087
-9597
29354
22695
17354
-4282
-19759
22307
-28326
-4017
-26353
25471
13446
-19764
-6590
16469
32121
-13009
-23837
23284
-30697
-20918
-14554
22766
28231
-21636
7779
-13641
-23594
-979
6216
845
25176
-6725
-28286
-8474
-32151
-10020
-19282
4466
-3224
30935
4533
-10648
1414
-26799
-15899
-29791
-22493
10390
26721
11403
7361
13616
-7599
6746
21373
-30325
28947
-31814
12404
-9763
-3208
-1157
-1444
-19828
-14482
-4126
5573
21924
28963
32419
29430
-20674
-25031
-666
-7086
-25616
-11880
-22484
12712
-12242
-12242
17573
-16799
2518
-15859
-23887
17025
20132
-19839
13040
-24102
30098
-23783
-27886
-8217
-22861
8569
10096
-32375
23203
-3159
-30169
30026
-5281
-10538
-11086
5043
18753
-8664
-11950
20241
-28636
-2108
16053
-29488
-11693
-10296
-4607
-11636
-21951
23457
24855
-24
-24684
-6380
-23952
4684
-10888
-2944
22698
11187
13647
6886
7400
31297
475
6736
-27173
25001
-11246
13216
-32213
30383
27007
-12596
-26450
30045
-26176
-10861
2009
9076
-6082
-15155
-12775
25848
-11389
-30601
415
20854
9011
534
-30192
9229
-743
21168
25035
10176
-4327
24386
28717
4048
-27535
10329
23833
22686
-30559
27115
-8918
-17916
-11287
1919
7998
-18415
-17279
7379
-25676
-29296
-24818
-317
-19459
29806
-26445
30848
-24456
25190
-29442
-25212
17343
-19357
-17478
9429
11491
-23763
13371
-11692
-25187
-3261
-27855
2240
-2769
-23321
-26469
32388
-30861
12437
10336
24238
-1538
20967
18836
-18030
-2331
-16982
-9904
-9632
18535
27280
-28698
-28919
-19007
-6394
27060
25510
17972
-4694
-20950
3195
-13176
16892
-17710
-87
-21546
-5062
32217
-30745
5433
-15714
-29251
-13426
-27402
-14189
8228
13917
-31673
-7370
7485
-28811
-9611
27712
27105
27930
-22823
6155
-3394
22782
15090
-9007
20872
-11064
22483
-26543
2637
6010
-15190
-7375
5715
3127
14137
-14424
-17046
28232
-14772
-26126
-28897
27502
-22649
23183
5131
1915
27771
-20085
23080
27993
27576
-32712
8189
18820
4117
27263
-31748
-16878
-22538
-24126
-20765
1982
-12095
30212
-19401
-22444
27530
2897
-9978
-11241
-18855
-8633
-14528
2196
16234
-6755
16401
26103
-30761
-32155
24869
10649
-6596
14782
14429
19091
4838
16407
2037
9542
15391
-25976
-14668
16730
-17624
21806
3528
-24724
-28539
-19766
-18763
-29511
-28067
-8541
-31360
-29797
-27043
28252
-24790
12564
11956
-2285
18310
23706
24995
16474
-31036
32240
17237
10168
21047
-6091
11344
23006
20298
-15120
12494
-16235
-29172
-14617
3217
6704
20634
19330
-18520
-30703
-15726
-19792
-23963
-13406
-6514
12401
156
9505
29761
1771
-22345
24969
19245
-28741
9027
11131
-27199
5579
-28205
-27420
11993
-2457
-1159
-27570
-17208
-25266
15082
-4731
6086
-19111
-3167
7349
29784
9870
-7325
-5794
24213
26641
23302
-4015
-7613
-19090
1288
30496
-30786
-7203
28285
-16558
30208
-3265
20324
-9111
5480
382
27341
-7613
26185
11025
19543
-16634
7981
32617
17065
-16288
-22190
-18447
15191
-10991
18481
1146
8614
29002
1487
-27704
-10550
-30116
-29756
-32543
-4650
26579
-12999
22629
21246
2635
-30856
-23270
-8636
12172
5507
28908
25798
-31848
-8774
-10082
-18963
-9545
21278
-14719
9485
-13976
22908
8075
31340
29238
-14659
-28516
-2243
20607
2251
29470
13082
-30444
29971
-15245
12413
-7986
-10265
-27459
5463
21955
-21168
-29838
10406
24537
-23558
23730
-32166
-32548
-11220
-1019
-8217
7870
16401
-14760
14947
-11407
2882
-25394
4782
10502
-18214
-18761
-15910
-16177
14094
10000
-11985
12507
32622
-27386
19535
-28876
32148
-13187
-26586
-10469
22381
-14353
24221
30868
-31303
15595
11036
27389
-32501
12709
16976
-15167
29003
7041
14501
23556
-25905
-1105
-10328
-2320
12321
3687
-13392
31069
-5970
-13069
-7023
25814
20909
-1755
32088
-22770
17724
146
-17297
-12091
-9946
-27277
1533
28943
-26559
-2406
18772
21467
14087
3722
32444
28271
28164
9643
-5675
21299
-30989
6329
10778
3996
-10733
19001
-21118
4807
31721
10251
-10652
10284
32674
21841
-25654
3265
21365
-5815
16983
-20801
-5117
16173
18543
-32307
1512
-20905
-955
-16236
-22170
-31973
-20383
26776
-2930
26207
-32247
-12457
-20635
18496
11001
-8045
-5164
9976
-15428
-26587
19819
-20711
3048
6679
7172
-11978
5172
-5522
-19006
-18767
-2737
-22688
-16481
11990
15981
19715
25833
-8945
-6853
-16605
-29788
10939
1794
30324
-19128
-32107
3003
-23463
-18642
-19701
-2425
-11375
-31271
-23478
-25125
14691
8617
17405
1569
4553
24472
-4390
17781
8096
27873
15670
-22778
30506
25846
-11501
1927
12634
24767
-10029
19382
14775
15240
30750
22857
-23318
6464
18723
-23846
-30457
31537
-25108
-11839
-6158
6022
2107
-6544
30448
27964
-6241
-5809
26932
-16234
-28040
8051
17050
-2811
-26813
-6614
21827
19088
20401
-30416
-17272
-31931
-12737
26550
12008
9634
5720
-13422
-19766
-22313
12171
-2165
-2384
21783
-7934
-1510
16251
2391
21214
-32537
-14392
5005
20166
-11546
21776
-20909
-7889
24741
-6890
-31113
-32406
31558
2050
-1107
27330
19041
-21907
7556
20510
-25992
8258
-16085
29178
-21566
24604
9937
7133
18738
-8412
-14367
-30989
-16863
-21462
-52
-19295
7785
4037
-15705
24525
3235
-27850
21548
-25036
-21719
19045
22954
-25557
-29146
-27793
-6004
-10767
13320
-19936
-29440
3302
10541
-11091
9724
19940
20010
18517
-10245
9550
8943
8312
5139
-8244
-29939
-8243
-21283
13170
-32728
-16559
9592
-7225
8437
-1731
-24978
-1793
-18302
21211
30279
-2174
20525
7694
6186
6264
-20182
28567
-1749
-19637
-6702
-2576
-22323
-16303
-12779
-4275
28857
4815
27773
16812
-2017
4512
-18971
-29182
-21436
-28550
30683
25358
-30106
-15671
25715
-8146
19581
-404
24162
32527
2224
18509
-11747
30856
24058
24972
18959
15696
-717
20227
18728
4
6801
20737
21293
200
-953
4162
32564
-11920
2732
-10727
-29667
-4212
25203
471
14025
-13703
2714
11823
-2143
9745
5608
-22113
-14025
1610
-24826
-32027
19512
-19533
-32163
-31251
9038
-22589
-18958
-26729
16223
10292
28287
32498
-26747
-10463
3700
30218
-1259
-14990
15061
11138
23306
-16338
-4369
1571
14228
28193
19601
-2079
15085
-29681
-4750
6459
4213
-10705
-2987
-16417
2503
-17505
-31823
-18708
-9029
23269
28925
-1078
-7887
3744
-17305
10452
-22221
31753
20940
30583
27954
24370
-22282
-5563
9148
22511
-11283
31177
-7380
14675
16448
-18573
-7089
780
-6604
-8935
-1784
-5358
24562
-23380
-20771
-4053
529
-15840
-5661
13305
-31440
-26876
17875
-31691
25087
-7133
26482
13916
-25695
3834
470
-29699
27662
-2571
-16366
-16069
7386
-5314
16574
31339
-32261
25767
10701
-19703
30302
-1329
-3966
32428
15275
-7486
-26982
19389
29399
9315
1755
8695
-21923
13731
-9593
-22152
-16465
-29591
-18224
-19567
18619
-30959
-1568
-19405
9859
-15455
-22745
-29117
-32446
-14978
5107
29498
9703
-29041
-5834
14823
-31028
-21140
-20254
8842
-30807
-18429
-7554
-20330
-27867
-25413
-4890
-29334
-14495
12620
15550
-11372
-11723
21385
-29506
-757
-4235
-14684
-9934
-13230
32763
-14523
8332
-19274
4349
5003
-26263
9143
2889
-30365
-16954
9461
21159
-3916
1628
-4482
28113
11872
-2794
7117
-19915
-14286
24767
-25951
-13865
7681
26475
21264
21152
-8363
20375
14270
-31872
-7199
-8254
-22379
3860
4953
29661
2965
-28322
30582
24653
15393
-23989
15466
2539
-13808
-5025
-22776
17547
21380
29955
9131
19843
13163
5995
-27146
-28055
26055
3638
-1547
-25413
3966
7635
-26186
21793
9760
689
-26193
4665
9102
-31385
21011
19019
-32391
-12711
-24061
15376
26805
-24181
-216
7332
-4809
-27251
12428
-19511
9579
-984
-14444
-7174
4657
-27036
4248
30747
25635
-9218
-11159
-29404
-603
3780
4048
-9082
15055
15457
15480
-26193
4254
-21418
-1065
20322
-23813
-3254
-731
17486
-25288
-5112
-14534
26907
3946
5068
125
-14081
-6619
-15050
6865
-10841
-18181
18796
20724
-24080
26781
-31063
17352
15333
-27272
11962
-6356
1218
-31228
28097
15154
-13866
2941
20485
19597
2192
13717
31730
-1957
12626
-26332
-28448
13016
-2306
-6893
-25650
30804
4113
9247
5345
2989
-1303
-17311
-28496
27030
26144
6248
12892
-13672
-32322
18986
-16548
12063
-4169
4634
32746
29996
6736
-28470
30694
5184
-3058
8687
-5810
7258
-29379
-26500
24121
8029
14495
23413
-3446
1178
3593
25241
-21006
-1673
2829
-19473
-30604
-31619
2573
6514
-11534
11434
-2049
-2223
6513
29156
12888
-28530
19286
1194
-472
8913
9189
23612
17357
12579
-13084
-27260
-27589
1799
3172
-15258
-26274
5166
2441
-1040
15086
-17896
10785
2638
30513
-3541
1584
29116
-8056
13498
16472
31509
6376
-5344
-32519
3556
-13731
8397
27384
-27376
6253
-25865
-1740
1996
-8773
9056
6088
-2641
-9469
-4030
-5169
-1875
21865
-5860
29609
-24618
-655
8305
11890
-15035
9973
28415
-7184
1277
-177
-28642
4070
24917
13899
25615
27583
25769
10936
29277
19676
-10355
-26373
-4155
-5762
-30264
30939
4011
-12463
14169
23783
2981
-30016
17726
-7361
3308
-4058
-8404
4063
18025
20583
4610
26813
10778
-14650
-26933
32089
-29680
11334
17767
-28888
16473
3588
-31511
-7969
30834
22939
19057
20817
-16654
143
-24682
3322
2346
29140
-23617
12523
-17655
-32426
28683
15470
-15434
3920
-28291
-24322
15477
10092
-16440
20662
-31973
-16527
17012
-7107
-32459
-13266
5803
1511
-28106
11757
9687
8548
23466
25030
-1474
-28163
201
-5905
-3910
-630
13085
9743
-16712
32239
27801
-17635
-17095
-21031
27176
-28444
19369
-4343
-16200
24642
-14647
-2092
32442
-25464
-30121
-15287
26505
9520
16450
-442
-3738
-17222
-15065
-6924
-2630
-17296
-17491
19418
-3284
-4591
4904
-6173
-11150
12691
-9095
-27724
-1238
-9233
13017
-28514
31738
26677
21848
23926
16801
11764
10320
12284
19320
31462
21161
-19581
-11883
-3493
12901
14109
-23224
2537
-22860
-18420
-18349
8651
27646
13634
9832
-6179
-28634
-22878
-23174
21831
-25780
-8332
7047
30394
25468
-25750
17944
-31927
18266
-16513
-20853
27965
20094
691
-4426
20161
18330
-23608
-23658
-30303
24009
15696
-20365
-24847
-11982
24438
11151
19916
-13402
22066
20761
11258
-9505
-29092
-19450
28338
2140
22763
12812
-1095
-24770
-25258
-23176
10391
-10527
-24311
-1551
-17400
-23806
10986
19925
-22893
520
-8448
-31932
-14486
-8454
4793
5432
20647
9443
15052
-18752
-27592
-8322
2168
18472
-16473
28911
31288
32301
15527
-32262
30773
19626
5366
-20327
2428
-28882
-11774
2886
-5534
3162
-22003
1771
-2054
17574
-10747
-7070
-13506
-8058
13303
20020
-15388
5374
-10985
-1286
486
-21732
-20211
16585
27146
6575
-12689
5576
12039
-25721
13964
-1740
17513
-24260
-9926
5600
-32429
30925
15470
32587
-19981
-19724
6461
942
-23944
31946
16887
6426
-623
13505
-13329
31109
31114
-11839
18318
-265
26708
12766
8548
1240
21437
-28581
4606
30458
-8799
6424
-28817
19198
24414
-17121
-31671
-31297
27569
13255
21139
-4564
-23226
-31121
-27507
24874
-25620
-17793
-24954
17940
-1565
-7215
-14507
-1958
2671
2770
-10218
-6175
7812
-20436
1606
32663
-1136
12458
-25097
-7903
8407
12994
-23552
-10172
-22067
11851
28246
-9981
-25562
25742
-1848
9927
22283
-17541
-709
-9558
26337
5736
15440
-27206
2043
11788
-13327
7513
16509
-30806
18062
16925
-26221
-24476
13290
-12833
-5649
20888
-14902
-30912
-24047
1279
-2120
16843
408
23493
-1913
-2589
31437
6799
-26419
-31721
-9481
17411
-3069
-26726
-8764
-34
24310
-27026
-14328
19256
28255
-4360
14635
-1448
12669
19575
-16126
7868
8256
-32728
-6984
-4054
24319
-24156
12315
2507
12861
-1447
19884
23082
16652
32425
3908
14322
-28738
16848
15841
-13516
16446
32678
-11392
-24040
-16573
20368
-11497
22120
11099
454
-2296
-12794
11929
2066
-22184
-9436
5428
750
15232
-7038
-32569
9095
21637
9495
1881
13503
21067
32664
-20053
-12236
28409
19601
-20812
-12288
-3810
6902
13013
-28284
-3834
25757
15753
15374
-31006
-3128
-29324
-10690
21985
11734
27704
23373
237
6083
21221
-30737
23050
-5197
-10112
11194
-2573
-11530
-1406
-11807
-32552
9816
-7706
-30377
13900
-24662
-23110
-9764
-23285
-8370
25399
23430
-7543
-31162
-17621
-19855
23729
-31397
11792
10431
28047
19357
-2684
3693
-30062
-13611
18622
-18694
4752
-24440
1069
20840
3954
18248
28581
20059
17170
-22520
32152
28994
-32280
2548
25937
24941
14988
12856
-6
-3578
-15224
4174
28540
-6855
-23262
-4580
30194
-23146
-18364
-9974
1981
25284
-30455
11467
-9826
1316
-23424
32728
-13290
-27623
15712
25321
1048
-5858
14181
-27796
-4953
17174
-27471
25604
12813
-18287
7732
-31346
-32232
-16496
-31483
-253
-11839
-7590
2762
20557
20966
-6302
-31400
31496
25822
-10306
8352
22503
-31136
19695
-20321
-20725
11760
-31468
-13381
1715
-22874
-32608
24049
10227
-23639
-18907
20258
-17260
-29247
-14117
18249
18413
-4416
6546
-16629
-14092
9153
20042
-2075
-8223
-28266
-2577
14763
-7821
-7542
-29722
19509
2744
6505
-3386
14273
-3750
-9705
21462
12727
-8728
