-25403
-15128
-11892
30591
23597
-14808
11418
-869
24155
-18280
8730
3954
-1481
-3659
11990
25360
24051
22165
-18303
24286
-22458
-16222
-17655
6805
-5259
32182
30062
2458
19482
-28807
-27261
-15072
7976
12512
-17698
-5320
-23894
-11391
260
14261
32584
29737
24106
15661
-19347
-23191
3991
9172
-25888
27291
-14572
-28521
15425
6496
32244
-2304
4841
-8708
989
18350
27588
-14741
8839
12903
32554
-11697
9014
31974
-29835
-20794
10146
-29051
-14665
-599
-2692
-24249
15191
-3804
-24969
-28048
21359
11864
18655
27261
13415
4894
23549
-20266
-8671
29261
-9513
12430
-5236
-26401
8189
-10486
26344
13803
-10955
-10378
-24452
547
-4210
9853
12545
-13445
-3200
-6787
16893
-7643
-7273
-5011
-27736
-10939
10395
-307
22628
-10272
23027
-24655
3749
-6390
28616
30406
11539
23845
9842
19285
-1907
-16446
30809
20990
-6643
-5422
-16411
-18883
-4730
-16300
31199
28396
-27470
-24125
2773
31323
4487
-20971
-5068
-23785
30868
-18069
13384
-1769
-31666
5806
27759
-17198
-28396
-22852
-5874
4998
31478
-26976
-24889
693
19030
-24172
-30167
-2968
-23884
-1125
5920
9266
24798
-21084
-5736
32497
32435
-3691
-14023
15242
-19834
-15674
-15935
-29059
-12603
-3170
4148
24834
13588
-23676
-15405
-6891
-25979
18402
17643
17531
33
27432
6130
31680
-6690
20855
-2454
6371
-17183
8069
-25370
-23619
23413
-13776
26731
-1695
-6637
-18930
8309
3664
-11200
7683
-21689
29716
10966
-1204
-19544
25352
24721
25238
-8014
-5109
-18942
-14073
-13952
-9210
-24354
-20784
-30061
5315
-17983
16300
11592
-2111
14956
-482
-15021
-17509
-6421
-16355
18408
19763
2168
-27671
-1533
-15805
16609
-23413
-31937
25469
-16077
21755
-12957
-6548
13418
12125
8591
-11070
31770
7428
-22158
5403
-31794
15303
26623
-30462
27893
2038
6703
-5620
6672
30021
2286
-17197
-5807
-10201
6849
17286
-1860
18509
-27562
16432
27130
16095
7776
5647
29160
-32236
12102
-5360
-25016
-20071
6676
-22612
-5344
-28627
-27081
3612
24722
-17624
-19607
-16210
-30017
22974
-26859
17853
16995
31971
-32302
20444
20263
4865
-14841
16667
-21788
-2063
22514
20862
-6304
-27660
31414
-11469
11867
-15488
31426
-23228
-15458
-1203
2209
-25605
-24789
16994
-23426
28225
-14994
-19335
-27896
3868
8073
-18133
12144
18419
-10364
1222
30949
30959
-12930
32191
-12556
-22285
8140
5896
27374
-29578
-2880
-5244
21583
2723
25599
11756
11873
13811
30238
6451
28751
25418
27817
12424
31623
11824
7795
29532
-7969
14465
10839
-17843
228
31974
17394
-13273
-1322
-22009
-18252
14793
16536
7852
-161
-17304
-31154
-23186
-32568
22357
22428
-30803
-197
6261
5433
16225
543
24254
17248
-9311
1853
19023
7006
16310
-24905
-15898
-23833
-23810
-25038
30549
4498
-10688
16709
-2031
3178
19602
-31564
31643
24616
1349
-24028
-6010
470
31838
3088
14529
17020
28775
14056
24901
-14229
-29396
16974
-29276
-24454
-26717
-22334
20861
-14935
29182
-27015
-11583
-31932
22439
-20055
-23540
-7995
32765
22413
-30715
18514
2096
22599
29396
27985
-18927
32600
5161
-596
27826
14341
-6920
-3741
8033
-27341
24116
-13204
-29591
-1796
29605
-2168
-1786
-20736
3531
-646
-23735
-27779
26433
-26140
-6621
-19127
-5311
29542
8644
13660
22874
-4261
-21379
8041
19128
-21389
14320
30897
24201
22739
2955
13317
-13402
1678
3840
-19245
19457
-26626
-18543
-21741
23389
19526
-23950
-2374
-24576
-23124
-15944
7612
18404
-25979
24708
-13958
-2618
-3577
-7381
-31961
23872
-29184
-29144
-23219
27221
-13809
21176
9300
-30487
6854
-20162
934
-2594
9365
-2494
28547
15704
-7726
12427
23987
-15725
24068
32760
19685
-26754
-7282
18541
-6435
-16642
-3971
25379
9632
13485
2926
-20984
16250
18706
-24113
-31184
-25151
23250
-30871
17278
17955
-26529
-31127
13694
-7480
27570
21578
-2979
-31697
16290
-952
9434
4231
-30681
15577
688
-27647
-29953
16150
-20171
-3376
18720
1738
9492
-22675
17622
19093
4947
18458
-3848
23227
-4984
-27447
-18376
5741
-9347
-8884
-12987
18634
22516
21767
20343
466
-25584
13506
29697
6903
-25333
-5413
20255
24543
16519
8864
22806
27132
-21680
30366
-4921
-22069
-17441
-6318
-26443
-1954
-3903
29483
-25233
-19846
18377
5106
13357
5374
-14254
4356
9768
31648
-13705
-5126
6708
31561
-1155
-18750
18087
15039
18812
-21439
-16666
-265
-7953
-12015
-32119
-27472
17791
-27496
-11205
-16239
-20221
26551
-29307
14010
5073
-10374
31753
-26168
13611
26893
-22744
8482
17031
14451
11485
-6742
18186
-10318
-24537
-14495
22913
21713
13982
-22783
-13941
-24340
435
-28736
-30069
7473
-6305
-31740
-6479
-21511
-18127
-9816
4943
22125
28680
-8143
7359
-25995
12194
20435
16688
18003
-15394
8399
12387
25793
-4083
5912
-31267
-17885
-32427
-3933
21691
2980
26313
-20276
-5475
6563
-30506
-30352
7328
29181
-24451
15653
1785
-16898
-36
5651
17450
-18667
-9335
20143
-11626
7350
9747
-28688
-10591
-18554
-24602
764
-26676
-24616
8081
1252
10893
11050
28923
-5643
12386
12139
-21636
-23036
-10618
28558
32036
-26319
6342
15910
-1132
-10298
-20854
-31669
9308
-28420
-3304
7492
27539
-19140
31389
19682
32613
27818
28723
5506
3023
26702
-31644
21019
27835
12784
-10006
17466
-21047
-31598
2931
-15441
6884
7163
31118
-2311
26588
14360
-21362
-21421
-22383
-18480
7935
-7250
6705
4935
-4676
-14644
15951
-20553
29365
-4293
-17508
-32029
-20837
7843
26561
30550
18322
23889
14195
3286
19725
7097
-21085
-26000
27850
27426
-21173
-3575
3761
-31127
-19409
19371
17379
1054
-19639
-18556
9549
5630
2674
-22631
18550
-30234
-5730
-18149
30789
-29520
11567
6387
19307
20283
-24311
-16549
14235
-7395
-20328
-24713
14417
13438
-13988
8303
-4888
19485
2932
-8707
7870
-22459
-30549
-7231
17879
28739
-28072
-21079
6341
12321
2715
4307
-32399
15031
5199
-6601
21387
-7531
5216
31476
-4927
-29156
19783
17208
10028
-29582
29913
-14353
18192
-24111
-18055
-16708
-22803
2007
-6461
-13961
9088
-13612
-8421
985
14765
12894
-6605
27112
30578
9370
15156
-12275
-260
18025
19218
14497
-24937
-6801
31350
-27781
-25737
18939
-28527
5624
18257
-996
19795
17993
10591
-30734
-13541
-18692
26637
28667
5456
13637
-3128
31801
4955
9873
-25251
28114
23387
7152
-19565
14020
21536
-27868
32
30793
-19271
18773
-5952
-8357
-9277
6159
9933
-15263
6221
-5397
30541
15108
-15757
-1567
-7789
18292
-24189
30951
-11798
13426
7981
-27100
2037
-25911
30459
-3536
13254
-2747
-28395
5078
15698
4600
9554
1275
-8983
6362
21842
24033
-10200
-21207
-8629
-26293
-10908
24683
26531
-27111
17471
-17782
8346
-28297
-24035
31119
-23998
-16288
-6234
-9187
-27095
-17214
-19123
-24042
21691
1919
14240
-3280
-31305
-10392
-7273
6780
-8246
-2958
32527
-22562
8290
13712
-12309
-24360
20115
18070
25275
-32625
25909
21093
-21486
13541
-26938
27362
21554
-523
-2352
16199
-19444
-32435
8783
29140
24395
-16151
-9478
-30889
28371
-10478
16624
31878
6720
-12829
26621
-30704
28809
-20776
29445
11594
-25511
-20947
-5485
24807
-22693
22174
-13337
-4041
-16825
-10371
-27741
20218
-12149
-1814
1356
25570
2493
-22919
31070
4757
19597
7360
-12621
9166
-6132
-18255
662
-868
21109
17376
22446
-4012
-27595
2097
26528
-25790
-9743
29330
-22408
-13156
-22329
16850
-4453
-12846
-18614
21901
-27867
27245
13114
29312
-10502
9605
7386
3248
-19029
31065
-30004
25998
9860
28373
-13744
-18357
-7064
-11549
11178
11400
11585
12944
-6006
632
31344
619
27043
27269
-1341
19894
-25864
580
-14774
11679
30673
4317
-8768
-32314
15277
-2137
-11421
10975
24888
23683
-29412
2923
-17947
13046
9901
-14714
-15753
29826
-26077
-17679
-3337
-21011
-23423
-12981
8105
16264
-22242
16509
19772
1055
-23106
31132
24996
26619
18249
15321
21725
-3165
-14196
19565
13104
-23374
-20824
9818
32414
8986
17307
19931
-31590
2382
-32597
17355
13646
-2462
-16026
-20874
-20358
-14665
4304
5456
-6745
15586
29323
22143
-30456
-10409
9063
23411
-12763
-10307
11367
31101
-6243
20863
-17083
19321
14823
-9785
9388
17150
7925
-3705
-19833
-6030
15967
4190
-29722
8711
27905
-9440
10625
15692
-30878
-16373
-13633
-30965
-26265
-27986
5820
4186
24027
-2739
-19390
9771
32448
7210
-18325
32518
5187
-26765
-23310
-2391
24981
18630
-29276
32392
-20792
-6608
32136
-21956
-13190
29880
5113
14052
-11583
11473
-15330
18634
-4975
-16118
-6511
-11404
15806
17370
-7073
5499
-12970
29585
-22513
28791
30181
25324
-20868
21088
-24787
12280
-12375
23174
-26912
10976
-24955
24618
6220
5278
1834
-27774
10413
-22013
-15916
22906
30572
-29129
3477
-21518
18520
3928
-3068
-29892
18899
16340
184
18433
4943
17423
12299
-5219
21471
-1767
-32749
-386
22391
11036
-13335
27856
4025
19040
20229
31308
-12411
-25233
28076
15713
-18767
15845
29545
-12936
-22825
-8979
-8508
32428
11696
17737
-27591
17699
-1346
-2468
-27147
-17716
-25691
5639
8355
237
7788
9101
18279
-4077
-8875
-26685
12093
-6340
-1210
-20504
-19204
-14412
25768
26551
28379
-12184
26309
-16343
-702
23316
-17813
-9443
-5070
23009
10375
-4029
-1046
6751
4634
8765
10042
-11056
24872
13102
-1650
-3650
-21555
634
-4273
12790
-5275
841
-3341
-32554
-1281
13536
-13480
-15102
10909
-23067
-12176
21558
5081
-32576
31853
-13891
-21788
-23584
18304
16346
20417
-827
5956
-25494
5439
10476
-28057
-20692
-8523
-11071
-22140
24443
10848
-16245
12073
14938
31404
1934
29352
-7269
-6498
19873
4170
4167
16820
-24283
-11609
19591
-11786
27620
23446
-22349
11459
-24485
24639
9379
-28524
16750
12947
-24328
-10609
-27111
8662
32123
-4411
18655
-10517
9354
29252
5507
-22584
-10212
-15660
25593
-31730
22482
30304
-12263
-23369
-14359
1203
5683
-2027
412
7872
-6446
-27900
-27326
15669
21053
-10755
26798
32489
-31549
-11378
-9827
-19132
-29223
24312
-17566
6435
-7807
7197
27430
29558
-30561
6967
5047
32428
-27022
25427
5318
-15451
-4319
30288
-8749
17106
-1973
-20653
-3762
-2978
-17606
-25506
12394
-491
28758
7366
27928
-30913
5930
9594
-12912
-27816
-8751
-13609
31085
14334
8144
-13759
10864
23180
552
270
-2597
-6095
-11066
9780
-31646
21987
-7416
20831
7315
3401
16937
15275
31492
-13599
-15812
-7139
-24247
20443
15073
2390
-1195
24538
-15858
-19266
-27135
-1767
-18001
-30044
-11252
13721
-16633
-25149
-12617
32133
-15713
31900
30511
-11820
1320
7274
19762
-25799
28148
24519
-15988
25349
26677
28407
4690
-17137
6669
-22660
13229
20137
15712
19622
-18398
5717
26395
-14873
-3703
-957
-27557
26731
21193
28644
-28386
30725
22042
-1384
-7650
29983
2399
-25433
13674
-11338
26583
8551
32302
-10665
-29125
25600
-15420
-18545
21775
-9997
14782
-10651
2311
-9716
-28801
26725
-27402
14234
-22157
-19866
28594
-21729
16977
25499
4260
4991
16879
-3749
-23001
22194
-21995
-3552
-10193
29474
-19979
29540
14284
11893
-23211
-9860
-7426
-24586
18000
-17306
23559
-13987
13922
-13340
9400
6640
20201
11587
-288
12590
10961
10733
-27725
-16770
-2850
-16552
-24878
-15095
30213
1810
-623
-3669
22821
-22005
17727
2218
25951
10609
27632
-9286
-25625
-17694
-19691
-20502
-11301
-282
-30180
3247
-28766
1034
-18003
9994
9528
-12859
-4349
-7265
7089
12161
-20420
8698
19365
-2929
-30950
-14653
-2672
-5523
23959
-28942
-20764
32433
-24142
-11255
1883
29950
-7400
15520
30913
-23854
8504
10689
10950
-31075
-1770
-26459
23911
-23424
17586
4514
20289
30412
22916
26032
9035
-10568
24652
-11687
-2387
17422
11124
-13468
3121
-29641
13133
-25702
-14090
31284
23458
-30393
-27521
29086
24845
-19175
11643
-29745
-8973
30291
-31126
17293
4800
15573
24959
13278
4285
329
30091
-26877
19596
22635
-17021
-19061
-30038
7410
7321
6149
3201
2738
-24364
-30660
-29055
-2127
-29406
3741
81
15575
19432
4967
-19301
25582
-5279
-27317
-22434
28779
-27334
5078
-295
28887
-10992
2943
-243
-2747
-2782
14382
1454
-17817
3349
-24723
2391
-25927
3179
-31471
4982
9092
29703
28909
-7692
-19760
-3
2142
-7374
-2780
18643
-13528
1970
-26235
-31312
-23997
11838
-22254
-16662
-18193
-3435
-31864
-26085
28889
-15635
25611
22976
22070
4258
31107
24794
20119
14312
-28068
-26352
-5898
26730
31218
21430
-18755
26955
25711
32445
24502
26444
-12425
13739
-22096
-14549
15954
-31446
-32510
-10589
-18941
-8771
-29409
16736
17605
6393
-21766
-15046
32379
9131
-28002
2867
14355
14876
-15483
30357
-1041
-30921
26099
-5821
16804
-11747
-5096
29482
23669
31022
20015
-22975
-13788
-2553
-6785
-16130
-2232
16844
13956
31816
-9440
14144
-31174
-30589
31670
17506
-28063
-2058
27807
21834
-29896
-29193
-29677
-1273
-16516
-17896
21390
-517
-6690
28872
29625
-25490
-19798
-21623
31035
-32511
23915
-22013
29767
-21662
1258
13665
-25006
-5552
8101
21085
-19550
-27245
19586
23774
-1247
-6064
1854
14627
32410
27754
29962
-20908
-4067
14857
-29987
5677
16873
4129
9620
-20580
6438
-23555
6504
-8776
22544
-2851
-7811
12818
6986
10535
13888
-10255
4399
27854
8471
-10210
-1269
-5424
-16382
22401
8893
959
4802
14102
-16686
-824
24550
21968
1723
-18204
-1285
5117
-9340
6802
30670
-23573
-14728
-7162
13505
21200
4481
13977
22038
-7374
23519
7723
4144
-10798
-26473
-11189
10806
22856
7668
-2654
9660
14358
-32452
3187
23604
1341
-24274
-4112
-24245
-22005
25048
8137
-24226
-14593
6497
-19590
19371
23141
29263
-28264
16785
-22655
-4835
11709
-27450
30289
-19317
6640
-26359
32036
-11559
-12007
1565
4719
-4501
-2964
-32102
-12701
-7064
-23840
-20263
-5580
14065
-4626
-30410
-16941
-15951
13829
14217
6950
-11119
-3878
-30493
6961
14878
-16497
-6789
2202
-25541
-27955
-20387
-14603
15043
-1442
-20943
27928
12612
-27275
14685
-20369
5571
-30474
-13289
11142
-30172
7738
16489
14411
5827
-4830
-2733
1716
1559
4056
12593
-14924
-15635
25172
-27888
-10091
-11066
32528
-1929
18233
5524
10064
15794
31653
5309
-24460
29793
20596
-27414
-21102
12501
-32616
-30810
2032
-22448
5041
22990
31981
25136
20926
-20028
-22590
28225
-31127
3338
16500
-27910
29159
-5442
30762
-31248
-12964
7260
20253
28886
-25755
31826
-4108
22921
17718
20888
20810
30698
15705
-18799
18905
-29416
-17188
-27468
-971
78
-30325
-2380
-22623
15859
-20240
-12693
-30507
-20827
-22192
14101
-6819
-27498
-1936
-17087
-26189
16341
-8222
-21132
10793
-4235
15835
-2933
26125
-2594
24306
-23493
4391
27255
5123
9179
32546
32468
7461
-29375
19579
-3787
31345
-18152
14158
14749
8076
-22421
9893
-30797
-21450
-22007
27122
-18270
18854
-15432
9622
15165
27900
-30235
-28967
-32307
-30650
26565
20091
13821
-20105
23634
30712
-18550
-22046
13383
-23172
-17687
-11283
-3636
8856
-23635
32691
24244
-19288
-16010
675
-8861
21967
19600
-5867
23152
-12985
29032
-13572
-9238
14759
-398
2385
-17641
-1130
-8751
-23912
1338
28432
10022
18543
-14103
-29140
12275
7401
16007
1028
10733
-15904
11879
20256
30465
29366
26247
4882
2721
-29267
4198
-2197
19299
19768
-23944
27503
31543
19978
-13069
-11832
-1353
-23049
-6574
-14398
6613
-22218
-20540
-4196
-30169
30624
-23342
9336
-32051
31389
-14049
7361
-16775
-17351
-31756
4963
32738
-24418
22305
-1423
-10644
29670
25412
-9896
-20495
27585
103
-7012
16549
-5376
-14888
-19965
-6479
30491
25669
15431
2753
-1790
-17602
747
31593
18073
27859
-24540
6197
13506
22361
-7013
1934
26399
-9230
-7818
2918
-10008
2913
2592
4276
5106
18059
27878
1854
-6324
-3014
23443
-11116
30074
30356
-25692
27741
31427
-12136
28944
13576
18795
-9811
15282
17001
-15634
-31892
-16534
27057
32493
-1141
6258
-23318
-1150
5145
-12070
-10070
-20862
-9710
-8806
15645
-21394
-31839
-2501
10512
-10623
23128
28638
-27378
32429
5130
21206
5930
10054
-15152
-22748
13163
-7868
20978
-28245
29224
-7481
-6062
22032
20625
21553
-21089
13953
30384
1835
17988
-21739
-27025
-8382
-27648
7728
10494
-22741
-16296
4916
-7291
-22968
26810
28421
-14397
-31495
22023
-12775
-15507
22387
29567
-7842
7121
-26720
5708
9539
17758
16313
27579
-32765
-2501
9798
12799
12713
9241
19338
273
-22008
-24343
18635
12595
-28537
12755
17147
-32253
-17033
17872
-24136
12086
29158
-13531
19413
21599
26880
-8854
20321
12548
-9887
28185
20986
-1419
-3602
21425
-20914
31062
13887
-4819
13343
31228
-4862
-12247
-24322
2259
935
-22175
-14246
19075
18419
-2021
-8022
-16927
30563
1425
2141
1245
8713
-25715
-12419
14220
-31441
20455
10511
-22712
124
-31042
26685
-3084
25322
7639
-17860
-14148
25664
-23488
30630
-29017
-24887
-25769
-26582
-17121
-2374
-2329
18100
21785
-26457
-15569
4509
-19220
-13735
12626
23533
18557
28641
32205
-14222
-22383
3695
22004
-16652
5207
15339
-13630
-3456
-1562
18587
-19683
-5901
28636
24124
29766
-29104
10539
-24242
21195
7729
-4589
17734
-22893
-7211
-32727
-5644
12321
-18948
23564
-1501
-9255
-9668
-4601
-19083
-18187
2555
10380
2765
16089
4386
24634
-20621
5304
532
-19372
-29808
-15158
26644
25255
-19718
2354
-8777
19233
-26514
5338
-6122
30318
17017
-15474
20838
22064
-21194
23809
-31155
31089
18042
26000
-4827
7263
-22689
-19925
9781
-6252
11965
-28940
24988
-29782
-12571
-13064
-4253
2727
476
-323
26254
10118
15201
-28174
-1886
-17222
17021
-32404
-14830
-18375
-6682
-27501
27330
-18492
-9905
10558
18424
-6282
-28065
12404
-25809
-9588
21643
27482
-25585
-12378
-470
11150
-21178
15217
-32647
10635
-29651
26615
-12145
3495
8404
14869
7781
1287
31146
20892
-7274
3293
-16381
-18120
7957
-12041
-19062
13535
7957
19853
2255
-27519
3548
-14144
27938
-32675
-13359
-7594
-16430
391
3739
-19818
6502
19216
7586
4943
-19868
18833
9851
-6108
-11264
-22011
-30172
24842
15430
11862
3528
-6299
2382
15168
-26802
22338
21442
-1635
12873
-29994
8514
-14695
4268
-29627
30041
-12398
12761
-576
15322
-4660
-21500
75
-27475
-7318
-23898
16021
30157
-30039
-11218
-22193
-3823
26612
14254
4517
25022
19647
-32092
-10158
-12480
32156
6632
-4460
21910
-5159
10936
-11401
-32606
25628
-19214
-25834
12402
26303
5737
18740
-17463
16914
-28579
-3475
9165
3584
-20008
28709
28559
5615
-18793
1385
-5477
20808
14021
-20025
9741
14574
32421
5774
8287
30913
-12822
-5408
11198
-30465
3978
-12542
13617
31023
-18753
-11642
-1868
1719
-14567
29784
-28832
-19102
-31397
11075
-25110
11156
-31740
1079
-24185
27997
7451
-5733
-15567
-6144
21303
19380
6089
-328
9204
2661
26731
32727
-31160
16639
-22731
2164
21421
-15967
-14944
5495
31500
17523
-2140
-10859
20641
10134
20246
-32686
19877
4850
26455
-9420
7143
12739
-25348
-2286
19335
-13542
-26230
-21172
13540
19278
18213
-4184
23787
2363
28407
-24996
-21244
21126
28813
-19683
7693
-22959
12425
-1611
22315
3709
-31026
10600
-9944
-8464
2071
841
-17061
-12397
-25045
-51
-17623
-1878
-17703
-22102
10869
-969
28344
26716
15930
-27068
-3387
19605
25327
-19400
-3566
19212
10169
12861
4285
-13980
19584
-26098
21626
18793
19383
-26185
32184
7863
-30603
18148
15077
-21075
529
-15058
-20586
-9663
4508
-24316
-8823
-1047
16634
-1105
-11318
18036
22281
31193
31460
-21592
4478
-7336
-28176
6488
-24285
17113
4796
-28641
-32753
12994
29850
-23202
18706
13824
-26813
-22422
28633
4852
-25856
-28989
-22476
8796
-19222
-2706
21845
25598
4299
-28593
31028
13505
-22681
-17716
-2366
25614
-14698
27242
1435
-15404
8515
2697
-22041
-23118
32520
-27574
18376
9737
-15877
2095
6835
-29611
4515
27342
-10333
27608
-12660
-13895
12921
-20545
-13972
9096
-7601
-16339
-19052
10313
-6379
20357
-121
-7736
-1148
-11752
31555
2943
4045
25938
-24337
-7341
-7718
7445
31944
-26599
17347
-3216
3317
30962
-12801
17031
-10090
-11569
-29027
7433
6456
833
336
20795
18961
13019
1766
19682
-18344
-5084
-5541
-27329
-29480
14115
24078
-23264
-23775
7847
-6182
-31423
-14174
-8988
3607
24481
27717
30568
2170
6043
-15347
-31008
19540
-22077
-16363
-1973
-10118
11170
13378
20249
31711
-4725
-9513
-4301
9272
26919
-19767
-1660
-2094
12899
1587
-26191
-11988
-9283
8211
-3225
11220
19562
15144
18373
-4846
3293
-14002
-2542
25253
-1194
10411
31222
10369
17046
-18924
15450
32599
1821
-4770
-25093
-10529
17073
-13403
-12575
8443
-31764
-9658
-24352
-21076
-23381
2555
3879
17525
-276
-16815
-27082
-16307
-10551
6415
24156
9849
7883
-13973
16470
-18160
-18718
13687
-16501
-21433
-26908
-16825
12430
-2462
3024
-4111
-5174
-26299
25350
4941
16985
-9286
-25521
-12354
-722
-27200
-25130
27490
3690
8213
-23003
-23190
-12263
7798
29692
9506
1807
9895
13018
7753
29535
-26705
30544
-11154
4102
26655
7985
-30803
-3478
-30101
-22664
3719
342
22290
21772
-4684
-12516
460
-24135
-25972
16339
-9891
26909
26920
1812
-4629
-15982
-15253
-19908
-16039
-30609
20946
12206
-97
-21887
20789
-6578
-30813
9201
-9010
27311
26646
-22088
3700
23576
-11517
-15321
32754
-10760
1402
15546
24975
7356
559
-25847
9875
-10552
-11604
-5426
1857
-9271
-8916
16933
6019
21556
1552
-20350
18021
-11747
-5877
9142
-21503
16903
19676
32108
29691
29700
1166
19702
-4463
-3178
17593
-21510
3797
26676
9803
-13876
-22721
23108
-927
-8030
-1881
-19759
-30252
-27428
27874
-26266
-30895
-13910
-26213
11392
-14103
-14905
-442
-30411
-21636
27779
31043
-6413
-29607
-18280
-10984
1889
-16465
-11673
16728
-19757
8123
-20079
-30713
24249
6687
16471
-11677
-8485
-14686
-54
-2689
1678
22571
-1523
15613
-25659
-4593
29313
20149
29743
9143
24397
-21476
17170
29259
-29973
27929
-4988
-7007
-18123
-6018
28319
27229
31614
-28960
9092
8793
5246
-23533
-22977
14435
11490
30482
-31384
-21495
-6951
5610
1582
-30817
5579
18401
32061
-3709
20186
22059
-10138
-21144
-3736
-3695
16228
2431
29441
-4123
4421
-31742
20030
31397
-6295
5080
-30673
24292
14425
14391
30674
-5602
31786
28133
6087
19162
28486
9994
-15784
-12119
11612
15686
-20305
-27480
-5545
-529
-13294
14455
4559
-18586
14164
7004
30364
10017
31702
-30151
-11534
15897
-7188
6605
-12217
-19771
15247
-22080
-20982
25058
8154
-9962
11192
-18614
-16977
-6056
30244
25315
3943
29201
-14789
13444
-24259
1688
13419
15816
-21721
-5267
-4637
16992
26798
-30983
-32215
16364
-21632
-24902
9215
-902
2893
18822
29713
-12140
-18104
-22440
26364
21874
8618
13637
-28235
-26863
22394
5760
25710
-9292
-31479
-31667
2499
-26155
21752
-2565
13212
-13965
-22049
-11947
17193
26072
2491
-8588
6424
-391
1412
-16873
4411
5731
27674
-10629
-6166
-8077
6308
-7108
23295
9809
29584
19819
24775
-16830
-7152
18066
-14779
-12487
-9199
21736
2043
-559
-24542
-27394
-15832
1123
-22859
15516
-18721
-25773
-5040
-10532
32248
31349
6668
-22263
-22160
-25102
1322
-21270
-24216
30939
30638
-6933
-24620
11391
-31297
13739
24387
13200
-9158
-23600
-17272
20851
24173
-22043
-30553
-21298
2829
25989
18292
23965
22569
18432
-32598
660
9582
3778
18969
360
23155
11260
30583
3744
26257
14251
20750
-16089
-4469
-2160
-28093
-31399
-19462
-21873
1994
-9291
2058
22063
5075
-8809
20036
12905
12175
19901
6456
520
9324
-32348
10951
-12247
-25086
-20297
-21733
-10122
802
7906
-29118
18827
18310
2211
-2954
20864
-22324
12151
22447
23171
16245
-22952
7375
15960
26757
20654
-25836
12416
30026
-10783
32684
11152
-11749
-24151
21095
-11116
-7177
4468
-30322
-25516
-13218
18274
18524
-23244
6451
31564
-24376
6452
-12042
1165
6512
-15062
-11724
32664
-11409
18991
898
-1015
9352
-13680
30073
6328
17949
-23438
1607
-1619
32210
-1446
-20184
-15312
31123
-5517
-18546
492
-28842
25420
3774
21596
4916
2245
-31839
2780
-19380
11720
10535
-18595
-22817
-23711
-2416
29952
24446
-17495
-20254
-11893
-16041
4893
-24106
-22475
-27066
20946
-30152
6216
11966
29289
5613
-28477
-1664
-16427
14179
-5690
26759
3865
-9745
2214
-27857
3359
-15730
12836
-5754
16352
19693
-23194
17125
6013
4699
-14269
-5571
-3483
10021
4059
1843
-20431
26437
-7767
7190
3912
-526
-24458
537
11632
24318
5001
21312
9889
20498
19661
32564
32475
-23431
-4974
10068
3445
-18113
23574
-14109
-4803
-5322
-30264
30647
-15510
26072
18811
3930
12765
32213
-3109
1705
-31506
-13416
-3181
-18051
11631
-3065
30406
26330
6888
30791
-701
-18692
-10944
24863
-1795
-15581
4020
7909
22036
-17519
-17698
20109
-447
-26471
23645
-31621
-4231
32480
30749
31196
-17840
5980
-26466
-3355
24293
-7048
28863
-2239
25047
18126
2942
22430
20042
5907
27249
24057
-29672
-25989
-14697
5119
-25642
20659
-9819
-4664
20259
22967
18351
-31857
2054
-31003
6358
-9664
-1216
-14649
21709
-32057
29680
-21989
10233
-22193
-16917
15345
30767
29549
-15146
-22510
-21608
13102
-25817
-29296
-30239
-31025
-2414
29497
2684
-25095
13370
-15944
-31468
-15373
-7435
13350
17027
13884
23704
-168
50
-1588
-30892
-9014
22344
-23072
30353
-25100
26126
-19301
-18131
31598
-17166
-25167
-16656
-7808
8127
-5541
-27480
-30366
-9869
-28179
31631
5842
30425
1834
-6476
-16290
10208
-11706
-4118
-20110
12500
25426
12423
6173
-20805
-27949
-32454
19229
-24881
7563
-27365
3736
961
14043
-27257
5229
-24411
-17800
-30054
-30148
-406
-29200
-16978
9691
-26517
-7450
17684
16941
-27566
-18641
23020
23019
-29431
2724
-22804
24788
18717
21848
10789
29461
12172
-22403
17152
-19882
-22707
-8813
-13478
5666
-14951
29823
-2523
-1953
26489
-2352
-30651
17515
-22542
-21515
-17645
1292
-13770
-72
-16320
14508
12921
-30384
-28717
-15537
5533
20152
-20157
-13570
32322
11858
4019
7433
-19369
10812
-16164
6910
2396
-25495
19405
2988
15022
11170
-5115
28533
13839
13655
17152
31990
24040
9690
1452
15886
17870
-19844
3005
-13788
-18241
-31883
20194
27653
7197
12621
-323
19169
11277
-6873
19534
-13337
-30197
10141
-1904
12702
12180
-11659
-15500
1401
-20955
21256
9351
24563
-14205
-22322
5833
2581
21153
8510
23958
-25210
4362
21409
-26530
12662
-8223
1413
-11410
-6911
27584
32490
12254
-32255
-28168
-29143
20308
13146
28733
-30449
10270
29822
-7950
-26365
-1723
-23529
10474
24447
-8674
11924
18910
-190
31263
-3538
9065
-27318
19729
-11457
22291
6624
-26358
14191
-12915
-26022
-22739
2744
-23210
2276
14446
-23287
-9407
-24727
12468
-31574
9259
11322
4094
6344
-5579
-20659
-6694
-16811
16954
6590
25103
18772
-6498
32765
15391
-23788
-18686
-5440
1565
19930
15052
-5902
-11484
-19668
-6090
-22230
-7334
-5204
30672
25360
6721
-12933
30170
-142
-3382
-4641
18649
14098
29736
24525
32764
10189
-13262
-20024
5543
13993
-13691
-19039
10995
31603
-27526
13380
31962
-11973
13522
-215
-21547
-20742
16758
22782
16267
1078
20210
-18509
-24459
-12490
27016
7330
-21864
25886
-21816
-28078
8018
-3580
-15759
-25869
-154
8801
-31473
-6549
-10261
31202
26386
10861
16857
27873
-4720
29020
28959
-14328
-25677
-19145
-7890
20837
1378
-24924
15715
21520
-7759
23008
-19255
-22043
32002
-26166
6684
11645
24686
2145
-18490
-9120
-30144
14520
-32126
-27400
30383
-23715
25355
1811
-12840
-26182
-2249
8534
29216
6318
12736
20890
12214
-4681
1871
-16559
3769
9306
11424
12425
-8843
-31213
-23387
4623
-21677
23877
27949
-20780
13448
-26731
-26961
-5876
-18238
-28410
-14864
9973
-2091
15108
32577
-826
-12919
5907
-20414
-3448
-2476
15383
-24125
-10759
-10353
-23837
-31708
-12182
26264
-18890
-17414
5983
-16788
-29581
29713
-1344
-27397
12960
10781
11056
-13771
28360
28295
15014
13583
-11896
6492
9738
23944
9215
-7522
15111
-1116
787
25646
19165
15620
32099
-16288
14836
136
24634
-22017
-3216
23895
5851
13952
12127
-14724
26943
-30930
11905
3709
-1553
18198
11620
-1489
24690
-31499
-2713
-30008
25965
-16200
20375
-17710
14005
-11586
-1559
-30079
-12988
17872
-23121
-18354
29821
19796
12860
-18639
941
12095
16662
27057
10421
-12193
11726
6824
18100
-6347
-648
3540
26864
-23989
-22407
10766
8600
-22411
-27222
-8613
-7392
27776
-24365
-24540
-19400
31923
13221
1729
-31807
-18011
17727
27672
-4674
13413
-16061
-7413
25514
-1864
21808
-10451
-20655
11578
18083
22824
6273
4584
24512
-22919
17205
2210
20190
13510
-13563
-22172
11985
7317
-9830
13073
4859
-21854
-1394
1114
9700
31688
-22881
18668
-32701
-27603
2098
-17489
19335
12939
-2911
11002
-29624
14723
12257
-32600
30612
16510
30576
-1162
5720
1483
24046
-13019
-25576
-18141
31574
-27894
-31770
-8187
28027
-9049
19105
15191
23911
16573
-8040
12995
22565
-4253
-31742
-11813
28961
-4703
-25205
1532
3540
20786
-365
-7022
23535
-10604
20542
-1224
-29238
-7251
19860
11123
5336
-10385
-25926
26841
-17936
-2730
-14590
-19118
-11368
17446
9607
-32638
-15842
-19524
-23261
18296
-15543
555
25735
26498
-9934
9723
27879
-27882
21501
13313
30965
-17477
31383
-24890
-30022
-7401
8579
-19794
-17557
11326
23233
17852
21760
31416
-2012
5803
14710
-16996
-19536
30503
31995
-17882
-24713
2202
-19264
-6620
20659
-26346
25295
-12642
-30998
21378
2441
17153
-20397
10489
2747
-32348
-27418
2065
20649
27373
-27597
-7200
29115
25330
6426
29454
-31532
-7919
-16501
-27469
2224
-23197
9873
-3613
-13943
28107
8741
15930
-3467
17277
22508
30045
-8801
-7002
32226
2879
15546
16868
-3033
-2563
-3521
-12538
21031
-18904
-13247
-19372
-21727
-23041
-23127
27959
16262
21443
27668
18770
16433
-6826
-19752
-13403
-23399
31755
-19407
15163
-6101
21587
-19096
-27520
-16823
1372
-28510
-11765
-6929
-6607
-3648
29511
10216
-26111
27200
8131
-15177
-27207
17037
-8701
22525
2193
-23388
-32249
-20200
-12866
23860
26002
-3753
-18990
-27302
-682
-22371
-14785
-17992
21627
-16576
-22289
-9090
-28155
7838
13793
22281
31571
21444
-8498
20926
-21046
25952
17450
-18004
-14958
-29050
-7331
-8769
21342
14114
26755
-2091
10844
10776
-6640
12055
11278
-26982
17934
25265
-18874
15738
13782
32123
-31402
-22371
30630
2233
-29403
20244
19603
2614
-25255
-12074
-19469
-18104
19369
4779
-15629
16283
25607
21263
10884
956
-3044
-9612
19064
7775
-17152
22581
-6965
-6187
-29122
18135
-31194
26739
-27690
29496
-25684
19608
1822
-17033
-18178
-31335
24737
62
15995
10902
17113
19520
-4595
30515
27870
-27992
-16259
-29659
-27287
15434
25065
-24899
14302
18393
29376
26236
-24889
-27513
11832
-13259
-12529
27488
24655
4488
22820
-3617
16202
10079
15866
21175
6751
-31096
-31997
19234
6001
1420
27461
4147
-25620
-12464
-13645
-23214
11139
-17558
-32624
-9095
8435
-6692
-29981
-19209
28427
-29267
11261
16914
-10443
-21508
20475
16928
10234
-11348
8730
-10274
13489
2978
17086
-20674
23460
17622
-31669
-2527
28336
11831
17366
6619
-28565
-10899
17824
-27157
-23411
-16336
21607
-10223
-29041
-17130
11853
25741
-21793
22423
30525
-7416
-28954
-28061
20678
19913
2863
7079
26547
-4518
9905
19223
-4404
15411
20691
7145
16475
4132
-22881
-488
-4742
-3856
22743
-29085
692
-23233
16769
-18394
-19790
5421
28281
10386
17612
-14697
-18292
-21163
9125
1639
-15301
-27827
11649
-3233
-24422
15711
20805
881
14404
-15306
-30406
-14013
15896
-15129
15827
11266
-7329
-232
8233
27563
-9456
-4106
-7261
-30740
-1327
14829
-28906
-8028
29805
-25391
-32606
32473
9913
-5441
-32382
-16721
31522
18401
3431
4946
-28055
23283
12184
28899
10218
-19633
-31503
-24180
-8108
-31649
-15379
-3018
-29713
30444
-5722
-15553
-19850
-10878
3713
22120
-416
-32359
-14335
-5413
-29577
27909
-31995
-30058
32423
701
-6416
-29399
7928
-28696
-11890
-24607
-32091
15718
23990
-12860
19191
3492
13191
26865
7045
27410
18083
29571
26257
6045
-15238
-17379
29400
-21622
-13202
16087
-29066
-21494
-3337
30057
-30384
19872
29364
4218
-7950
5780
-16238
12526
-7627
16479
3499
-29040
-27734
12614
-6131
-19820
20691
-10943
-2883
-16836
22813
2537
18054
-7398
18746
3538
1980
-16407
28907
-24815
-23463
-25389
-25886
-2592
-5449
-19090
23909
26848
22492
-10217
21688
7985
-22953
-11686
24625
-15191
-32317
13232
13444
7667
-31919
17668
27513
-19566
8907
23490
14014
138
2930
18361
12329
-11773
-9839
5573
-592
12870
-2127
-15106
10421
29033
18601
1808
-31016
21268
-17687
8596
-15871
7292
-31370
18935
-7842
24132
-13087
-28255
13599
-12299
-27316
28643
26468
-31429
22028
-27769
17252
19728
25334
-1973
-27879
11456
10455
22637
11587
-30142
-28200
-5772
-3417
5531
18485
19388
17606
26935
-12092
-20106
-28523
-19797
-16153
-17649
14846
-12405
-7891
1866
13256
-7319
-1033
10488
-19026
24270
13417
30504
29376
-5219
-5261
7493
16656
16237
12312
26715
16635
-25210
-24788
-18412
7447
17590
-13505
-11132
5510
-4318
-14846
-10924
5507
-23752
9196
29004
30627
22553
1789
10125
17206
-24861
-21275
20325
-30897
-647
10609
19955
16666
-1230
20821
-6225
-9757
-12487
-3350
-13775
-16160
-15360
16855
-19989
-155
-19315
985
31998
11822
-11216
-13593
-157
-9165
22150
32097
-17694
11168
-28985
8094
-10928
-12962
-10857
-1210
-26394
-4214
14150
13998
-32712
29089
23560
6031
-17564
9460
-277
-25498
24828
-14370
13746
-17299
-23604
31463
6939
-16166
32305
-7875
19597
-19799
-27360
25337
4562
-1214
12628
-3161
-1501
26092
-21918
-19727
13915
-27267
11185
30317
18143
32186
-16705
-31093
-24459
-17582
1952
7541
-23342
-3948
4170
-16245
19041
7246
10381
14028
-18345
-14543
-2590
12635
-6393
-10296
30420
-14449
-27913
7407
-7731
-10823
14795
14723
14473
10489
-4198
-13302
19315
-17084
-27380
17897
9033
12523
-13125
11244
32636
5259
8032
-23146
13483
-4274
-26161
10065
25075
20146
-22142
-181
-14979
15399
-14750
-31660
21049
2063
-5413
462
-6768
-7616
28828
3097
-19076
3608
-7268
31969
-29989
-8963
-11511
21419
-5425
21399
23208
32464
-6669
25017
-11841
15285
-5195
13983
5863
-32310
4419
-7444
26525
-8609
16258
-4319
22958
17252
-1056
14838
19652
-30807
29878
-31936
20221
-6491
8408
-22708
-7060
32740
-2206
19541
-6320
-13314
12800
3799
6579
-4387
21230
-23503
-18885
-20279
12230
5969
3591
-22725
-5679
32596
-13238
8377
-1730
-25851
-15261
22092
-13346
24923
-23864
-31589
-30632
7198
-22031
-28171
15633
-11334
19213
21549
-1635
1106
-15370
-591
-17495
-31079
-9848
12598
21293
16850
12011
31817
-14720
-22601
-21513
17087
-10082
-23653
-29266
-7387
-1153
-16478
19218
32287
30748
-12277
-24071
21615
-31174
-27498
-32037
-31240
24080
20764
-5150
19186
-2223
21158
-12323
-20512
14160
-23136
-14552
-13353
-25153
5247
28034
180
18421
23803
25657
-24691
1423
31898
17414
5450
-18553
-28006
-28317
2722
6658
9999
-20191
16931
-32728
807
-15658
-31764
-2961
-19424
16160
9672
5313
21335
-10817
17836
5712
503
-5340
-28273
-18964
22695
29049
-8880
-4337
30139
10010
22055
21174
-5327
4171
7773
18486
19845
-14084
-15483
-13693
-10711
14077
-19021
-13256
25346
-21790
-23064
1821
16178
-26705
-12167
-11674
7677
-9086
-27459
8052
-15955
-13570
22131
-23605
-24227
20273
-19177
19172
-1072
3662
-14192
26166
28966
-2096
2036
12692
6781
-22538
-13010
-20474
-22995
-3509
11845
13264
-19941
-24626
-28098
18655
-2866
-13409
31395
-26775
21459
-23871
20505
-1546
29517
-21466
7108
-25958
-13168
27188
11757
12645
28885
2877
-10107
-29321
-32027
32120
-16839
-31290
5820
31871
-7938
8016
7623
3519
23485
-27844
30549
3817
15129
30532
19150
-1185
19816
-4436
6726
-28302
28779
-17537
25405
1298
16115
-21824
-6159
-7302
-4463
18666
-569
-7297
5358
9194
-15579
26649
-7795
11029
-29747
15200
1079
-20217
-2970
5170
-8847
29339
25003
9727
-27068
-23785
18988
-17931
-8593
-7895
-7397
-725
263
540
-21060
327
-9530
3890
19021
10897
17525
-15495
-24359
14598
-16973
-22972
26455
11924
-14903
-5465
14565
-7410
-25623
-5727
-23851
16352
-28268
21044
-4246
15768
27283
29754
-23969
-27459
17910
9130
-27638
9453
19051
-22025
11354
28339
27556
29209
3167
14691
-20611
330
12231
30591
-16145
11295
-20170
-169
-8443
-12417
20019
14240
-7343
-9346
4398
-2664
-9448
15666
11190
3502
16505
-10908
-12855
-8989
18862
28302
19478
-32535
-23778
8036
-31611
-18323
-31029
-1438
650
16082
7326
9712
1561
-10876
11950
233
12589
-24639
-7998
16001
27415
-25504
-21095
22732
-29607
8005
-10430
-16742
32427
-1248
8743
985
20059
-21404
28022
-20307
-8010
12530
-24585
-19673
14975
567
-7496
-2277
-25388
17192
-11449
-29428
-18595
16900
1486
-16919
-4912
-24883
16044
8441
-28815
24491
11262
7444
-6396
-27958
5213
-10302
13203
-20877
10927
-1832
8585
10389
5078
-26355
28729
11292
11404
-27468
-13350
-24147
-4552
-3618
4898
4452
14004
1798
-29769
9434
3748
-16413
-17122
-15372
-17256
-22781
-10262
12800
3030
23372
17134
9937
-13332
-23427
26154
25625
-18036
-27001
32110
-15306
-2205
-16150
-6633
-9365
-30167
21801
18018
12084
-12500
-22567
-22949
-21890
-22315
-3274
-14668
-9675
10456
-21304
24418
7981
-23406
13604
4583
21936
-30852
13763
29337
-8460
-25741
9651
-1017
10870
5600
32065
-5621
29697
12485
-29245
-12193
-21505
17460
-10499
3538
-16560
-32369
4868
-10916
18856
-1074
16638
-2374
20088
-9259
-29015
-11120
-18937
-14605
18140
-6428
-7891
24944
6708
1273
-18152
-26924
-2663
-3700
11186
11271
19333
-3306
17350
-18260
11114
-16129
29609
-28993
19398
14230
-8622
-3985
32628
-11915
19081
-20518
8853
-26156
10975
3038
15120
29529
-7034
15819
-16432
11731
-3424
1358
11856
14958
26875
16241
28798
20717
-9414
-22435
4370
-18276
9666
26400
-27846
-7723
31292
22404
-18099
-27944
24668
-7519
-2658
15856
-21578
10039
13641
-12943
7816
10321
-25441
16701
27712
32303
-20950
14121
10252
13927
2422
-23734
3556
-13978
-9096
17357
21218
29005
23667
28179
24827
-27145
9344
636
18777
-10145
19694
-18280
-4109
-20193
-19376
-18783
-7127
30901
6179
-25940
-9653
16755
16038
889
-9622
-1124
9032
25030
-16565
19801
1452
-15106
-5928
-29457
-28251
-5056
5109
19540
-27593
-24095
-19584
-14683
-27337
-8606
-30649
22999
23536
-24087
10179
-18110
-28202
-24599
31592
-11945
1528
14908
13035
-21245
-32256
-13507
26781
-27933
21238
2350
-14227
-12446
13405
27502
25674
10012
-4682
23659
-16416
-23877
13646
21569
3662
3460
-4206
-16323
-5482
-16498
31996
-22658
-11480
-938
-18210
2765
25499
27523
4644
-26193
-8939
-6490
24752
-19335
21693
-14262
19543
6275
13401
-25019
-8494
21316
-29547
4762
12450
24128
-5890
11326
19972
-17540
-205
8575
20202
22534
-13300
14922
7194
5560
14572
2708
-22716
16587
-12739
30128
15930
-4056
-18849
15213
-29799
-21195
21089
-23408
-17034
-14040
-20333
-23686
2920
931
28850
-10181
32456
18774
-380
30667
1521
27773
-17508
31865
-11449
-13858
27120
24611
4651
-30933
30855
17492
-20864
-12131
19991
27957
24377
-14630
22116
-18344
-19538
23291
10570
-3984
-25184
-4480
29638
5473
-6052
-24264
21802
14474
-9944
15446
5586
2212
3654
-22116
-26857
-30465
20169
2558
-13295
10639
-30650
27316
-14098
19621
-6878
-26024
-4578
-15766
-24631
-27979
-9329
183
-21326
32165
22833
25448
1454
22317
17394
11738
-4095
6897
-19986
10074
32003
32446
-4008
5381
2643
6729
-9651
10785
-11242
17296
14601
-14123
6382
-28433
5781
-15207
7390
17278
-8056
-1093
1422
6531
15276
-24495
-3415
4158
-11673
-6741
17214
27663
29806
27238
-14419
26488
-11505
-26387
-29161
29953
-29019
-28408
-24238
-20865
6664
1858
21804
-19403
-9075
-17794
-1327
17842
21901
-863
-18712
-1750
-24256
-16747
-18347
15225
2476
19071
-17639
-11448
26752
-29719
-30624
-4377
-17012
16062
-22449
3045
-15069
-22245
18394
23174
-5002
-22710
15533
21327
10027
-436
-16015
-14571
-1574
-27804
-16606
-31046
23732
-8932
18157
-30508
-21001
-8590
4769
-21247
15965
-25917
6655
4849
31147
14027
-18034
24555
-30075
19600
-30423
14227
19101
-20964
26630
-23783
31907
-10795
20293
27136
-29918
6253
31606
23650
-19310
25283
32060
6970
-5934
29202
-5065
18085
-2416
14423
-9033
11286
19268
-1815
-4452
19687
15275
-6498
-5552
12001
438
-20726
30084
-29287
-21387
-20126
-8730
182
6731
-30188
-21920
20133
16704
-22613
-7485
-26870
-6754
23956
12757
-8643
8416
6842
9329
26791
11254
15560
5846
11374
-20994
6271
27870
-21099
27596
1832
1656
-17259
-1475
-22583
-22189
30439
-2869
676
18754
-1611
21110
-16139
-19841
-5896
-4463
16554
-19781
-15313
12025
29242
11970
-21024
-21324
-23675
-29037
-2517
-5164
-23514
7093
-30144
27369
2489
-25803
6539
-7168
4212
13862
32520
25159
15192
4634
-7270
-24594
-301
30961
32340
-24425
-30480
-4722
-30633
-21156
32000
4446
-19277
27246
28778
-23103
2445
-30129
-28041
30357
-533
20095
6324
-9033
-24875
32312
-27305
22560
-29144
11493
-17919
15601
-32473
-7810
-8996
18663
1869
-21066
-32299
26765
-23826
4995
4248
17977
4353
28152
11876
17138
31611
-27751
32248
-16218
-3259
-26879
18470
-9191
-12521
19443
-29405
30848
22477
3496
23961
-5709
-28514
18781
7414
-18983
26083
17212
-14480
23699
-4519
-22274
-17607
25841
14913
-30829
-10941
6056
13046
17748
11652
27849
27428
-16389
-17874
-32020
-32048
21805
-18743
-31259
32618
23154
-742
-26025
11690
26952
-31601
-26367
26959
15891
-27746
-1426
-10168
-4382
28279
7495
568
27450
15246
-23196
12471
-11830
-28266
-18976
7985
17446
24130
-24091
-14865
32759
-23735
19833
-6950
-2792
-7340
-22397
-22531
6563
-3538
-3530
29863
31455
10907
-32542
26567
24013
-8603
-30772
-3975
-18512
22094
21697
3797
-31630
-13419
4587
-13350
-5939
-6749
-21539
7534
-24597
-224
-21186
-18341
21489
20981
-21771
16014
20174
-16891
13648
-12854
-2911
-165
-29685
26826
-11066
15632
7199
16770
32756
-32191
26336
4376
-24786
-24801
12493
8559
11889
-24292
-32722
-20748
-29601
22824
3408
17259
-20254
-2224
-10288
11246
28659
-25400
-30872
31657
-3013
26001
25132
19819
-18699
-4726
-5078
16229
31463
15653
26498
-487
-22403
-27630
29101
-2807
-24686
1333
-922
2838
-30188
19366
-15382
15358
-22574
29024
-31794
6951
20792
18053
7110
-22784
2542
-6258
-28339
-4571
-18720
11142
-26862
-4801
22316
2370
-16210
-18143
-25894
-2816
17898
-1100
-3720
31255
-16044
-4567
-24042
25818
-4547
26546
21495
-3198
-1195
3493
-15779
30869
-26965
-32094
23882
23724
-7248
-5582
-17966
3892
-19534
1504
10847
-23738
-7009
19259
5122
18399
20655
-5605
14948
-10764
19176
-6620
-14417
-5506
22051
2281
10216
-25863
-18645
25581
-21908
-16225
-1281
-26243
-32294
-17802
-14808
1710
-1455
-8820
-8498
-14345
30236
1253
14578
24370
-17575
4911
-15110
-15553
-15831
-11983
-3920
3699
31593
-18759
15436
30253
31468
30764
-32135
23983
-19087
28054
-30492
-16329
-21502
9823
12316
2672
22312
24924
5233
-25116
-26943
29594
22245
-26443
-30647
3416
-3093
-23896
6237
-24533
-9831
28459
22372
-22277
23324
13036
11452
14082
18003
-18233
9937
29847
32494
-19834
9980
-16486
-1219
4206
-30055
-10059
10294
15996
-23373
-16102
13579
122
-12548
7126
-17734
-11065
15984
-1329
-20902
-15840
23002
2914
-15286
-22293
21338
-9420
-17068
16481
1829
7525
-165
92
-24548
-14236
-28872
31954
1531
-24567
-5652
847
15394
-13635
-24688
-7216
-3365
-20828
29794
-12000
-31032
10810
-13790
5134
30032
-14403
-9724
7271
30006
-25218
-10412
-4479
-21390
-23222
-4297
-11740
-28697
-24433
-22519
28208
22526
26695
-6140
-6813
-27616
-14428
-6793
10428
-2022
9263
-15424
14825
-25276
-2417
17629
30712
25796
2545
-30519
4975
-28681
-21391
25575
29184
-18834
-26734
11179
-3485
12386
-15519
17744
-13563
15601
-3367
13113
3873
18004
7319
-20096
11843
17834
-11493
-5817
22124
-13415
-24161
10630
13048
25740
18549
-7125
-8733
5
-31501
-15118
4608
-24107
21143
21275
-16639
24093
4559
27646
26977
19774
-12255
-29862
-19562
-28634
15068
73
-30873
773
21095
1003
-29112
-22318
11969
-15568
-7905
2154
-28541
15368
-32083
-10091
-11681
-10259
-9262
-25406
18923
6285
5973
25501
10357
16553
17576
20145
-18014
-15238
-23859
-12203
-17477
-17114
-11086
8131
26715
15091
-5438
26666
-32466
7592
-999
1154
-25166
-11005
18030
-6588
-7598
-7163
-27249
-26805
8070
-28403
-23202
12090
18294
27615
2969
22700
25098
-15202
27373
-30676
-20491
31029
-12394
-27938
5622
-24846
10861
13685
-18623
28837
2528
-4880
-25654
-726
17436
8392
-872
12634
17319
5643
-12245
-5297
8571
-24052
-20785
12034
26021
23232
15270
4910
27785
-26131
-26222
7130
5602
1785
-11366
-29116
-4185
17349
14082
-22377
-24592
-29360
-4297
-22108
27877
-9497
1922
23973
-31613
-19316
-16931
-850
-18089
-3955
-12447
-13357
16462
-17474
32678
17094
24635
9952
11398
12774
-22627
2179
-28939
-4403
-18348
-25377
-3607
21393
26202
-6
-13773
7612
-9748
30916
-22587
27780
13751
180
-8171
-10228
-1605
4750
21707
14809
5540
9288
4831
29239
28964
23052
-14879
-24666
-27481
-23538
494
-6603
-26604
-8637
-16818
19583
4490
-12667
29379
19102
-15851
4808
1490
-10966
7550
-10808
16015
18525
6919
-7501
3894
27065
23908
-4508
-22026
29060
9447
-8547
-25677
-17452
-8392
28480
32713
2815
-185
17398
-14527
7153
13999
-7490
9817
28328
30958
19387
-6
10839
-17346
-21083
8980
-3328
4157
12439
-26217
4224
-26869
-21031
16222
28567
28704
11069
7182
3069
5149
-20908
24755
30478
17256
30610
22237
29483
28379
2292
-7505
9175
-29813
-5869
27160
-31909
16905
24317
-18257
-6618
-26847
20291
-20763
-6315
-25798
-20766
14538
31426
-21672
6071
2138
-15077
8592
-7614
29200
21420
-20676
31699
-26629
9582
2314
8290
24687
22316
-785
15
19977
-26499
-30759
-11134
-11987
-2414
-18211
-14677
6314
12345
9151
-32682
-8035
-25312
7736
-418
-2918
-27297
-22153
14284
-13998
-29410
-11032
29968
31783
-7530
1708
-7611
7186
-6342
-7763
-17977
-1723
-31167
9897
1348
8381
-25414
7344
25249
13166
10203
-19931
16131
6482
24052
-24117
2265
-29435
-30570
18079
19956
1656
25141
-29799
-20818
10735
30132
-24934
-24799
20947
10928
13067
22848
31107
-11919
-12727
21025
2758
26518
32591
-3659
7700
-14154
1920
32017
17498
6534
3405
-32060
-27953
26923
24303
-14883
6964
8322
-29671
-2539
6150
-8106
10833
-23546
-15365
24986
10871
2724
17205
-15922
-24291
14937
586
21122
-26434
15518
25947
32211
-18225
14096
29334
3353
27728
4983
-26708
18764
-17791
-12628
-21850
23020
-7998
32384
8496
-29438
31849
3516
-15078
29919
713
31728
1453
15222
-20331
-7457
18497
19346
-15836
-3139
-16967
498
-14183
-27388
7066
-13968
-506
-16110
-175
78
5166
8444
1837
4481
24066
6255
-1845
30788
11787
19562
-29310
-7996
-30154
-13642
29524
-13155
-26376
5075
404
29452
-27211
-4629
-16569
-24810
28736
-3301
-21362
19677
-9139
-7733
-17953
24803
-4196
-244
-2052
27014
17994
29043
19585
-32159
-29659
-15606
-13489
31746
-22032
-5560
-12418
22204
-14026
30347
-3944
5608
19262
-8800
5297
-27845
-29122
-3464
11451
-11086
-15097
-28999
16262
9436
32716
-16047
5414
-15787
18150
-7702
-30089
24972
17472
-13435
-8692
-20073
-19707
1676
-27143
4803
-11923
24290
3616
8405
22409
-19170
-6725
-29868
1863
27743
19289
11802
-13478
37
-21218
-6328
-10749
9506
-30474
-15701
21471
-29058
-1984
26156
26330
-7983
3947
15032
28726
-16485
3913
-31920
-22171
29550
-14163
27394
7019
-7326
18625
-3884
-32740
-4350
-25103
20137
-17483
-31099
24511
12516
2815
-28869
-18457
-13700
4636
-14251
15361
28426
32456
-20625
-23632
17388
29606
2270
6892
235
-899
9680
17651
29101
-22817
-27270
-19195
31411
-12087
-1240
-17528
-8716
28029
-14474
-31869
2579
30466
-30999
-1039
6126
10863
-13046
1809
-29065
23266
11819
29210
18731
10575
-22405
-23352
22944
30411
8748
-6818
21682
25808
-28300
-16674
8582
11742
-18082
-19789
31953
17068
11198
9646
-21747
20764
30265
-21479
-21580
26050
-14061
-5352
8396
22696
20264
6812
-24485
-11757
7244
-30150
-7147
-31472
-29496
-20456
11322
15096
-13813
1011
170
-5226
6925
10236
-30463
15882
25511
-27293
-11814
-24004
5499
11385
-7102
-15955
-32369
-12560
-24909
-18521
10987
-15886
-21954
17693
-25576
8389
2961
31789
-32247
-17074
14241
-15806
-5257
-14176
-21676
-3596
-24661
19912
497
-10128
-28136
18592
13867
21474
8221
14911
8414
-25135
9341
30390
19364
-9791
-31812
4627
-13617
-7801
-11517
-1925
-16949
5026
16925
-15964
-11680
14995
-15399
10934
-28857
-21043
14745
-1564
26775
18097
-24743
17474
-3599
3792
-1297
20843
-24601
17943
11229
29325
9018
24875
28201
14067
-8275
-6464
4924
-930
-17283
-2930
4528
-12033
1714
-10916
3877
15460
-21043
-23088
-19024
6327
-6431
-2198
10936
20457
-4574
20425
12138
12538
16483
2569
16711
-1358
-7200
-17027
31091
2390
-15400
-8558
17010
1451
27998
-338
14703
-27552
-16934
-12321
6072
381
-23938
23097
-18887
8450
-16875
1961
-28898
-7607
-7770
-10248
11750
-3102
-3658
-22092
-21235
-23543
1990
16190
-7246
-8854
18471
9510
11704
-11582
11066
1023
32216
-26631
32289
15932
17855
-22054
-19048
22
22811
-4193
2097
26339
25801
25664
-15504
-10986
-27105
29660
22765
-11117
16775
-26860
-30949
14439
3418
-16217
-15572
27856
-12348
-22708
25547
19489
-29535
-3982
-692
870
-5404
-10845
23811
-1537
-31379
-9205
-26639
16231
20951
26219
-1756
-25493
-27190
-20060
30115
-2834
-13637
18529
-26356
-4161
-8196
29356
-15233
-13433
1796
-28400
-10505
-1407
-23136
-10819
26696
29443
-16648
-12091
23110
-28089
-5599
2817
9301
-31119
-27895
-24533
32233
11276
26802
-24510
-25055
-3760
-30048
7378
23133
-9204
25559
-21399
-1447
-3425
-14406
18907
-10319
-30306
28644
9350
-4271
-1561
31478
-2896
2162
-21433
-7391
-12520
-23109
8478
16572
-19813
-5404
31785
-30829
-199
-17263
14775
-19315
21663
5602
1950
-18867
-25330
-29178
11564
-31444
-18408
5542
-20770
22779
-5356
-19225
-26363
-26962
-25693
225
2622
-12206
-21077
29277
729
-1660
-9468
20901
14202
6755
9619
-27590
-28835
-25060
10961
-8373
-25961
7806
5744
-653
-22614
11886
21638
-8917
15580
23439
27653
18224
5300
-6694
-2667
13079
-26527
-3214
-23378
10967
26600
1475
1808
-6310
-10976
-22369
-29068
32020
15124
14945
13525
9683
7626
25109
-20762
-16085
10105
-31405
-12717
28518
15140
-787
32493
-10989
-26082
-11567
-32094
18670
-24126
-26307
28586
21735
-32390
-29569
-21256
23088
-24255
-23450
-667
-5492
-21894
-9912
10078
22297
5587
-8129
31672
13614
-17706
-22018
32665
15301
-8264
-18928
-13704
4639
-7573
28377
13787
-8618
-13270
-9314
-9000
-5183
9654
-27315
-809
-1591
-2545
20730
-4369
-25386
-13352
-357
28553
-12632
17379
10304
4389
-29641
17754
25405
-29008
23129
24579
-14693
20107
-2206
22928
12579
-15749
6196
14551
14717
-8727
-16717
25149
19139
25169
-17574
-3759
-22753
26091
-2674
-23610
10389
12544
-14768
7952
-12418
1031
24923
649
-15578
-450
14632
-15919
24933
-19959
-31386
-5749
-20101
-850
-8295
-29974
9213
-1712
16406
-23054
31930
-24634
9845
9786
3972
-23648
-30849
-27542
9367
-14077
-12883
23392
-30447
27540
-32342
-15337
31151
-31881
-32229
-4135
-13136
-30454
21276
21321
28139
-21633
-29682
470
-30837
14271
30529
-1752
23304
9275
-5875
10370
-237
17028
-23231
15085
-2258
-31911
9339
-29785
-25284
-29079
-9145
32366
-16292
-2641
-20929
28340
2756
26742
31926
15693
9530
-13429
-7751
15752
-24194
16162
1799
-11771
-18588
-2844
32470
-22367
-13269
-8320
-22595
-14703
26142
16271
12256
9875
-14532
18420
-8966
22856
-19467
7863
28811
-6555
20358
-30127
-23942
-27008
-19450
-27696
13342
-8060
-16575
7070
-28829
25904
-22530
25521
2580
-32204
-2025
22059
-20462
-16865
5728
-29761
20433
19674
20709
-7327
-19116
24211
12039
27280
-31501
-11795
-16703
-8630
28180
18795
17201
2419
-14814
-6526
-11250
-20769
-17633
27852
6468
-21007
-23552
-20030
-25639
5405
-7830
16219
-27265
-18574
-28842
21929
364
-28655
-4584
25231
12501
-31392
-24388
-5876
806
12373
24798
-9806
31879
-26044
-17335
-20693
7169
-7839
-23902
16753
12807
18269
6385
-31900
7470
-28146
15576
-13985
-18933
-2734
-32151
-25467
-15136
9831
-11628
15273
-94
-2187
-6756
-10176
-1580
11646
-629
-24442
29601
-26499
20568
30221
-3419
-2427
32007
-29537
18543
13178
-28845
-6750
20134
9116
20538
18366
30865
-11633
-9245
-26812
2114
31107
30847
9317
9557
17627
-22637
9626
25784
-23720
18336
-13762
2460
1914
-8091
-27918
5781
-10131
9432
-16456
23943
4710
-32159
-17945
-2638
32128
10721
6725
18028
31992
-4579
-3011
-2829
2669
29603
-17428
-13596
-30196
-21066
-12926
18036
18468
-9099
28179
-19662
-15586
-26052
-20442
31835
12819
3973
15366
4061
21392
-1342
20338
-6385
25481
31693
5041
-22649
-30109
-8382
12046
-19782
8807
16375
-17690
-27933
-20872
9920
22434
18937
-6002
-29626
16559
16640
-21394
-18927
-26342
23307
4866
27599
-1941
25006
-20897
3302
24457
19243
12380
18741
9091
-31591
23063
-22388
5907
-28075
-25834
31984
16389
15140
16656
15282
28982
-13294
10991
-3561
-32642
-20199
-7893
15478
-22168
-16763
-8002
17207
7934
6473
-28487
-27878
2145
-17881
-10867
25780
32019
12985
-6432
-13900
15850
-5007
-30332
-1504
-2283
-24923
-14495
13429
-10567
15117
15322
20756
-14906
19231
3766
-670
20078
-21109
-18240
-13646
-2259
-23244
14678
17228
1374
20307
-9276
-24891
-6784
-12689
-13690
18966
24705
16540
-32520
-18476
-5087
21351
-5432
29128
-29818
2709
30520
-16665
-8444
-13638
-5602
-15278
7164
-23810
6635
17630
-20148
25196
24227
-16883
-10646
-29203
-14881
7911
-17847
-11674
12376
-4968
-4053
3382
12286
31318
-10976
27189
-32390
-17876
19807
15008
-24475
-21971
-52
19172
-11224
13760
15713
27039
17796
-17168
7153
9550
10849
18775
-7164
2409
9970
-1344
-25956
15238
-22205
14788
-26794
-15177
-30543
17541
1492
-21025
28528
9762
31202
32316
-16759
21718
27212
2126
23343
-32484
7631
-8609
23474
-2933
22664
9871
14531
21655
23950
8370
-9904
27366
-14878
-29528
