18950
-28626
20814
-10307
13106
-24582
-11346
403
-25383
21531
-712
14327
-497
19378
-23457
-15960
19654
2276
27115
-7177
-31755
-9334
29782
5606
3113
11117
-25970
18739
-10783
24614
1173
24815
31189
-9006
6481
-18235
26071
30390
-11909
18953
24158
-14792
-22277
-1802
-15025
7945
-23006
5063
10553
-17952
29182
-19853
32386
-15426
13639
-29333
3056
30397
16324
-10484
-15972
24721
9679
-23403
25116
20692
-27872
-2897
-18821
-19140
20765
-30244
-5702
-10936
-25659
18589
32288
5754
-3693
-6919
-20787
4820
-5774
16271
2436
-32090
-14654
-3577
-27511
16578
-29337
3761
27421
4049
-23762
9170
-22312
-23079
29633
-22318
-24379
1843
-32102
-3713
19696
-26353
27870
29172
14670
30057
-28046
-26352
16239
16138
21489
-9393
32349
-11191
4583
-18526
-829
-14278
-16827
16571
16754
8937
15409
-274
-8848
3246
-31536
3080
-8052
-2937
-9614
5441
24798
10672
22223
-24890
-17340
-9199
-14604
-210
-15034
27218
16702
6995
-3035
-16140
2960
11769
-23029
2592
-28760
-13479
10194
-13093
-6986
-1880
-31363
-10726
1669
22243
23387
27696
-5972
15872
-12814
-32233
9053
-15677
5805
16180
-14076
-25966
21868
12759
22223
4288
-5151
9545
-24324
-11305
-27860
17535
-3115
1710
-20940
9971
-24396
14006
27181
12571
-22898
-2076
-1046
776
-6756
18198
6628
18515
-12113
-9544
1636
24155
-9348
-22282
-19065
11469
-20158
5778
7785
-16120
-20066
-16829
16543
16284
24125
-28685
-9568
-31073
19326
-27628
-21879
10774
-20589
6372
7053
8350
-16260
-4901
-23089
6497
-7606
-28935
-6992
-1711
1556
6575
-11047
18886
7336
-7636
-13169
-13068
7712
26254
6441
30766
4368
-1771
3969
1604
18590
3464
19615
24007
25325
24570
28053
25086
53
27727
-17810
-28261
-27792
-32361
22727
-676
-13588
26090
-29040
210
27452
24767
444
-4415
-30220
-13169
-31324
-10170
-25890
5929
-15553
-168
8593
-22572
28298
-28240
-22714
-18477
-25571
19670
-14798
-17116
-12853
13956
14505
5768
30974
17569
-24422
-2540
27397
-510
24611
7759
-26301
-30048
-15495
28335
-2106
16855
16301
18115
21466
5554
5129
23774
16213
-16474
11430
14073
15929
8549
-13667
32477
19228
-19161
17400
10048
-9745
27079
9507
-28256
-228
11539
-29899
-14891
-20188
9897
-16784
-1934
-2129
-13573
29328
32456
-8994
31525
-18176
26185
845
875
3499
-7128
11684
5170
-5925
716
19716
-27597
29026
-15905
22109
-5772
11676
-21286
24293
-13113
16831
30867
28752
4827
-7193
5522
964
-6422
26048
-12281
-9904
13677
-28328
-17452
-11629
-4654
-5485
3463
-14235
9758
8354
8434
21303
-12496
10635
-5453
9068
30613
19720
11910
21903
-24593
-15668
24334
7839
405
8441
-8380
16827
20973
-7685
-4417
-29938
-10979
32312
19093
12862
-26273
29889
-26856
26599
-15776
3732
28852
-7853
9285
-1536
25657
3723
-31500
-12982
-17359
-7022
-17049
-15362
28468
17550
-1384
27592
-27827
-6858
-18407
-30628
10238
26877
29519
-18163
-7282
-31223
-2244
-17154
-13034
-2827
15830
24094
-579
-30071
25292
-17066
27544
-15056
30678
-14576
-23377
10679
14655
31636
28705
477
21123
-14213
-4707
9631
-8279
-8787
-9529
-16283
-16805
6459
29979
-2498
18639
-1169
-29156
-4390
5440
9238
13818
28070
14278
-14352
-1389
-5538
-1901
-21989
-2899
-11212
-156
21948
-10372
47
17150
2972
32118
-20689
8192
14704
27466
-32696
-24932
17910
16694
-22455
31039
-3962
3379
10452
-5896
14856
26324
29125
14703
-8970
2983
-20704
-26796
27192
-10272
-16842
22416
-6128
-20261
-21691
14384
16693
28191
-5726
25358
-19793
21149
-22626
15177
-29919
-13203
-28602
-6013
-24675
10765
-18186
-25508
-25652
-21724
-7232
-13082
918
-14858
-14743
8965
-23126
-22029
8986
19841
-9402
-17394
24480
-7038
-13307
-1670
3831
-11204
1356
24723
15924
2511
29852
6802
-16497
2809
-18904
20025
27746
-27667
-30779
5795
-26582
-15307
-32113
-30227
19
13892
-30710
-28888
-23215
1772
-32383
22690
-11128
27979
-11984
-13879
31528
-14296
-15684
22465
-9835
15434
26982
-24553
6806
3238
-6265
-8208
17652
32192
-7014
-10653
-25824
-9710
2037
19405
-1729
-9504
438
386
31169
-6788
-2232
-13951
6580
-12077
-152
8332
-17174
-30212
24216
16647
16200
-4589
-17057
-17493
11631
17590
28837
27763
4692
-24714
-17336
3032
6397
26228
3517
7398
20610
-26711
9072
-16070
19616
7495
15850
31893
-5919
6866
-2531
-6230
13958
-2270
7770
28605
19683
-28616
22895
32283
-1197
-27567
-26928
-19423
13928
-28445
-18039
-4464
2384
-10397
2397
2360
31123
28592
-7575
-13239
-4876
-7330
19323
9033
-23226
30611
13094
-29526
23611
22007
24572
-12576
19370
-28614
-13445
-20
-7588
-30814
-7066
4671
27161
-15745
-20945
-22840
-885
-12771
20739
6209
12761
-12070
-24921
-23281
18823
-17816
22436
15552
28538
-10413
-11229
-29572
-8820
21673
6907
13729
3019
25185
-8610
12138
5414
-9803
-15328
-640
-31633
-27436
903
23906
3676
-3632
30300
15171
32130
-2985
-23005
-28634
-16378
-23389
25683
20627
-18909
1282
-29055
-15657
15407
15442
7995
30023
-6863
21614
31387
18823
-19448
-20812
1339
6257
15333
2256
928
8045
32029
-5283
16930
-29300
28291
21119
-26462
-6928
15223
-2766
-14018
-27434
-19531
18865
27708
-11701
9726
-8483
-2327
-10437
-12960
-19102
4467
6661
31177
-12296
388
-21745
-6043
-4761
-2122
14462
1116
15290
30628
-31722
18419
-28842
4240
-896
-2630
29895
29226
-5628
-27347
-13664
20233
13402
29055
-21471
6521
-2014
8492
-11306
-22978
24382
-31439
9105
-17325
-7401
-1970
30841
19249
-14271
-29714
-980
10617
-22299
26331
490
-10478
6533
27766
-25579
5932
-9241
-25149
-17385
31143
-16511
-3324
17764
10954
-30441
-29917
-20744
4473
-28175
4590
18744
-27687
25878
-1053
12596
-30372
8030
17911
32286
-25366
-9432
9013
-5449
-19602
12237
-2926
-20619
-273
3184
32640
-16880
25948
-20710
-19457
32218
-28067
359
16707
1869
1242
-12559
-13658
25813
16447
13766
2983
-31929
-6775
-30501
28019
-18886
-22671
-26710
-31285
-4050
30538
-14939
-14698
32748
9342
-22129
14256
-681
11251
-27155
27644
10319
-6822
-17810
-29842
-3324
9418
-5968
-18143
-21224
12652
26868
19730
-20590
22209
-4032
16164
-16663
-18130
-12725
19236
-1621
4108
-25847
14209
26066
29605
-19678
12033
-20215
-16656
-9742
-15310
17791
-4193
18869
-14275
10823
29761
-15481
-31180
-1916
20608
-7446
-8369
1330
-29041
5769
-27813
13185
3972
-28418
-13828
5623
-18235
-4956
-21451
5613
-11754
23722
-23379
-19409
14098
4664
-8496
21815
-30451
17583
-18157
-19459
-25729
17272
-7648
17175
17759
4992
-14724
-24536
-8399
30819
-24909
-6074
-5462
-15580
23532
-19935
27463
-24188
-17033
17527
-27602
-15511
-23711
16877
1300
16588
6600
24646
-18683
32309
-30757
-9472
-18179
-19120
-12982
26886
-14109
-26087
-10845
2122
-2081
-25538
711
7109
-7898
-8592
18988
-18431
28680
-11757
-21966
-4877
-13330
6972
11755
-892
-4528
9132
-31193
15503
-16560
5184
-12451
31360
9209
-30577
16799
-16794
-24958
32433
-26833
-10525
17191
-15820
-731
5504
-12660
27966
24895
-14771
9685
18040
-22157
-29661
-2582
7680
12851
-28911
-18255
-7209
-21386
12453
-7168
-11542
18265
26477
6967
-3195
23893
-24344
18298
23566
220
-21987
-3838
-27247
-29120
-5904
174
20315
-31393
16095
-25792
30431
-12524
26697
9626
-27410
-21074
32115
-23178
-6877
-8571
-1359
-9544
-6843
3840
-12178
20056
19870
-13628
27129
215
-1282
10197
-3622
17829
-24651
-20340
2268
24183
-11475
-31194
-12022
21364
16829
13261
-30470
30410
11710
-12812
-2639
6886
-26120
4645
15429
-7617
-24267
-26630
29692
-1875
3013
16312
-16557
22369
21985
3700
-5638
-30750
-13641
-20628
-5696
23266
-28754
-30843
19807
21890
13672
-5051
9769
3012
-27777
-14131
-11673
14383
10190
12076
20401
10394
-24347
25615
-4649
15246
9490
28568
18896
8072
-20756
23756
19060
-28360
-16217
18737
14067
15844
-22476
-11461
20229
-32566
-23602
-18297
2763
31277
8809
-8926
32331
-11626
30106
-48
-16401
-10969
-25178
-6319
16736
-9236
2836
9780
15541
2817
-25186
-4768
32189
5468
-28811
-19387
13639
-31872
29535
4917
-21029
-9925
-3735
-23146
5757
20205
27573
-714
-6663
8918
17582
-21643
-30454
-2066
-14596
11376
-29357
14842
-10445
-28501
12445
15482
3567
2380
-6883
1270
25598
-27321
4439
20582
-15928
13731
4316
27986
29025
-22203
9315
-14174
-8915
-30536
11679
17204
-16766
-23446
-31412
-13515
-29029
13623
32728
-22245
-25913
28377
6170
18876
-12089
-7072
-401
3044
-3965
-20122
15197
-10019
5992
-16376
15725
-22898
-14950
-5427
-18809
-14006
-11998
-13803
-5996
25584
3212
28952
27698
-20271
22766
-15810
26190
-29726
27705
-23865
-9729
25629
-21532
4118
8668
23713
10953
-16070
-15645
-20420
21541
20917
32243
-11598
-13075
11577
-7016
-20902
10181
11533
-22725
-29226
31863
28961
-21724
14789
-10551
-26587
-24664
-7158
-24616
3383
8770
-4023
2128
-31106
-10817
2660
-30486
-13865
-315
-8674
8255
-26111
-2442
7310
26870
4367
-4943
-1101
-11950
13602
32427
-8654
24664
-16306
-21312
-3344
-1758
-23998
9325
27610
-17116
19008
16579
-18865
8808
-7735
16114
127
-7054
31251
-24869
10336
-23285
21720
-27821
-30835
-18411
29102
-18949
1427
-9577
-18890
4402
5446
30919
22163
22222
-12240
-32483
24558
31917
23971
8094
6761
6275
-14332
14946
12391
11991
-6478
31600
16192
22135
-31302
-18015
13772
5082
29495
-27878
-16691
19847
3818
4788
2365
-21077
14353
-1075
-6546
27274
7002
1994
-12720
-73
27776
-2923
-27388
-10020
-32745
8732
1374
-32311
7468
-13784
18066
-18496
1423
21718
-23066
25965
-14641
6990
24889
-12783
5791
-25909
16705
1223
-24212
-13421
2739
2880
9367
12803
-8689
745
-32247
-29269
-12594
-14117
29579
3927
13355
2353
-6538
-38
5652
15766
-5636
921
1921
-6829
-12001
5495
7915
2587
-12779
-13957
29653
-18782
12278
6410
-20951
15809
1201
-18254
-20425
20338
-28439
3852
-11928
2917
8706
5407
31799
-22189
-21268
18281
13652
24192
-16553
-11623
-4833
21503
-2828
14356
-24224
3108
-7929
-17213
27777
-28296
-20918
356
4231
-26826
25884
22540
29143
-8023
-32594
28128
24424
-15494
9651
3949
28255
-15765
24057
11383
-14619
31511
16266
-17353
20322
9913
-26577
-14195
-9106
32044
-23150
9143
-6624
28296
7451
28071
-26460
-3745
-8564
-27511
16608
-20279
-30361
-2251
30138
-20445
-27604
-31279
14131
18542
-1335
-483
-6876
-8982
-2742
9494
10646
-5238
-1426
-28110
-28252
-1846
16959
-14821
-14681
30746
8174
3930
6158
-22887
20001
-9049
-20351
-5048
-7458
6470
-14758
-6221
22499
18192
-13179
7690
-3016
-14087
28997
22524
-12202
29419
-17195
17103
9667
-26778
-27935
21393
13178
-1350
-22180
31960
-26972
-30940
19739
-19513
-13832
-20168
4797
-23864
32177
-25948
17078
-18520
-22026
2165
12911
-8883
32029
5763
-9489
-20042
1337
-25884
-3031
-2806
-9766
-10779
24615
-11305
-9572
4999
8684
13894
20519
-1295
-2078
6821
4006
19863
28531
-6121
-28153
-7108
9174
-1047
27935
16649
-26583
5777
-13041
9077
20749
-27239
22556
27485
29555
-20832
-633
-28339
31512
-23843
-19603
-17556
-23377
-2214
7058
-983
21773
17940
-14220
21497
-17681
-22433
10635
2495
3593
-15844
-220
26494
-1404
-9461
9370
3236
22333
15264
-9958
-26449
32331
-3002
-8240
17218
20037
10386
-6469
10771
-23026
-1541
-30709
-9419
-23062
5714
-29409
-19636
-27342
718
2501
-26864
18190
-17947
-10969
4292
-3193
17507
-11937
20980
6403
-13904
29838
-14665
-7406
27969
19533
1710
19120
30362
-20277
-11272
-6000
24379
15785
1658
-19892
11533
-5875
-16041
443
27447
4361
-4960
-19553
10510
5567
-4896
-3177
17899
2066
2242
6090
-16134
12913
-14325
-18241
15471
15706
17118
9336
-15627
-23121
3327
9961
-4763
-16728
-20496
9747
-25149
-13490
-29148
31894
-10707
-6792
-25716
6757
26438
17620
-3922
-17827
-15091
-6049
-27109
-1286
-27478
-8182
-28675
15605
-11273
-19656
31076
3505
-8107
5332
-11908
-3037
-25111
21785
-1049
-24690
28962
8327
8353
17423
-20660
-16351
14534
1530
-24285
-1619
-18509
8614
-3274
-2591
-4611
-8039
17341
-27077
6371
-12207
-9310
4249
28839
-28065
25120
1374
13210
-14329
20491
-23037
-7934
-4650
17529
-2307
-18931
28561
-28377
29877
-22346
-25694
-23205
-1252
11342
-19000
10557
19352
-10176
30930
27035
-15227
30947
11820
3025
-966
-17488
-1772
2876
12508
-16907
20738
6946
17876
29368
-1008
-18794
32610
23660
29606
-13599
6886
10563
-20081
-21130
-2160
-22104
14950
27185
13976
28701
-762
-19994
12739
2975
-31863
32378
-19400
6747
-16280
29075
-20579
-13886
29944
11608
-5681
-26846
-6525
-172
6115
-2737
-22876
18460
-3277
680
-21632
30291
-5612
2744
-15118
-17041
-19020
23651
13359
-7944
31302
-8842
9744
2309
10589
30123
17863
29774
11447
4961
6521
23124
18622
-4142
31727
-12578
29312
-25073
-14834
19668
29539
5581
25456
-12336
22359
-15890
12633
-22113
25439
9898
-18250
15761
-21078
24679
17762
4327
21773
6407
-21403
6638
-5228
28965
14837
-20797
5047
-5691
9355
-14043
-2865
6404
24723
-5895
32134
-29879
4621
21400
16483
-23033
-9174
-6523
25265
-23224
-13272
6740
8307
2228
31535
-17560
1485
-24308
-23691
11437
746
-2010
10935
29126
-31633
28970
-22041
2587
2788
-2433
-31270
30368
-9255
13130
28882
15384
28878
-11591
9830
5317
4727
-24547
-7070
-19969
-22352
4561
-22850
-1857
21322
-16828
3742
-10889
28930
3330
-16304
-18957
-6501
-22449
-1001
9422
-10101
11195
1701
32335
31766
28621
-26563
17521
-2999
-17210
-5573
-7027
-4855
-7064
-5972
-30995
-6657
8879
30490
-22632
-22741
2116
31587
-22781
14669
1279
23409
-18817
456
24000
-5869
5328
-3233
29650
25908
7849
-9484
-8091
-20430
-32269
15369
10080
1550
-31780
-22766
18516
22107
30767
11807
22675
17247
11987
-1413
-27771
29028
-28029
-1047
11795
4794
16102
-12129
-18289
20873
24696
7281
-18882
31729
-1059
1082
20416
-25210
32762
-1425
-25449
-27371
-21213
-11745
-25751
-17774
-5737
-28524
-5682
-10367
-27350
9376
-21013
-9437
24924
21485
-8533
-5302
22064
-23514
5954
25232
13140
-28604
-31170
32744
-5305
12724
17332
25537
-6743
-16618
-30060
1212
-19142
1580
-18961
4252
2414
9764
6817
11642
-22774
5044
-11157
18620
107
10453
12740
1888
-19984
-19545
-999
10535
21065
18357
20939
17956
-29089
-13938
-4790
29905
12640
-22599
14066
30131
25360
2425
-16622
-32148
7985
16791
-10715
26801
-7630
23647
16487
-25150
-32618
-9459
17905
-3068
1848
32727
13199
29525
-26316
-20152
18956
17471
-31613
25417
-371
19976
-28439
20308
-17071
-31097
-7036
-26235
10805
30299
-17026
-1102
-15663
15346
-4523
-11953
9968
30502
26408
-11359
17885
3153
3222
232
3479
26630
-19940
27127
4633
-27065
26804
-12992
-2452
31056
5595
16251
-15912
-23807
-28023
3243
-10051
-23333
-2844
-949
-3714
4594
28483
5445
28921
-8128
27457
27642
8061
32307
-17853
-1219
-1980
14924
17419
-8420
29552
4973
23636
2218
-25830
-16431
-6058
17629
-6932
-4571
-22091
-31247
-13814
-14050
-14111
27253
-13635
14101
-6146
-5249
-14825
29378
389
-31713
32618
12381
2294
-24794
-5771
-4618
-24049
-27681
11025
22836
5575
-22039
1981
-234
13173
-4877
-21648
23722
5998
9562
9815
-26504
-25413
21472
-13015
29715
-273
-28290
-29576
-441
30364
14194
5624
-14746
-19732
7784
22007
15708
27752
30902
4645
-4126
-12500
-9791
31909
11403
18129
19918
30790
3911
12394
5212
-18215
-7941
8941
-4426
17814
-3945
-13471
1140
9971
-18551
20234
24382
9363
-11168
-26878
-9311
5056
9451
23571
-2477
-167
-21592
21658
23553
9804
-3414
-6777
-10723
-21602
-7966
32082
-25055
23770
32740
12952
-9017
21406
-1107
2393
-27281
-25129
19542
24987
20137
16095
6108
4732
-14837
-19371
-14944
-7047
-28614
-7421
-26392
12748
-17464
19157
-2587
-4008
22331
-13917
-22592
21019
18479
10419
23613
-27143
4947
633
-27137
18865
6399
-23774
-16296
1518
29373
13430
3808
25925
7673
26930
-7990
-25968
-28154
2130
-1265
19602
19385
-21511
-14448
-18200
-8472
-12904
-16472
15021
-15752
13630
8233
5985
-28710
-17380
10486
-2016
9316
10447
-6463
-14756
-1501
22601
22264
20838
-20239
11641
5149
29058
-12279
593
15011
17077
-21057
8566
22361
24650
-26013
-5059
-18407
-20453
13486
-11343
-4413
-19073
28797
14562
-29281
-323
6299
18221
7699
8105
6635
31635
16466
-5823
18919
18797
-2783
23118
26916
25986
-16931
-16508
-1655
13512
-27937
-20404
-9733
12679
19215
3779
27848
7602
10119
-9698
-7882
-22992
9454
-23694
-31234
21390
11267
-29302
3113
-5696
11377
20811
27347
-10020
28426
-373
9139
-6267
29086
-13253
23147
-23212
-26796
-30490
25522
14059
-16562
6773
-21576
-19319
-12121
-16050
-10109
16862
24029
-19767
-23242
-11948
21031
31451
-25521
8142
-15238
-12088
9440
4577
10539
-32161
-3307
-14852
-15335
12478
13147
8086
28874
-29377
11528
-26061
-28231
-30497
24805
1207
9087
13290
16455
9871
-21180
-18894
-27542
13259
-9124
-17596
-27014
-32518
591
-14051
-25013
17754
-10960
13981
2075
-18864
21708
-21250
-12801
23778
-6813
-29049
26721
6969
-8428
-30241
22461
6961
8037
-18884
-5249
7749
15392
14103
-25366
-31125
23139
11517
-1342
14140
-10108
-23128
1855
-9906
16978
20951
-14865
798
-3031
-12932
16615
29581
4828
610
5091
17338
26941
19517
8442
25654
-25868
6083
-23888
-16942
15413
-13308
-22006
-8822
-3961
11738
-19839
-32435
-12043
3803
-22951
-17596
26863
11330
28187
9153
14872
-5941
-18238
-20592
-688
11165
-12667
25265
23096
19956
-253
12753
-5814
12126
-16971
-1689
15487
-32122
205
2244
-13465
-28065
24037
2100
-12993
-31008
-132
14789
5923
-618
-3497
-28946
32165
-7757
28089
26281
-9238
-16614
-18860
-10697
42
18745
25098
17713
-6090
-26041
32719
-10688
-29450
18210
-13719
-27707
-11038
11684
4493
24924
-10941
-1291
-21099
8716
8520
6391
27410
10031
2505
23184
-20855
-21517
30955
11451
-32431
1311
-28667
26673
3116
12874
-31939
-13999
-28380
8186
-22967
-14873
-3811
-15041
7863
-21953
11567
-18056
24271
13888
30637
28530
-25479
-18346
15744
12506
-25881
-27407
17442
-12707
21935
-17081
-12948
-31781
6702
24211
-25561
19169
-26348
-20829
6068
25708
-8122
-3536
-1187
1510
2540
-24818
-15304
-1427
-1211
-5861
-15797
-17869
-13871
-5024
12944
-2633
26071
-12044
22894
-4168
3512
23842
5059
18705
-28382
15764
-28022
16175
14183
-23094
-11940
25486
-6855
-26925
-19857
7208
-29208
-21459
24171
13175
-13988
24537
-20419
28853
14648
-23529
-2337
19939
-29305
-145
-24135
-21317
-12282
3587
-4733
-10577
18823
8242
-28851
24598
-5559
-14356
-2763
11447
-10877
-22027
15912
-32397
26643
-22322
19440
22217
16918
30385
24100
-30715
-8204
-16323
-26387
-18122
31318
12989
-27712
22800
-5026
-23258
-20744
8682
-2407
-1864
-14489
-5642
18464
-9069
-22749
-5866
-8694
-13167
-31389
-19533
20284
7697
-30865
25782
-7138
-15772
27478
652
12789
-20342
-15531
5343
-948
7281
-6088
21822
14816
28820
2357
-31568
24059
-14102
-16542
31681
5019
-9840
5721
-10743
20833
-30076
-27173
-16099
-22239
-13514
11880
4426
27018
-7146
9001
23187
-30694
-21011
18357
328
-24349
2998
22499
-21878
25056
-10798
5620
-1801
-7618
-25338
-28095
12141
-21254
-9319
31148
25750
-2555
-18404
3415
-20249
12714
1358
18325
13870
-18595
-559
-24689
-13193
29717
-10304
9148
1275
-10313
16307
-24061
10941
-15994
-18740
-827
16987
16473
-3327
17436
-23579
3938
-11143
-2224
32689
-13185
14991
-16784
17347
-11542
32262
24280
31033
-22682
14889
19736
-30283
-7169
18938
25135
-25648
-11291
16862
-5570
-27402
-30730
28515
20787
12738
30975
-26942
11022
-14329
-11776
-16648
-23476
-3255
9586
7059
2931
-20278
1255
20471
-32160
-13897
-31733
24300
13143
27469
-22945
5277
-5278
-15758
-11074
1919
-9244
-30055
-12461
-5799
17898
4785
-30958
22103
1073
-8728
14640
9378
15483
14371
-23184
-23428
17583
-31025
-14558
-9109
-25441
2948
27239
7347
6881
-20119
-19149
8158
-17525
-1359
-10613
-9678
-22176
-12226
18959
-10699
15755
24271
-18143
-26206
20226
19280
4649
-29578
-25059
6078
-8133
1853
-7324
-23176
-4640
23897
-12976
-11785
11327
-6837
15723
20731
-13229
-16343
-7865
-26502
-2226
-1955
-3235
-1038
-7067
-22233
23394
-24715
19002
17011
23363
-2764
-2114
-361
-25593
24702
-7587
24031
-10826
-5144
-31830
13642
-10936
-25913
9778
-28772
-22857
3319
7940
12276
-13625
17374
-4685
27671
-11291
-13607
-1165
22562
-6598
5442
-6301
-1127
3056
-10855
-27423
27874
10678
8178
-32600
25237
-21313
10889
-17505
9064
18123
-10118
-29301
-8013
3106
11832
-24555
-30938
24736
-28720
17728
-15267
11926
20969
47
1219
200
22373
-25486
11386
30268
-16849
-21761
5148
-18638
-14820
20151
-16633
-102
16747
4284
-30327
23412
6985
6663
29650
-15438
28479
-5123
-18089
20563
-1236
11064
10454
25585
27231
28838
-30380
-4601
-20647
2396
-16404
-6313
30924
-14860
-28145
21729
-4124
8591
-27781
-58
29058
-2075
-24457
27539
29760
30526
-5008
8118
18646
-15277
-8483
11244
21217
-20650
-20670
-28167
24884
-23601
-1571
12113
5235
24080
14978
572
11297
-18597
27949
-26903
-29976
-21353
15113
12026
7955
-21119
29765
-3271
-17476
-7590
-23796
-9590
3548
-8176
28242
10799
-29216
-3085
8520
20495
2158
-32029
-5999
31106
-24651
-24488
-11816
-307
-6476
-11657
32743
23941
-4823
-31160
5578
-9347
-28286
-11981
-17809
-32094
24881
30922
-11391
15755
-10636
-12887
19900
-32637
8515
4160
28099
-12440
-30851
13128
-28508
13470
-10201
-23845
-32665
18440
-21861
-17210
22201
25106
27665
18081
17863
-18378
5887
5532
-25703
-4346
1637
1076
-443
-12959
5584
11503
-370
-28904
-8499
-9941
7491
5627
-19253
15935
-9079
-7733
15043
-25606
15239
32308
5694
-18311
-27789
-30192
29320
16486
-1384
25159
16284
3658
21717
-6426
17075
22889
31073
-2817
21832
-31315
29525
-6302
-25646
8857
15302
-3432
24102
-31353
13172
22775
26646
-23166
-31529
-11749
-3874
13246
14496
342
-14734
291
-14351
12642
-22216
-16930
-19801
-16829
-5396
27366
-8646
-4250
-17263
-22609
17379
-267
-17319
-18264
20911
-15179
6711
-11635
6286
-2756
-359
12690
9690
-24576
-26423
-11553
-3500
-25509
-16641
-27934
18033
32040
18621
-415
-14915
-18956
10051
12286
-30312
-26190
6827
3727
6719
-31152
-13755
-28294
-24820
-25368
-19749
1414
-23584
10249
4874
2038
14562
29753
-1822
-32735
-18432
335
-32471
-19065
-17354
-28593
-23951
-1340
20432
-15719
19329
-21787
13687
-2963
-14771
23141
8501
14533
-14294
-18392
-24923
26450
1971
16118
26951
25077
14685
-5423
-15176
-1186
20653
30384
-27469
10043
-22662
-1559
228
19617
-32171
-25103
32305
-3557
-7568
8561
2723
-21944
-26916
10955
-19924
-9452
-21503
-8969
-20387
5798
-16419
-28525
19295
11023
5236
5086
30888
23829
19949
25492
-25429
17926
-22090
-5065
18986
7521
-18613
903
-1360
-27375
16878
21553
-3705
-21647
2054
6663
-32171
-18458
-4930
-15271
22553
1649
-8098
-28620
-25999
29343
10500
7130
27888
-13667
-8680
7753
-28426
8216
-24390
8691
8274
-4240
27132
2716
-9867
15511
-1096
-22960
-25558
15962
4920
-21661
-20570
18378
-26776
-11850
-12637
28265
-27540
-11799
28696
10845
-25799
22042
-20335
3784
-16431
9738
-109
-19336
23416
-6832
5335
-29023
-17097
19731
3975
26704
169
-9186
-31620
7109
-27906
-21012
-30993
-4199
-31359
19962
-29124
32297
10517
2191
26374
-3870
26841
-26800
-24029
-22379
-22839
-12540
10422
-18691
-378
20911
-32318
30936
13212
32111
11636
4367
-9257
-29371
-7359
-27180
16438
-3880
-17904
17220
-18610
-13529
1768
-7453
11165
30106
-31620
-2160
-29912
-8622
14096
24640
-19149
16801
-29561
30542
-18787
19303
30363
-29327
28113
25249
-17235
306
-24979
27109
-1753
15408
18279
-21977
-26254
2185
30959
15744
-7667
357
-7827
-18910
1308
8152
16816
-1531
-8415
16122
29121
-4332
18928
-3629
5890
27440
-19363
-13141
30571
32538
-31562
-11205
19720
-6504
1115
19716
-9396
5168
-29290
-5534
11889
13161
24193
-24316
-16299
2239
6495
-196
19961
31464
-5620
-14009
32642
19721
-381
24807
22105
-6361
-27330
8261
31333
-23834
-26433
21509
32606
-21597
-16736
-12332
25572
9746
30909
31510
389
-8735
9975
-26361
29770
5020
3905
-4565
29524
-14069
-29362
4839
17459
29687
31372
31315
-2245
14913
26073
-13003
19804
26942
-21371
6421
17990
-28487
22970
18951
26385
16982
-21413
-16188
2459
-6750
-28129
15477
-31871
-11233
-12013
-11209
-26394
-30258
-3981
-22118
-14464
8241
-26893
4201
-8004
-24422
9710
-3677
5262
-13508
2138
3846
13372
12236
22234
-29320
19665
-7054
-666
-8771
-2722
-21399
-16885
25875
5100
-8852
25081
-24180
31309
27422
-14495
-17851
3896
-4694
-1170
8911
26771
-20175
10419
-15664
22058
19121
-31725
-16893
-8735
-22608
-22818
-4702
-14739
-25792
-12720
-13331
-1357
4593
-1960
8577
-11406
-10975
19000
29544
-20602
6978
-4868
-2818
-1160
-19599
-11052
15059
-4814
26488
-13405
-28408
5096
-26889
-9622
-4976
-16662
3700
-21218
-22593
-19983
20596
-18733
12708
-32208
-5345
9688
-30886
31774
31000
-16060
-32010
-28390
11338
18533
-30608
-16622
1886
-27923
15488
-1685
14822
14880
-27061
-10652
-31700
30814
-15451
-9163
-9176
-3883
6747
-18427
27781
9709
-22620
20416
26809
489
9881
15053
-2964
-13240
-32219
32544
7468
24746
-19909
-30369
-12652
-24120
-16569
-18435
19699
476
1836
24855
27170
-15806
30965
-17244
-2278
-16756
-16427
-32300
27007
8963
9868
21697
-25509
3207
-5783
2169
13137
17064
25795
-1532
-1115
26100
12278
-27026
27443
-6908
31214
20113
-17855
-13266
4110
25150
-4566
-4179
31631
-15424
-16069
-14720
-14489
8645
-26931
27517
-28847
26328
-20924
-13759
12692
2807
-21031
17766
11589
3348
32571
-11976
28147
-26115
-4537
-15986
-10490
3209
2257
25703
-29852
-25680
31250
26051
31226
21289
11379
15313
-2778
-15478
-4769
10360
-22920
-8556
-23159
-30119
1632
26823
-24443
-29768
12716
13683
16064
-23057
24424
22518
-19864
-2339
6579
-10447
18968
19132
23162
8652
-4490
-18762
32460
-4230
-17393
-31710
-29225
16649
-29644
-14360
-24980
8868
-19382
24297
-9586
-31528
29794
-19112
-31822
-2737
-9042
12969
-28117
-23775
-6442
-23259
-6354
-6002
-22278
-14637
-19997
17208
11474
-2365
6679
-18619
-27933
-32249
14753
7576
-14326
-23106
-32646
29816
20959
27836
12640
-12246
-21063
10239
-29404
12902
-6470
5520
-25121
-13444
4689
30003
32694
-26565
1491
18696
-22009
-2174
-26840
-13850
18200
22132
17865
-14321
-1745
822
1172
960
13988
7725
-12922
-6975
-747
-18599
14233
-19605
28247
19759
-15799
-3264
-12849
8689
-13264
5738
32594
26176
-30297
11596
-2532
-5140
30712
10325
4340
30890
22288
28937
17351
-32005
31564
7678
-25479
-24551
18699
18142
23529
-27584
11233
-5460
11045
-9335
28648
-30542
5639
16041
-23690
-30824
24911
-20584
14470
2780
-12375
-31384
13602
11047
6123
9788
5029
32684
8434
-24387
-24306
28421
26869
5960
-8351
16125
-21437
-11188
-28195
-32604
-9458
-6302
18747
29810
6319
-15430
-15405
-4165
21765
-25467
-6525
19470
-24325
-6779
-18623
27247
-31860
26665
27644
-21809
-16180
5735
9750
25427
-17460
-28934
5914
19670
-182
1350
-30300
-1162
-19134
15641
19598
29407
-5638
-12666
23835
26155
-21664
-8000
30698
-845
-1429
-13520
-15426
8950
11877
20282
-11941
17237
3573
-30964
25488
29393
27450
-10588
-26221
-12230
28924
-25763
15270
-29352
-27656
-7164
-14601
3036
-24465
-6963
-10818
17662
-2057
-31878
-12063
28151
-27331
-5358
19095
23849
-8009
23375
8252
19885
1200
6065
-14861
-16657
-13113
31650
-30885
-31965
15575
31623
19064
4647
-8676
-32607
5984
13081
21360
12690
3489
10041
27053
-26317
31805
12581
10414
-16489
-251
3297
-20568
-24326
-10886
22245
14612
-16434
10519
30184
2449
-11400
-12112
26746
-14909
-31719
29645
-3324
15244
866
-9273
15940
29660
16565
-19787
21147
29360
848
-21466
-27031
13503
-20248
-22760
32256
-7504
-5335
3805
-10819
18569
17075
10377
31467
4073
31325
13130
30511
-23706
23413
-26674
3339
-27910
11948
18442
9123
14229
8676
-27758
12596
-9574
-20125
8057
-5019
-20655
-9711
21776
-6813
-28107
17528
-31004
-24502
-25190
16275
12139
22731
-13559
3850
-4255
13596
29796
-16424
28812
-2054
-7000
16204
-421
-23003
-15118
-8292
6260
-20170
14327
28497
-30714
-11199
-28425
1651
-17241
11857
28958
-7018
-25845
-29170
-2057
-30533
-9827
20713
-27216
-25756
22848
13143
23897
10130
10614
654
-30015
21781
-7205
27375
22672
16809
31446
9962
-29836
-19244
26218
2564
8701
27673
22009
-17598
12899
-11923
30215
-10010
13913
-6006
-7763
-17980
3184
-1416
17047
8275
1387
-21620
23071
-19619
-32686
-14693
-18872
17830
-27588
22562
-5736
-17455
24583
5887
18721
-32577
1451
-25710
26054
8986
-12311
-28689
-31371
-28235
-21833
23514
-10095
5651
9574
-6893
12016
25174
17471
-23062
-19544
-4979
27439
-14667
-31858
29994
-14378
12608
15757
-10256
-28363
6871
-11911
-11410
-16858
27218
25242
-23975
19951
12646
-21848
6712
-25765
7030
7547
-16324
-2946
-13082
-16789
-22130
-1507
27368
-23541
12819
25629
776
9692
14777
28608
-20282
-7241
-24959
-23625
-23640
-19934
9125
-24443
-19817
-4318
-1818
15623
-99
-23636
24274
-6037
-29465
21808
18281
-20123
27321
-11100
23188
7062
20735
20663
27779
17083
4722
-26748
20613
-22341
-31980
4040
31797
31634
-27650
24979
-7597
2982
-1226
-22558
32291
-16024
3186
-395
-10517
12796
-19860
321
-21729
-28988
-25702
-1211
12371
8846
-16611
10368
8434
14270
-21309
31963
8439
11420
-21857
25279
29614
-2863
-12840
14751
-11229
-27804
31332
32279
-22811
29351
-16847
11610
2410
-1030
9336
-1178
-23482
-8921
7666
1605
14358
-26107
14009
28376
12191
-10907
-10127
-16448
-24714
11882
24517
28357
-25479
6822
6530
5937
-4483
-15727
-2553
13853
18600
5389
-21069
-16430
-1348
-3024
258
1811
-13752
30486
8732
1354
7365
-10389
16125
-12816
-5549
32427
-30573
5724
23875
-8801
30976
-15308
-25790
5209
10133
5110
-20101
-3384
-1706
-10318
17919
-19789
-10171
-29546
8599
16237
-8739
9289
13292
17118
-523
-29727
-22337
-2729
1321
-8558
-17318
29751
78
7175
-14073
12095
28421
13935
31307
14003
-3244
1644
-21543
27321
25578
-7045
-30561
-18568
-25434
11995
-16558
-24993
26262
-7742
2607
26745
9155
-8936
-6704
-13216
10443
12286
25493
19844
9374
17260
18361
-7453
19474
-30477
3532
-27606
13086
26201
-3996
25782
12725
2539
28407
-22017
21534
-25648
-14088
21517
293
7423
7671
28915
-8716
8266
1229
18134
-21850
-10519
26851
-12574
29108
-11238
32158
-26039
-10788
30393
-18520
23635
15677
26656
-14323
3474
-11861
13456
23361
-11534
-22145
-21050
-12210
-14006
-9221
-6766
30171
23231
-7455
-10053
-28687
16361
-30055
-265
-28213
-23429
27546
-3326
32593
-1495
30385
-3530
-25032
23971
-21189
19329
32681
11281
19791
-11813
-6413
7998
-1834
4121
25589
15193
-8682
14298
23877
-17455
-27420
-23986
-6361
24484
24184
19062
-31552
-16826
17384
22578
-25792
-9263
-17907
-5483
13520
4821
-9771
21779
-4070
32362
-13061
24680
-20895
-13175
9316
12282
-4266
-24060
21023
-388
-30842
6761
-20341
18962
-23622
-18401
-9893
29024
24706
-5343
-19647
17456
25854
1476
-29333
27728
-22630
-29535
-15360
3453
19811
9187
-30703
-16162
-1559
-8135
21806
-25901
18657
-5818
29012
19356
17199
11662
10593
1111
27165
-17391
-18266
14308
21236
-5386
26241
14166
-30628
22060
14055
-16420
-27050
-11234
-4783
10058
1860
20309
-18038
21006
29585
30040
30282
-16719
-14108
-10236
-17848
32325
-21680
13311
17190
24681
17621
-20945
-747
-11186
-28875
-3968
-21591
15637
17570
20197
257
-21786
-19338
-17934
-25872
17166
-16425
30166
23941
-9764
-32472
-21532
-19788
26695
24621
-26634
-24036
-9683
-26768
-20575
1597
28448
-16780
-23268
7764
30851
18393
-10115
-20508
27763
-3830
29542
-25898
7783
27832
6449
-25282
12904
-3453
25797
-8368
-20615
25140
-24774
-1072
-16185
15472
-8388
17699
26563
-27963
28842
-565
-599
-17873
-19932
3090
8708
-16659
-29808
29731
-3213
-22240
-32280
-24024
16992
22186
-30203
29061
29424
16968
-2006
25502
2962
3550
-30013
5073
23888
-11365
22451
695
1214
-13179
8876
-19567
-30257
24556
11275
14726
2231
29563
17608
-23411
-23328
-19785
19141
12791
19445
18619
8034
-4093
-9090
20031
618
28083
-19698
21556
27767
19669
17906
2031
350
-16351
23808
-12519
2076
15887
-11140
13363
-31560
-19864
-19250
23207
-3667
-21832
27626
-24292
12424
-2432
25662
-12662
7638
13573
19795
-30170
18414
27224
-1524
27245
-17110
-27354
-15755
-12538
16859
-8178
23258
1276
-17692
-28262
-4739
-13602
-25068
29272
-24496
-18192
-22277
20658
-6111
-16524
-5233
7881
-17076
28627
5104
10106
16060
-27450
6134
-6640
467
4950
2666
20710
8211
25040
957
-7088
-5442
-4252
-4270
6986
1164
-997
7767
-5840
-20297
-23044
-17779
366
14763
-21980
16832
20778
-25312
-4322
22665
-21005
-3269
-9676
-29113
-10515
1391
-29005
30041
-12636
12885
-15192
19182
-2143
13728
-29439
-17033
-1687
12716
16419
23577
19927
14380
11756
17195
5435
-3613
3555
-20442
-15600
-26788
19805
4148
-27164
-15420
-32657
10083
-4750
-28682
7526
13202
-5033
8592
-12341
-6022
29807
-30475
-22827
30165
9591
19559
-10088
-29139
-4776
-32080
-10196
-8371
-14510
-17058
-4308
19348
29256
-10676
29239
-10754
-30587
28462
-321
6706
-13613
16812
-26866
-22114
-20658
-27633
8315
18358
-27193
-2757
32498
-12357
-14370
-943
28788
31059
-10206
14120
11694
5717
28706
-20011
-5124
3857
-11211
-342
-11622
-975
1440
15855
-211
-18701
-8440
-5896
13822
-8569
16827
-9282
12269
-27572
22499
-31199
-11965
23539
-21230
-19741
-6571
-17145
23430
29433
538
-12253
-13415
13585
32479
-1061
1287
1631
8847
-24609
-5270
16102
16957
-13805
-4111
29264
26283
-986
-14792
-16612
30327
19742
-21106
25603
7201
16645
28419
13428
31255
-30886
18878
-9564
6488
25716
-26074
15052
797
18024
-9793
13917
22879
31392
-14853
11197
-22172
-12106
-4261
16322
-26035
-17213
-21343
-26958
23305
30731
-30087
-20823
18816
17081
-14991
-11609
5864
-23884
29707
24020
22227
-965
-19164
-25736
-188
32425
406
-12400
2165
-29307
17331
17784
7343
-3483
31313
30831
12225
13685
20093
20757
-13952
24973
3014
-13699
27408
-30769
32110
-28914
-21567
-4381
-6015
20291
-10676
2986
5451
-29001
8070
-31741
11501
-18422
28590
-11108
-7864
18270
17533
-20281
-17746
-24
-31175
-10166
-29574
-28444
29876
-515
-25733
-2520
3316
13411
12478
-3824
-15990
8989
-1494
-26108
-16771
17783
-25440
3699
24819
29893
-28046
18206
16002
-11364
-9084
19992
-10933
-24137
5146
-26805
-24434
21013
-4178
-29559
-4212
-21808
-23540
27234
-18181
-16789
-4884
21545
27543
3569
20159
-13635
32599
16501
-24926
27824
3823
21525
-20876
221
-16067
28334
24427
-16944
-10559
3189
23298
22979
-18516
27264
6197
689
-30623
28366
-27864
-12320
-16494
4870
-20922
2862
-10573
23831
-21748
7735
19145
10471
-21492
22414
-236
-20251
22678
-12681
-24617
28693
-24810
13202
12025
-31202
28187
1046
-6758
25773
28749
14578
11193
10258
-6028
10861
14067
-27367
-20086
25601
-2874
32562
4584
5425
-4162
22034
-310
31361
-4347
-32715
-17251
-31208
-14964
-2905
-8368
-10504
7407
-7165
6170
-14647
-32110
29970
19682
-14963
9750
12741
9095
337
1124
-22318
-13908
24696
-25336
22891
12864
-27511
-21645
1323
5055
1420
-22002
-20810
19717
-18204
21796
-30143
26716
-22007
17326
31350
18651
-28607
-21779
9243
-27607
7861
28775
23315
27345
27945
-9893
-22026
15802
2563
13299
-15427
6091
-7747
-23277
6474
15707
-14166
-30830
10365
-11707
19141
-31440
-13117
17693
-31
20767
4176
-4968
17304
-16332
3967
-32342
-13431
21522
-32365
-28219
8025
-3793
-22424
-27066
3418
-11764
673
-28423
-1023
251
-9855
26437
-26944
-28840
29825
21024
17542
15375
-352
25719
-16580
-23868
299
20731
-19522
2435
-10436
13473
-14274
23972
25052
-15920
14097
8390
6497
25670
30186
24716
18866
-1088
32249
-25591
-30541
24525
-3838
-21679
438
26752
-28601
1073
-8706
7963
523
16350
12127
1858
2462
28320
3564
-14086
-4295
11933
-16151
4013
17793
23035
12832
29413
25892
30009
6690
26123
-5982
-32197
13197
-23926
-21076
4284
-6181
27100
-21011
-24428
-446
-31521
-2141
-6548
8734
-3030
31913
-28500
20434
5487
-29617
30828
-10043
16133
5698
-16346
18345
21097
1986
-21408
13975
6021
-16329
-22609
8692
19500
17726
27539
1735
-14626
25089
-32642
5710
-2875
3987
-27847
-8799
27709
27609
-31597
26830
18773
-13140
-20686
4820
-23898
27721
-6157
7745
-24631
-89
23192
31194
-12515
23460
20578
24951
-18042
-1400
6664
-31396
2235
5882
12144
13770
-723
-6332
4468
-28374
-15307
-29188
-28757
-685
6232
-14395
4034
3332
-10936
-13800
-17635
32423
14524
32258
-11299
16277
19943
-30231
-20471
4902
-14837
2005
-9742
-11884
16962
-7211
-19518
-14260
-8003
18999
-24575
-8333
28984
23884
22040
30629
-7338
-6736
23839
-20359
-25424
25342
26464
28315
22187
-7540
-5143
16462
-31981
-13644
9217
32385
23291
-30063
153
-5907
10880
31184
22221
-11139
3698
20212
-27986
31317
-5175
-261
9822
-18739
12782
-27053
-4049
19559
-11972
-11107
20068
-22689
20267
4452
26917
23561
19092
-3124
-23957
-17900
-6885
-6349
-5742
13264
14904
18363
-910
22474
-14725
-4742
1333
-4623
-28048
14123
-29802
-27188
-23431
-3771
-336
-30699
5433
13587
-15467
25017
14127
32315
12499
23902
20688
28836
-9231
-18120
6564
19777
-32466
-10235
-15461
-20175
-25659
31660
-25004
13262
-29516
6518
-31685
-5556
19124
4789
-28881
14058
-3792
22045
-32058
4990
-21415
-5975
-12691
29987
12273
-31452
-18802
5054
-20271
19530
24296
-16017
8253
-8888
-32236
2317
1343
7428
4937
-22624
-18982
-14891
-30546
-24114
-1505
-14852
17189
8969
3779
2581
-24646
20819
1392
-25078
19685
-5889
-15480
-23027
-10770
-1541
-16035
22564
19656
-31216
7820
7316
17159
27825
-20224
-24198
-13940
994
-20805
24095
-5680
16604
-24744
22393
-20945
-29925
-32257
16851
26693
16032
-24954
23073
12441
-25669
-1863
-5608
-15133
23522
1511
23723
17925
-20807
-12693
-4698
11196
14541
648
-1478
-5497
26881
21208
20531
-566
10998
-12213
-24373
-32467
-6442
12506
-17708
852
-930
-399
-12820
-29215
5353
29129
2242
20670
-422
-2880
-1411
15428
31588
30200
-25232
-2013
-29274
-5009
-3612
24368
-20003
1283
2484
12906
11903
25763
11390
-22721
30900
28518
-18022
-15420
2551
-3266
19767
4022
4805
987
4288
-11183
-5610
-14498
22567
29306
-24587
23868
32375
-10217
24874
-18573
30681
23595
-1363
26806
11994
-30379
-3739
-3720
-32259
13365
-10101
22234
27789
11548
-12463
13687
30850
15334
26761
-1952
1496
23720
26214
-4203
-14766
31211
7094
20606
7890
5605
-20869
-20576
1617
-14955
16596
-242
-1840
27581
23571
-17784
-3425
7447
10772
-24467
-29751
-2117
4292
-23309
-1104
-10026
4637
711
31627
32656
21578
24570
-7124
21262
32353
-27696
6679
-12034
-23364
-9174
-3171
31806
24653
-30229
-28313
23175
-25079
-19070
-5511
9833
25863
-32219
11731
11808
17999
-5740
3677
8524
12401
20959
7762
30052
23882
2821
-516
31302
25690
-22466
14690
20575
-21635
-32311
27417
14635
580
31481
26502
7838
-3898
31270
-29186
-9592
-25399
25365
23574
1233
-18725
-6337
22718
-1110
-19122
-6427
-31534
15288
-21014
608
17371
-9188
15867
-17044
-8400
21222
-15293
31714
3854
23868
22081
-27725
-3889
16418
8030
-21357
-5808
22726
-24331
-17528
17342
9273
-7921
-21398
17047
-5993
14351
-25875
-27355
4665
-9571
-7168
-17941
8398
29337
-15042
-24054
-7824
19037
-18446
-32408
-2930
9706
-11878
6855
8565
12741
32491
21821
11722
9245
-19409
-25325
-26602
-14914
20084
-30425
30391
-10868
-1819
-19908
13820
12044
26526
-8104
6529
-6651
11096
-25501
-17660
24617
13356
8486
-21594
-4646
-32221
22521
-29937
9174
11544
19234
11109
14801
-27398
-23137
-26569
2337
-10176
20757
29981
7355
-21272
19606
-19859
-16516
-23314
-27739
23864
15861
6606
27406
-10882
-17019
-27846
12095
-29728
14717
-3058
11334
-21458
16272
-6643
-25317
-28805
-12165
11303
-24112
-12931
-10924
-12425
608
-17269
-16330
2385
-18071
11357
27950
4678
15129
5261
-6388
13349
-20352
18081
-8631
28809
1181
-26575
1195
-16331
26475
21738
-9978
22051
11457
-18534
-5587
9525
-23590
10657
28664
-22391
19632
9507
-29277
-3381
11493
13454
15921
-3117
8150
24913
20589
-22307
5572
31771
-26953
11456
27253
11650
-26969
-1798
28567
-6027
22688
18925
-18313
-16777
25838
28692
5478
8000
-30833
22783
28252
29990
14484
19642
-10669
-31745
11246
8528
30557
14812
-25535
14757
23809
17235
15355
-24733
-21115
29928
-101
-2886
14600
26346
-26347
10004
-10349
2914
-9317
2319
-31308
-13091
7988
-24395
-18835
25179
-17211
8756
-14887
-15719
-18830
-8118
23808
-3675
7247
6162
6038
-23861
9451
-9070
14721
-8013
-19399
21220
4701
-17795
20673
-12805
-7333
7927
-10305
26988
-15118
1626
-29299
31682
8649
-11856
28307
31075
-17464
-11425
-14556
-30196
15733
10230
-28849
19472
27168
13417
-32103
-10335
-784
22184
-2337
6157
-2950
-691
14067
-19268
-16954
-22008
9430
14252
-12811
14634
-10719
-22526
1863
29094
19769
23341
-13445
-9592
-12398
-20058
-9980
26180
-15617
5030
-12117
-11354
-7550
-21279
21047
-4358
-17875
6461
14495
13408
9492
26826
22194
-1133
-26703
-7895
15832
-22424
31640
24775
-14368
-28270
7805
345
16628
-26786
18990
-24664
21992
-5951
4996
21589
23989
5175
-2382
17988
-20086
25153
6110
15315
-3620
-12264
-2617
-27476
-32306
31778
-28106
-633
-27442
11269
3484
-4563
-1637
-32067
-12801
25675
32186
-13392
-8807
-4581
10156
-8771
20237
-2288
15700
959
3090
24513
29930
-10882
29007
15822
-29562
-26520
29246
-2
-535
-9930
-6808
-22955
11329
-4001
8006
-14146
-21318
-29925
-32443
24590
-22937
24525
12119
31541
-874
2854
-2347
31920
28338
14810
32531
-11790
-14019
-5569
8321
16835
15636
16313
18937
-22755
-29669
-9523
15300
14316
4581
-7162
-17819
-26240
-24858
12269
945
10037
1109
26881
-20513
-19195
19298
-19192
17155
-21737
32654
-9874
3647
-2855
11768
25819
27430
-13968
-28347
18339
22007
-8235
2545
-27878
30961
7820
32742
2950
-17498
-2463
-16278
31702
-14621
1416
10529
-7471
24012
-29624
-21703
10927
-3496
-11917
-27434
-25713
23371
-3675
13224
-22915
-3399
-2164
-20651
-168
2963
13972
10990
-24113
-26660
-31344
-24380
31879
28020
-11720
14760
1743
-5475
26338
30430
-24775
11172
1591
23760
-32067
-3658
-8807
-18779
28257
-26893
28888
-12611
-24671
-17042
15502
24272
-32740
2767
11780
10876
-25466
21908
9764
3427
9354
5264
20167
-2013
-14596
15072
239
-3152
-7349
17701
14196
30062
-28837
-22574
22731
25668
-17442
-27954
-8484
-15756
604
6221
15051
-25817
15065
-18208
-7496
32364
26275
15125
-20251
-14087
-13788
21399
22291
-23078
29575
-4364
27851
19510
26655
27165
20192
-11039
7424
-4736
-27168
19346
26929
3682
-21239
14049
-24883
1871
-3680
-10065
-3983
-11117
8393
-11291
19144
12136
11447
32008
5335
-23730
-18405
-22716
-31132
-31936
-25334
-28923
-18269
26739
-27491
18338
21941
20556
12573
-14408
7554
-7741
-23487
-3249
-31038
-22912
6784
22670
-30222
-6493
30870
1519
-26748
21440
-3300
-26244
25692
-219
-27806
29016
-12952
-1378
10342
-20116
-9654
5488
-22880
-2923
-6315
18098
262
-13395
-4977
-26486
-21879
374
14494
2179
30510
-13859
2309
-1584
-10987
-3512
15928
25330
-14260
10566
-6630
-3608
-4882
18539
14527
21957
-28848
13341
8078
1892
21758
6411
25320
29785
-29745
-18818
14205
-1939
-10720
3347
596
-28816
-22079
-3276
-25250
10075
13561
846
-15380
-13093
26667
-19152
-25655
-29880
-32523
7114
-20219
-9669
-1746
6981
8989
1612
19418
32615
12527
31696
25722
-5979
20887
798
-4921
16927
9493
-28289
4012
17304
8614
-6836
5787
-9832
-22266
-3488
-3021
-8238
-10835
6354
10311
26212
28904
10941
9595
-20913
14433
-8524
-23202
-16998
-31296
-10561
4374
5821
-10595
-32414
-732
-7005
-24551
-24548
3175
-17449
-30075
-27282
25760
27089
-15545
-3010
-22029
14294
16985
-24588
-29100
-4283
4630
-13023
-18028
-23703
-4695
-36
-23363
-22046
21905
-5685
-21482
-4534
-5501
-24182
-28293
7422
-19611
4226
-22411
-135
22690
32292
5344
-20333
-6038
12263
-23829
30632
-24416
12570
8920
14946
23237
6288
-1855
-4277
-5704
26960
-6295
2968
-13311
-16377
-28394
-29549
366
-466
-8286
25375
19967
-3808
6247
-6954
2945
-26959
1023
11224
-31278
-26052
21221
-30475
18861
17182
24225
-4156
26629
10076
-14708
-146
7261
-17775
16109
15545
-3860
12309
-27523
30598
-23352
-5311
27074
-17883
-20566
3334
-13846
-16039
-18896
31426
-8679
-10787
-9730
-19287
25733
-726
12940
-8270
-28327
4771
-30678
32120
6103
23829
-23420
-7975
3621
24266
29088
-27052
22826
-20858
28987
26948
23596
-16090
7085
-14108
-22507
-13074
26150
29024
-22111
29258
-8838
21435
-1522
-4918
1724
-5957
-28071
-5975
2048
-8160
6120
-7294
27909
-2906
-5150
15842
-3451
-5832
-9441
-15670
-24763
10404
-18726
-13120
26066
-28342
14231
-13415
-2443
6664
8059
21101
14669
-8897
-2174
-28009
5947
-1056
1025
-27155
-24233
16039
10152
-8827
15318
25926
6124
3453
22003
-2032
23922
-12952
2051
24948
19973
-5748
-3863
-26287
-1048
5218
-15378
26985
28913
5908
3151
-27670
-1620
-17367
-30602
-6080
-23598
25199
4117
30871
21627
25142
-20253
-5205
5061
5588
-4818
-11063
14256
-697
-4397
-12327
-3035
-7760
5336
12410
12935
-13620
-25368
-11012
22356
-11083
-25287
-12784
-26521
3672
-14299
4875
-6567
-31203
-27277
20131
11008
25781
-8247
-14183
-10030
-31093
-19975
-10579
-8974
-22776
27130
22559
19433
-16492
-3571
-1177
-19715
24214
-686
-32344
-16503
-910
-21714
-2795
-29413
32495
-9275
-27723
-20517
8189
-29030
-13981
-9607
7981
-24876
-16034
27639
7426
31416
-20669
-826
4049
9872
11785
11820
-10788
28617
6341
-11962
25637
-7051
20147
-2408
-29811
-31914
-8721
14690
-28023
7891
-3203
4103
27504
-26591
6433
-26574
14029
20687
21908
12225
-30815
-30856
20194
20234
5771
12093
-15580
2713
4742
-6104
-10925
2489
7044
-31350
28512
-440
-14933
-21261
-6621
-25251
-9781
-31002
-20242
3666
31365
11917
30813
-21420
-23928
-11059
-5160
-1007
20030
-7547
-23492
-7953
-16877
22739
18569
-9026
-14210
-30762
-12976
27664
31009
-28399
26810
-1930
-6570
18959
-25712
25942
30420
29251
21525
6609
-30615
-22847
-32086
-12046
-31534
-8953
25453
204
12053
-8406
-31934
20888
-16837
-27597
-4876
16587
30323
-32414
-21458
17767
-28310
28039
-5430
11161
-24062
5856
3322
-21807
25268
17868
7964
23417
13729
-15910
-27772
16504
-16475
10121
-15951
5237
20487
-4040
9481
-27028
22902
-5624
-7726
-13114
12447
32362
-4440
-16107
-30577
31922
16972
25338
29367
-23519
13137
22034
19157
-8256
-2326
32403
-30408
9289
-2303
-30278
-13512
4429
-15737
-24069
-18158
-25966
-6303
-13459
8667
5800
8132
2825
14115
-12491
-16005
4174
2508
-6239
-29828
15736
16817
9084
-125
7860
-7457
23342
-22735
-17294
-24075
4814
-25301
20038
16467
-1790
-30752
-12892
-31199
-12946
-10848
-13082
-19484
11619
2812
15852
-11021
13304
-22129
32311
12064
-30344
30098
3241
27762
17157
10527
31857
31903
25165
-26034
5410
-14032
-1772
24838
13476
-19912
-18612
-30582
15332
6933
28979
10538
10968
5466
3123
9158
-6512
31678
17546
5202
19346
24503
16974
-4079
-21829
-3593
2523
-24954
17200
-2694
-6761
30747
-15241
9825
-1615
3133
-5017
-4987
18532
-30074
-17066
22385
21408
17197
-8909
22275
-20954
-3159
-28660
19265
-522
10943
20480
28995
19310
28737
-25957
4463
8029
-12860
26262
-14389
5783
-27783
-26480
-13384
16564
9536
-6692
-8169
-893
666
-5713
10501
-27011
13801
7568
8172
-15713
-18449
91
-21391
-11352
-12850
-14653
12099
11112
1273
-13064
22098
-7620
-2099
1984
-27304
-31871
15564
-27255
32540
20958
6779
-23144
-19492
-23858
-882
-27377
30195
19432
-24448
-32387
-3675
-30069
-7865
-727
10240
26652
-4699
25835
27942
-19019
21763
25036
10134
32710
-16743
-8282
-1436
22173
-28089
3007
-6195
1964
18618
-21434
-29014
30934
-31531
-17382
22306
8646
12462
-22930
-25301
-32568
-14831
23200
-24597
-15235
-24492
5076
32297
8942
12462
17713
23654
9116
5850
-30400
6994
14141
4357
-4131
23609
-24270
27305
5211
19133
14144
-29425
10625
30681
-14409
1814
-15257
23442
-11544
-15848
-16472
-8140
-6684
3715
26853
2471
18127
28852
4364
-2617
-21620
-21836
18782
25659
18756
-21360
-17538
-24270
-8326
13944
-24710
17946
-23671
-7921
25239
19390
-22605
-32151
25962
3474
-15233
-6958
7283
-14152
-23673
-16181
19152
-18094
-17644
-17532
18767
-16718
8557
17585
26494
-31040
12030
-26248
20293
26776
-30328
17349
29566
-4416
-534
10075
4742
25889
19173
4977
22791
5343
-1506
-4095
-25266
24691
3653
-5404
-3702
29041
-10303
-26846
-10130
1667
754
-17424
23827
-27631
24023
25034
15790
28920
-9611
-5861
19558
-28407
15638
-26327
-14486
-16690
-6861
-25411
27888
12753
-8523
12355
2582
-7634
9598
18269
-14801
-23414
-27105
3550
-25145
-25860
21522
955
14607
-29824
-29369
9727
-24816
-12452
21048
-29410
-13929
-25218
31154
-26566
17422
14588
26614
-2747
13615
15736
-30418
-10642
-25820
18915
31903
-23069
6855
30676
28249
-21601
21092
-11861
-32596
5791
-20901
6897
-28965
-6086
6026
-913
29977
2371
-7890
1915
2401
-1198
-10957
30393
4177
30938
-946
-20817
-28735
19009
32019
-27491
19080
23480
20757
8686
5838
28236
14024
-4847
31593
-17571
20568
3288
-31796
-19053
1152
-10021
12988
-30506
-17087
30834
-19481
21591
20804
-20143
25196
-27404
-5967
9343
7033
10200
-3688
-19737
9066
23021
-8761
-1488
14021
-25662
-16246
14805
28224
-22061
2712
7604
-13239
23599
31736
19557
21389
-24960
-9566
-4966
-19315
-15909
9760
27161
822
30942
-9589
293
-24295
10934
25639
7659
20515
14646
17492
-22978
-19159
-4469
6794
24677
-11938
-16408
-28869
-26757
21734
-14988
-1434
16721
11797
23880
-9594
21265
-24153
-791
16275
9343
-25507
16153
32549
28629
1463
-26105
-8837
19933
22818
-5579
-12546
6155
-32684
-26805
-20553
-4952
8188
29379
-13915
5746
12554
-6506
28108
-13153
23459
31882
-12587
1769
-22940
1561
1388
-27397
7330
-25955
-4989
-482
-21332
9194
677
-14089
7584
30997
29822
-29058
-30627
27437
1798
30440
-20087
-7223
18337
30371
-12265
28351
28970
-7258
-23631
-24876
-16400
-25432
28331
28587
-29634
-21341
30442
-17134
-22332
9684
-1799
4912
25932
-30555
-28247
-16376
7721
10127
-14024
-765
-21969
14187
16965
-17483
3887
-5337
-20808
14413
24207
-15363
-15452
-28392
3596
23386
-19689
-29641
-29024
18976
14074
-28268
26532
19744
32545
25926
14844
7837
23611
-27
-1998
5220
19007
12034
-1557
-25676
-29689
-21102
15544
-16255
17864
12858
6764
11723
189
12732
-19761
-26355
-195
2486
1711
-13848
22676
29884
29594
-18739
19775
27459
10844
-28297
-2447
19099
19857
16746
16452
-22153
9989
12131
19692
4226
9843
-4469
-16573
-19016
-30290
-21083
5168
29723
-32522
-2078
16872
11296
-8227
-21183
-4192
1647
19711
3964
28730
19278
-29852
-25238
10426
12038
18904
-9021
-15240
14264
-29406
-10101
-11131
-25731
-21537
-16367
-10747
-23268
12719
29105
9273
-2749
27708
-11963
15135
-28789
-18258
4779
6715
-2785
-26508
-24828
30448
-13947
105
-12080
31624
5553
29736
1921
-722
8543
-16505
-5433
-8088
-3154
-20719
-18669
-29076
-12541
2889
30712
-17359
13928
-14513
-13234
-1239
-12672
-7854
530
16840
-29613
13662
26186
-714
-3200
3260
-974
-8234
-31194
-6678
24131
-24516
27960
-2830
32034
20328
-17824
4824
-17995
-2347
-16594
-22326
-2790
-8179
7253
-14778
30063
25171
-3584
-6004
-24642
-19134
-17508
31727
17029
-28803
-7291
-22430
-3143
-3219
7893
-19432
25206
-8205
-14996
-811
-16791
4606
-28916
-27813
-26860
9860
-21613
-19685
25274
-9755
-8551
-4914
759
12149
16996
-2990
-31735
19952
8304
31249
6664
-32564
10176
-10137
30117
-31651
17485
-518
-30365
-23805
6585
-24051
21258
-30839
-4386
-18747
-1499
-8378
29227
-8364
21967
-18062
12056
25194
-9496
-13043
2501
30121
-8028
-30575
-28202
-13373
895
-11258
-14583
-28782
-17363
-5664
-18594
13185
20277
-24498
17711
-23757
5970
-2750
31438
1081
26407
5978
-25977
28077
-32711
-1844
18692
-21556
30848
-317
13809
29295
-3070
18629
4426
-25824
24108
-31289
-11808
-25533
-10339
-9283
3746
-12072
-17170
21751
-10644
28365
-10136
10341
20275
-19043
22325
28284
24570
16601
-29136
10364
2723
-12927
-3367
-21922
1945
17489
-29174
-3067
-30552
32198
-16794
-4155
-2196
-19035
16268
24379
24540
-7440
28273
-11457
-28336
2723
-8099
28628
-15047
20123
-31099
-5153
808
-10825
-12517
-9730
30328
-6272
-8119
-11724
-32009
28761
7973
-32593
22079
-1978
30334
305
24609
19198
-21472
28615
-19629
-20182
-19567
20542
8615
14237
-30883
28910
-21763
-20437
-10115
-6645
-29550
-2178
-8525
-31791
22994
-6097
12066
-30490
-3776
16423
27753
32330
-3610
19090
5416
-8931
-7019
-29774
-6542
-29287
2787
-22798
12965
19198
-10791
-10309
-8609
-1351
24880
-15888
12932
-31435
-17490
-22505
-4967
5001
10684
-3584
19409
-26022
-14116
-12528
3105
2668
-29469
28906
24609
-20172
-1931
31157
-13604
-26627
-26888
-6449
-9056
30168
24195
19638
-21708
4423
25241
-17649
28052
-10902
6838
16605
32409
-1984
-28264
31609
18446
-17553
-25016
-18709
-19831
16022
-20341
26103
-22112
-32209
-31070
-7333
5378
-2634
-22655
-19702
22425
7377
30447
-12468
-3035
25299
24446
750
-32212
-4942
17284
6278
-12395
5070
16510
31646
-17688
27940
2968
11247
-23168
-9498
20174
26624
30030
7740
11640
18897
4675
-27080
-22443
-9198
19532
23729
24502
-27132
-12085
-25263
-18011
1228
-14801
-25638
-31321
11747
-31887
-28244
20784
-8778
-27033
23075
