6958
13636
12603
2327
-21062
-23487
6373
1998
32154
-77
-19613
10791
-26469
24924
6596
21296
24555
-27353
25778
-22979
12809
-30920
17333
-32742
-24733
21772
-29730
27313
-30849
-22191
-27036
11526
7300
-8331
17909
11777
4263
-29315
17626
-27187
4456
2035
-6889
4000
-7423
7217
23100
-27434
-12812
12199
-16106
-17491
-30736
-16642
-29859
25969
-14477
28529
-11726
-8315
13408
22605
17670
-26847
18393
-634
-20676
-30578
-26141
-8652
-2777
11871
-30870
2101
-10681
-15741
23278
10601
5620
8458
29144
18737
-14051
-31699
-20433
-9943
-26474
-19611
-23165
19087
-24077
4999
14002
-1799
11096
-17129
-841
31251
12002
-3375
1484
18600
11397
26794
-1975
11667
-9607
-29492
13824
21457
4512
27754
5793
4006
15970
21186
9949
31182
21981
17123
18987
-28951
-6223
-26300
-19089
13855
-30305
20305
12028
-19672
-4253
-12622
29279
21100
-4637
799
24575
-6860
-1727
24157
12788
14361
-20144
-28180
23990
-25914
-23542
-28709
18392
-17215
-567
-5405
-29734
14683
19387
4594
-287
21063
21547
17193
19552
-25095
21664
739
-29412
25809
13461
17489
-25702
2172
662
-499
18207
-13447
13189
12242
-16036
20202
-30626
18778
-15582
-8832
-6754
-28070
-28043
19524
31151
23494
-14572
13735
27251
-7402
-29239
15095
-31103
-20013
-3462
-26307
-8645
19504
-12848
9409
6957
28484
-19713
18786
28206
-4693
-11807
-14515
13004
-23598
-2754
29565
28532
8109
-8405
-12689
-7212
-22947
-32386
-8431
-22681
30015
-28687
-20700
25213
25926
-31428
-5415
28842
-23041
25810
13433
17886
-3433
14829
-30478
30572
2687
-531
15099
13230
8555
4180
-31213
28214
-2640
2563
-9915
-26186
31534
27050
20128
16021
17775
-3713
-23595
-857
22232
29940
29647
6584
-7255
28869
13153
22963
27372
19258
19902
-7651
-25911
-26906
22700
-32544
3852
-29555
11776
-25912
12654
10215
11627
22706
30890
-16210
-25182
-7645
-14273
27020
19148
-26463
-32650
21023
-14267
3090
10826
-1166
5349
-29223
14847
-18773
-16958
8421
-28874
-364
-6115
-4255
17033
-3152
-26820
6656
-11027
-530
22082
-9048
-7902
10905
-32646
10826
-11905
-27329
-30972
-28425
21487
28314
18846
1075
-31214
26264
-5918
17597
-4667
-31931
23423
9798
2106
2394
-7657
30213
-12239
10432
-11759
32733
9233
11219
-28104
27878
27026
21698
-25720
3094
8655
-9471
-25359
-15579
-25266
-30837
28083
-21881
22234
-21222
-5604
-5394
-31161
-28931
-26728
14993
10131
1698
3883
31963
-18644
-25432
5741
-18176
12500
-3459
28647
-7492
9025
-11743
-20833
-8233
32339
-27306
11956
-15421
21199
-29228
-7642
-18659
32562
-10941
-2999
9924
19244
26877
5836
-26396
-18611
-2901
27182
-21759
-26857
5559
14635
-26665
-20287
-15352
-22859
10409
911
13613
-23197
-31087
13743
-18213
-22959
13117
-403
-21028
6883
-32143
-15176
12359
-1205
27061
5749
-27171
-22618
-33
30087
28563
7157
14035
23375
1798
7695
-7751
12913
-11051
24236
14090
25725
-23319
21303
-5644
-8924
-16173
27874
11596
-15514
8199
-14326
32309
26642
5616
30364
-18035
27308
-30152
-26593
8257
-6820
-12701
10336
18838
5176
-23284
-5476
-11565
24393
5485
-18226
22485
-12802
28411
7749
393
-26608
30497
25991
-26278
-21631
-7999
-29585
18043
10093
23778
24197
24828
-27831
23381
2372
3093
-22117
-19517
15609
-12114
-18132
-3740
-14097
22601
-30258
-20107
31183
4423
8445
-4992
3009
-3390
-28593
-5293
-2848
9523
-13492
2489
-19671
4616
20148
-28267
-7661
-29304
29101
-4705
-10540
11850
-23527
12169
-204
22795
-17406
14038
-12407
-8966
-12269
-20514
12353
2036
14773
-18188
-1964
-30114
-26078
8474
-24629
-17914
9693
24694
27571
11075
-10693
24923
13948
-26936
-12144
-17558
22437
-18672
-6113
-5601
-7492
-23337
12279
18866
-22051
2345
32711
20217
16526
-8697
8126
2061
31371
-10321
30450
16004
3881
24625
-10012
-4889
1680
26912
-6808
1297
-5516
25940
18952
8472
-30142
-25034
-25787
-2061
20221
-25904
-27380
8591
-30544
-1223
-10607
-13772
12461
23269
6839
305
12658
-8222
20020
12622
10237
-16132
-8361
-28470
-14320
-12175
9164
26402
9965
-31857
18857
11326
16285
-24371
-18179
-18243
23333
10696
-18204
-10072
-28153
22840
-15099
31042
3228
-32104
-11758
25199
2950
-11298
8764
-26145
28962
-17599
-27233
-25304
25934
22044
-29258
5905
-896
4870
-32449
-15627
-15295
-6837
-25401
29636
22040
-364
543
18932
8473
-28783
-30577
-4585
25962
18675
-28996
-5895
14987
-6914
7029
-6526
7494
25675
7984
-13464
-21586
-192
-1635
-26764
-16347
-29383
6546
-21319
-31243
9535
7120
15620
-17462
15186
24480
-1144
-29763
23813
29564
5339
21785
19258
-20257
27317
-3517
-8337
11234
-29317
27009
-21476
5244
-22245
-5100
18466
-29614
-8547
-18724
-2312
11462
13029
-28891
-12158
-14143
-21774
1390
-5841
4159
3111
6693
28586
12965
24916
-17767
-2274
-3667
-15042
-8140
-10475
-25268
-730
-28677
30536
13925
-7860
-20636
-24145
12941
-24171
-13309
23580
21652
-8510
20161
8171
-23081
-17607
-3644
-23047
14621
-30565
-20103
-3003
17799
-26575
8648
-19807
17723
-25586
18416
19592
27697
27137
-19677
-6607
-24517
19832
-20151
19168
11790
5462
-30235
-31309
21792
-14537
-27190
2261
32170
-23608
23266
-8398
-22856
-16464
-4880
-1678
30780
-11009
24558
20594
21985
29906
-30049
-6446
22513
12195
-17348
20313
-9892
26400
-1255
20922
-12288
-28150
-17203
-16502
13330
27008
28649
18343
-13617
-15882
-23886
-20304
-6035
-13518
-7916
-2719
3371
2195
29699
1512
-12981
-5046
-1770
-15011
12571
-20747
16806
-16928
-8324
-24322
-26892
30634
832
-11363
-4889
-30197
30869
-4179
-19063
-25656
-29528
29496
26278
-32367
-24102
7027
20466
28106
-6942
-31908
-7363
7300
-18451
15931
12064
-28214
27417
-19981
11582
24846
-29021
3825
5618
-25088
31334
-19178
-22646
17708
24355
11348
-20754
19266
22630
30016
8461
-4536
32182
-18033
31641
-27968
-18
1771
-14977
20134
31446
15701
-12049
-26505
3149
31164
-15651
-9729
4030
29180
-14112
-25466
2788
27890
-25986
2411
23891
18709
-19662
-29914
-26492
28919
28410
-5704
-14171
29007
-13939
13606
10902
17944
7723
5491
30236
18799
17655
-20109
4600
-16038
-31974
-14297
30466
16453
-26254
-22971
-28184
9438
-20678
3704
10015
-23307
9202
15095
-10298
28636
-21540
-17112
-7270
15395
-26347
30295
-29193
10406
-14184
26389
-31995
-31603
19562
-27768
5913
18229
18086
-10603
13756
11347
27835
-25272
-28120
-22016
-3981
2762
13884
-20966
-5521
-28412
10374
7294
-15886
-25330
-27536
-8901
-28312
-22072
21130
-16544
-21768
25691
6117
16279
17481
13232
-31192
-398
-31064
-30277
-1927
-21611
14974
-24690
6501
16548
-11096
17812
-22553
24929
-10473
913
17218
-26569
1059
-30620
17143
18970
9511
-31309
30212
-19387
805
-4117
14568
-91
14857
-16350
-14140
21961
-12112
21394
17118
-31706
10372
-30527
-397
-1859
-4597
-3659
-31007
17144
-3717
14619
-1515
28364
-25788
6800
29017
5875
-9102
-13250
-26563
-11237
-12957
23240
30975
1918
32122
26313
-20304
-31837
-9674
-13043
-12488
31593
-12965
23643
-26873
11680
-28322
6466
30308
9124
-18315
6192
-23549
-30368
-30080
-5716
10664
-4583
6411
15515
-9926
26674
13357
-24007
23458
15650
-7258
-3071
18782
24603
5104
26578
-26126
9249
-4262
27509
13868
26112
2318
-7244
-15726
-22902
29963
4000
-21018
-30815
4536
22049
14669
-30758
8371
-5039
-29580
20848
28580
-5823
9896
11581
-9840
25909
-8880
-14724
19954
3691
-14048
-29619
-9834
1611
29803
26987
-10109
32350
4654
3200
-3547
-5745
7197
-24692
-5480
-22628
6278
-4708
24260
6704
21626
-11754
24963
22871
160
-5305
9567
-11515
-583
5002
27834
21259
23585
12509
6972
-5896
-14696
20457
-7393
-5578
15119
-27231
19181
8244
-19400
-15788
9538
13271
1566
23660
-15506
-1387
-30675
6507
14109
680
-16378
-27807
-3271
20306
-5859
4704
-20743
3191
28054
18137
9522
-28251
-24540
29395
-32629
20479
-23310
-3305
-24745
19744
18035
23141
-11053
9004
-8575
363
25420
18406
11443
-13176
-4318
-21879
7131
12463
-27599
26199
8965
-31928
9974
22122
28161
-24882
-1139
-31151
8904
2910
-11939
-13781
-9017
-28084
-20866
-30064
10868
22015
-26529
4150
-16416
873
6773
-6706
9579
16605
-2647
28650
21500
-18
21828
-21663
12362
19936
15109
32641
31088
16148
25677
-300
-17441
19224
24286
-23904
28748
10074
6289
-14717
-29963
-8943
-23899
-23958
4516
-8307
6066
20042
-28430
25718
-27654
251
-1563
7591
-4829
1990
-11891
-20254
8907
18456
-18221
6807
16431
-25326
-19147
-16898
26796
14750
-6730
7890
-19496
-17019
2474
-25207
13314
11507
27098
-26445
9022
-4931
-23904
8649
-19226
-30584
-7229
3290
-15775
25406
-8712
-13326
1945
4411
21734
17853
10786
-30945
-9381
-12934
14941
5601
20623
-29743
-2715
-18157
19256
-12435
-29026
-7843
-6698
-15897
21305
-27936
27364
27877
-5650
11433
-23853
-25846
-30086
-32506
1653
16632
22953
19921
-488
26472
-4233
-22165
32587
8081
4561
-6163
23676
1689
-19331
-4119
-26615
-25559
-9717
163
-9598
1022
-4678
-26653
24550
-14602
-10886
-19618
-9960
17303
-20971
16715
-14851
15477
-133
1844
-24187
6456
-19297
-28626
-31951
1641
21116
27380
13096
13029
-16355
-22500
28675
-15192
-28237
22860
-29819
776
-12711
1380
28751
-23421
2550
23563
30130
-30858
-24982
30904
-1171
-29531
-27255
3232
-19994
-27603
2477
-30374
-11080
-31116
12121
-14439
20632
-11337
-12582
-12846
-32658
-13928
794
20208
-13239
28234
-161
-12242
10915
-7375
24410
-29954
28297
-15620
-19977
29869
-3738
28831
-8935
22272
-1344
-22942
25775
-20367
13635
-12096
-6450
-1986
-8878
26775
-20058
19383
-22213
7540
4450
7147
14659
11796
32303
-1429
-17513
-31763
27239
-32239
-19493
1049
-12210
19797
24928
7042
-31925
-26455
-27324
6720
-17737
7098
7497
4875
19932
8662
15538
-585
14101
31554
-4484
-18475
-5744
-10803
21899
-23537
-1633
31185
24633
26896
28919
18443
24815
-27551
12430
-926
13504
-15595
-1210
11100
26761
-29804
20538
-30911
27613
22576
29572
23974
-4031
-23555
15531
2642
23482
22260
-6444
22551
-5845
-26632
24657
-3478
1175
-22554
-23476
-15897
25473
26340
-21690
29891
-16064
4971
7062
8000
3776
-22061
11515
-7990
6301
30348
-29393
-25089
6115
28037
-11171
-21438
-26529
-3626
-6973
-11388
-24109
-14894
6125
27606
117
31974
17431
16227
-31417
-13804
31567
-2294
12729
6775
5461
-2029
7271
-4994
31401
18670
658
-1502
-8727
-5387
25429
-20643
-14288
10960
1151
20385
7407
-26256
14063
22163
-2369
-27819
25315
-21667
-11908
-25937
21018
16265
1545
4209
-13741
-7979
27690
-11221
21018
-19137
-23964
9359
-12078
-25394
17693
12503
13549
-14506
30594
-19705
23968
-6945
3004
27658
-18734
-27156
-1869
10861
-9100
10822
23260
-16384
8034
7691
-4665
-13012
1355
16969
5736
10032
-24461
8029
24226
28511
-9160
24664
5336
-16594
31809
28070
-4932
-17800
-3498
30956
25893
-8578
-18439
-23597
27479
4894
1564
-25936
-22198
21312
-12457
8378
29969
-14840
-9146
-10206
17294
-23176
31652
-278
-29121
-19242
27743
17417
-825
5551
8031
10165
-3347
2770
19211
15100
30255
4307
-23227
23751
-28435
-9543
-12244
2657
12620
-1106
26153
-28602
-4719
-21289
13782
-19492
-3740
13991
-14596
-8279
23298
-31339
-13129
-17778
-29260
-32028
3170
-14529
17403
22453
27228
-16253
13767
23113
-27335
23237
-17904
13570
-11192
-20076
-15871
8035
-32050
19867
2983
24332
-27267
25894
-21275
1988
23141
30572
20433
-26508
-10800
-13646
17797
-1759
-15440
13898
1597
-25432
-14166
-13868
-1556
-21877
-8504
15633
10645
-23356
9314
-14437
-7024
23957
-2641
7947
25586
-10585
-32116
-27493
-4910
28873
20482
17636
-7861
5334
10603
17604
16146
29482
-21387
-14451
26858
-2441
12556
-27258
-10173
1494
13249
24871
24716
-11108
-9028
20505
-27690
-27381
-28825
10143
-5416
-10952
-7866
8238
-11661
-16121
-11139
-16638
-28596
13281
22056
-24760
-10102
5870
-17344
-8478
19421
8136
-19053
-334
-6837
28185
-31306
-7572
14771
8771
-31936
-8203
17209
-20882
-10264
26842
18265
-17614
-7670
1797
10743
31965
29394
-14861
20414
-7663
-23953
300
-11684
12809
-18581
-25245
-32108
-9118
-5272
-32658
-22977
-10869
14847
-4701
-18673
19304
-1805
-32640
19418
-6432
-30256
-8667
-30705
14913
7912
-2987
22033
4246
-16938
17105
-19775
-6048
475
-28115
-17289
5747
32628
-31844
-31396
28712
7521
334
23718
-8647
-10752
-15213
28480
-17284
13436
-4332
-24685
30644
-25789
-13480
-14185
27331
31227
-25725
31174
15719
-4788
1075
27013
-29804
-12475
-13809
29373
-23974
18860
-865
-8190
19309
8000
7634
-17211
11862
27753
32441
12530
21421
-27213
31799
21567
-15773
5465
-19684
21602
-28483
998
-25624
16917
10136
-21027
23454
-9875
24816
2198
10772
24202
18696
-19429
17192
-23455
32218
-31618
-3010
-12516
22237
-14208
-9470
13817
32568
-11163
-20595
32184
994
-947
-12850
3809
21908
13231
4215
-32245
-9773
-19606
3511
17767
-26235
32182
-22051
15715
19796
-5657
18674
26900
7855
32672
30413
22046
-11781
-6709
-18553
-4456
14353
-31268
29210
13915
-17960
-23132
-25083
-4148
22611
-13930
4280
12930
-32536
-9845
9192
-8865
22620
-19999
13501
-27323
-31115
-28214
19093
-12913
-19699
-19421
32663
16188
-83
-23611
-19330
24219
-17889
14898
-954
-25520
-16862
15790
-4646
32410
10784
2407
1298
-19085
-11581
-19249
24213
1132
-10998
-7322
21340
-19116
8674
-17559
4522
-5780
-7954
24101
6168
32531
22393
-30169
7590
-9772
21220
1354
3875
-18643
2996
18450
3431
9189
-16815
-10357
1813
-6184
-27517
14282
14543
3105
-18389
16327
-7021
11294
-9550
987
-31989
17645
-8947
6368
25919
2602
-14782
31688
17954
11431
-30742
13118
3659
650
-8684
21229
27608
5643
5558
961
30244
29104
-14917
8597
9832
-16422
-5701
4019
20079
-31250
-2413
25738
23177
6736
-8797
10321
-3004
-6046
-20401
20020
24028
12982
30629
-21248
30125
-14174
16911
-15935
-26322
-3146
-2508
10968
15023
-7654
-2428
-22483
-11210
9167
14238
-2383
13219
-14405
-11491
31694
24832
7018
13689
29933
3451
-27928
-11815
28560
-20283
-14937
23824
9756
-12608
16219
-10662
-10196
-23039
16968
-16434
-7265
5253
-8194
-4035
-16439
15616
26202
-2289
9072
17610
-21851
11005
716
-5977
-3564
20444
23866
25894
-20674
16839
16336
-1122
12212
13988
-13881
-13497
10783
-4144
20078
-29853
16485
28837
-13388
-9936
16267
-27600
-21775
-11899
-7509
15660
9931
-8970
20837
-5592
-27811
4775
-16329
18422
24565
-27497
-12989
-10624
28924
-13398
-4113
12524
-3858
-15029
-1339
28111
-10305
1662
27787
14114
18029
19828
11245
24314
23818
-8060
-21761
28038
16786
26620
-27687
18033
-7580
1313
-32608
-23895
18453
27730
17806
11556
-3431
22974
-30584
-26637
6406
2867
-23481
-17703
27551
-19458
12820
-4565
-3668
4917
-30218
-11650
-6550
29220
4130
7620
22410
-1729
32146
19116
-25775
7745
-1044
-22587
-24461
-8819
-18156
-20307
4815
-16030
-9235
6184
-28723
11248
-12137
-13724
-28379
-15701
7987
13880
-15650
27786
-28037
-13970
14183
-6606
-15656
-247
11687
19666
-1410
-4389
15719
1921
-12876
-11075
-26369
2195
-7400
13028
8664
-26574
-455
2458
30021
-24855
-12190
28081
32355
-26811
7137
5376
8752
-15677
-25264
20257
5023
-6029
-18260
-18627
11265
28840
-6695
-7353
22864
19616
-8054
9481
1152
6199
24676
3630
32746
13871
-10029
-3817
-32251
-11226
821
-10000
-8661
2061
29083
16983
17307
-8853
-20120
-7582
5993
11433
-9338
-23869
-26068
-19051
22291
3633
-1340
-7856
32132
-10195
-14467
6042
29354
2666
-13906
-13828
-7274
959
26254
11321
-28121
-24224
4427
-31832
12451
-8409
4940
-2408
-31775
-11840
-32527
31503
-1944
-32342
1003
23683
17458
-559
-24098
-19362
-31611
29256
-1853
-5194
26327
7201
-8207
-30266
7650
-13268
3548
22507
16793
-7157
-12732
-23737
-13509
-26167
-6536
-28868
29813
-31981
-14495
-14073
-20688
-6404
-12352
-5648
17917
-17225
30297
14845
9644
18985
-27838
2421
24466
-15405
-25798
-22674
-26368
20901
28087
27418
15303
-32442
15894
14521
28186
8133
29621
17036
24182
721
28962
19972
-19568
-22986
-13585
-4357
12899
-17678
-20593
8086
-27611
-21811
26744
15194
28704
-6110
4605
20618
-8267
-23942
-3348
-20416
20043
-22363
-19984
18154
13774
-27167
1855
26701
31621
-20644
4241
-24943
10690
-21551
25208
-19042
8629
20925
-20939
2538
-23013
28439
12319
29939
8632
27909
13889
5084
22615
-21497
-21480
-17434
13262
20213
22060
16623
-22956
28043
-12281
-17956
29806
7773
32515
-13912
-28333
-852
19342
-21038
-29580
10518
12334
15982
-26464
-13039
-16498
-9859
2135
-21532
5181
20947
-9425
30173
-15775
19158
23312
23683
1497
-16734
317
32639
29714
31284
-19606
20671
-7677
3029
644
-13522
6708
-3225
277
-26953
-11229
-22107
-25066
-6869
-21019
16033
27414
7686
-26358
-19093
11199
-9012
-1899
-30370
3157
147
-9380
19777
12766
-30515
-21760
-15452
-12255
-32363
-7144
-24811
-9619
-16820
26415
27855
-7393
-166
-7927
27441
10367
-12296
-13094
-3467
8357
23563
10193
16145
10263
26500
15456
14518
3925
17978
-1378
5012
-8461
-15389
30554
-22201
15782
-6178
-27958
29155
31819
5154
-2334
-23541
11065
28557
1408
-27379
10624
8911
-8797
-12850
25633
-3755
32588
-21452
2660
20962
-12823
-26783
1566
-18842
-10302
18527
-12167
9265
5330
-32393
8934
-27629
-6354
17255
-14171
-26460
28149
18186
13006
-29917
19081
25079
9602
6132
13173
24142
-16370
1203
-10182
1989
20291
22015
30021
26481
25686
19921
14042
-30068
-23206
18005
555
-12692
22132
-15222
-16819
-5108
-16670
-8032
-19378
12302
-24654
-24057
11507
-27702
8111
15286
10497
30297
-1137
4193
15802
-22069
-15591
-2378
24629
26456
3381
15071
-15376
24034
-345
-10427
-13481
21661
8181
19374
30762
9478
21373
28987
-20959
4534
-8376
29616
-12782
11487
10653
-9535
23772
-11693
-21405
19150
-4868
7566
-6102
-6057
-21631
-29116
-18849
24278
27925
19357
-29541
-30056
-4063
21626
23710
20591
-28091
-7199
6633
13424
10604
-7839
-18241
27413
-13467
-11541
-24603
-2530
8809
13524
-3728
13152
-22803
1701
-22366
25312
-22538
8822
-17487
-23317
9937
-17712
-10310
26453
-22532
23187
814
-847
29492
-22107
8764
2549
-3973
-12408
-23524
-30360
-17872
8912
10324
13775
-21061
16326
-940
21075
12963
14856
-1169
-19741
17258
20146
24496
30144
29170
-12824
5916
-27390
-12308
-8835
31329
-22353
27537
-3749
-57
3435
-14592
-18146
-5088
-15857
-19969
24736
-20381
19084
13906
-23748
12859
-14882
29516
12557
11955
25821
7358
18249
17354
-26127
-31580
-4059
-13169
-24385
26241
-424
-20933
-1961
-7894
-21132
10082
310
25940
31915
28280
21820
9754
18284
-6384
21933
8686
-11084
-26265
17991
-17033
-22683
-3943
-1265
-16704
26585
2916
-26862
28983
-21020
22783
-21334
-22858
-23361
23905
-62
26182
-15912
-4974
8381
13485
-18914
23412
9750
-1446
15546
-5181
-25961
-31211
4516
32209
-10933
-16371
22948
-5882
27569
19731
18426
-29796
-14232
-2973
32281
7088
-7363
-8570
9068
21031
-11393
15958
1081
26679
-4671
15372
17274
-24449
-28469
5904
-12050
-15201
-17983
16498
-29135
20124
-13338
20540
23915
24048
32393
20911
-758
-4658
31102
-9368
-24270
8075
28651
31933
18615
-19329
-1123
4969
16102
27621
32104
-25463
5706
18155
8448
12956
19677
-3620
29519
-9260
-27978
-13884
5340
32723
-9656
-31403
-31420
8638
-8066
26609
-25531
29374
-19529
-8749
31057
-12154
5933
-27971
-588
-24543
23815
6326
15306
18116
4528
-27527
-7996
641
11482
-19003
-32023
-2732
-1719
14300
-7853
8060
5652
2900
8411
-22524
-19117
27007
18620
-23931
27604
-18694
-12128
9274
-10317
1809
-25588
14426
-12940
25204
2200
-22008
1932
11113
-29068
7446
21119
-30493
-11434
-23842
-18963
19058
31222
4536
30567
1568
-31153
-4242
-30467
16320
-25873
16785
-969
6193
9511
-2499
-17855
11173
16919
-664
-27442
-30821
10870
32221
22609
28585
-8142
-5134
-2094
-24665
-13886
-31941
-27535
-8360
17765
19653
19328
-18699
-32403
-6581
17767
8966
-3009
-27544
17694
26232
-26819
-21975
-22416
-7074
9678
19397
32199
-3269
16527
2362
31106
29904
11749
-18226
-20189
1482
30839
-16726
18210
15800
-3970
-31890
-28268
233
13907
13912
-410
-778
9854
-8864
-20861
16556
989
-13091
-12110
-18699
-17170
14870
-20558
-16711
11758
-12668
-30229
-22834
-23582
-29140
31890
-18568
20480
-32212
-24546
10362
-29992
-25059
-13157
15083
8557
28061
2030
30750
-17861
22261
32352
1195
-18804
-18283
5235
13778
-18554
-4733
25032
23149
4155
-32026
-20177
-30231
21234
-27215
12403
31489
-5001
11102
27369
-26659
-4439
31999
23110
27449
-28757
-2078
-122
-24331
-26010
-11248
-11539
-2950
-9419
26865
19529
32001
32294
15476
1994
18076
28335
7946
28890
5673
-26834
29992
14548
-12197
-3839
-13261
-17015
-2533
5849
20242
27587
-19642
31141
-32032
18921
-10668
-537
-21377
-26795
12160
-26080
41
11570
6440
24961
20891
-23729
12570
-25731
1583
1042
-25520
-28388
-25047
449
5153
-15099
9022
-4499
-31677
11214
25195
-32600
-19788
17389
27533
8932
-31326
-1318
-20474
4141
-24558
2328
2956
25168
21871
12598
17995
9196
-6939
5692
-19373
24913
-7637
3120
21610
-28176
-8696
-17618
-32131
8979
21952
14622
31749
21399
-13207
18960
-27686
-29368
8206
-18421
25683
-27358
-24146
-28617
-25428
8891
-28950
-4063
-7371
-23375
-2296
14461
16134
5490
-15347
-4914
14152
26959
28622
20131
8986
-19614
16372
-5536
19295
-14224
-22315
20875
29351
1351
8640
8078
-8128
-3790
5293
-27174
-1705
-23792
9223
-19364
-16933
22355
-9007
-4394
31573
-24552
26041
28152
17702
4822
-11134
-12173
24508
19995
11912
15690
-11358
13019
-15791
21938
-15333
32692
25273
-21710
-3058
22087
19037
-31857
11913
2462
23284
18655
6028
-10428
-9026
-672
12186
-15777
-10335
22718
-28897
23690
7408
24754
-18633
11606
1021
24521
8536
-14907
-16187
14106
-10726
-11573
19046
-2925
14592
12616
11446
-29470
28077
6868
30606
31146
818
-31249
13938
14881
-18566
5964
10871
-14568
-31303
-1799
-14197
-3464
65
4213
31324
21484
28979
25755
-24067
19717
10362
-15064
-14312
-31257
-18593
-24330
-5616
20296
1059
-8635
-28672
14855
-18038
14589
27708
-19819
-13157
-11316
26501
-13144
4721
5503
24714
12324
6237
-32560
-16203
-30503
11906
19255
28285
-6696
8121
-3094
3219
-2412
-23240
25106
-25226
-26211
19889
20163
29360
-10609
9193
19603
-29208
-16416
-66
4134
24318
-12940
-27834
-13245
-9081
21141
18194
31677
-3274
16824
1622
-1453
-19406
6039
3152
16998
11979
1658
-19700
20375
-7721
21322
-13693
4402
20286
30277
-14778
-31253
23682
-30764
-13369
845
14131
-13900
24828
15702
-8290
-13901
-8498
-23380
31196
15916
2870
-2697
-30966
4065
23191
5947
-25089
-22435
5442
2940
5633
-1662
20032
9221
29237
-13040
32301
15189
-11368
-19332
30094
30507
-22399
-20483
-18695
-31024
-21149
-10274
-9833
-23087
-18658
21693
5663
2775
17033
29677
-25597
25267
27437
4438
16913
-28180
-16771
32228
-4526
-788
-30885
-14272
-6172
-13814
-31026
408
-5058
-8664
-22014
-30076
7934
19460
14444
-19877
27401
-28404
9705
-7479
30128
-18288
-19375
-15940
18335
-15690
15677
-8314
-173
23314
-21308
-7254
-26115
-16093
27552
-4723
-4572
-26749
-25613
22790
14058
13980
-24692
-16692
21076
-7028
-11283
-4389
-2777
-1871
-3044
2404
-4289
4529
19968
10395
8586
-545
-32487
-22144
21188
28169
15293
-21046
-24603
27819
-5825
18893
-3715
-19972
18509
29219
13855
11835
29606
29876
-16430
-2359
-27875
-15089
-22843
7477
5969
-4294
22265
-3210
5241
20797
14352
7230
-6249
19755
-26660
-24377
25414
23919
-29659
17304
-394
-23357
15233
-9801
12434
15976
13578
19850
27238
1562
-9979
-13726
5362
118
-22897
-26491
15817
-3656
-1209
-10407
2949
14639
-12175
4747
-2926
-20971
-26915
-18154
18383
-7245
9211
-25045
-31011
22725
-2427
-2755
7621
10652
-4424
11077
-9420
-5493
-32647
7370
-18602
-32297
-17389
5849
-26202
-30300
-22697
6850
-25007
21101
16022
-2155
1256
-25171
-30783
21526
-4460
-4004
-25449
10965
-20512
17260
-27135
-26980
-21746
-12843
20041
-11239
-15949
12701
-22108
31789
5067
-4245
-8927
18802
14420
-25748
-29362
-8679
27061
8541
-11636
-30928
-19523
-29308
13698
18203
-16110
28994
-32135
25543
-23255
10159
-30333
-29805
13652
-697
-9659
4692
-20654
24191
-9527
13860
-5424
-29543
10062
-25558
27617
-30869
9722
-8148
1894
25086
-27548
-12662
15325
-27428
4414
10121
22699
27750
10654
3716
28834
30031
27257
-15177
29446
29100
-15143
-25570
31194
-2602
10651
-16429
-4263
4327
-32141
-450
-8852
-20974
-17737
97
-20133
9572
5291
22578
-31603
-5904
-13747
-22802
25750
-11947
7870
-27160
31189
-23622
3168
23787
-28418
5943
10430
-6176
2916
17661
-1019
15031
14243
-18004
8766
3075
-28391
30445
-15292
-18319
-14520
24541
3064
-27278
8417
-1315
-10742
-16832
29785
8246
-23545
5062
3854
-21995
-13387
2415
23932
-22639
-11164
-22746
-31571
4610
14158
-4409
-535
-24009
-2943
20147
31910
-1376
16800
4024
-19482
7823
16062
1528
-7894
12513
15636
-21862
-8108
1202
-28225
10465
-19120
-31092
-27367
13368
29172
2288
-1464
7479
-23971
-4305
2700
2134
20334
-10067
-30837
-25426
29421
-20678
-17277
25266
-1308
1994
13523
31728
27275
20351
16716
-7746
21738
14871
-11685
-22561
31054
-20290
5079
1553
-6449
19481
-22102
-20056
-10414
14738
-3014
12086
19525
18800
15954
21429
22283
-18795
13827
-839
-15248
-9686
29535
-25041
-32171
9666
14506
10963
-29251
-8941
16588
16186
-12231
-16290
-31265
16738
-31056
5577
-8314
-19571
-3485
-31012
21641
-4613
-28796
26055
26857
-13112
2847
25456
-31
-633
14287
-23370
24746
-17226
-29869
31884
-2984
6568
-21763
15237
30357
16378
-10326
9492
1749
29238
2183
-30501
28521
-5436
-7527
-29587
4525
7696
1791
-26920
-22202
192
-28289
28792
-21172
21076
15557
17471
-1627
-1652
11156
-6873
27008
-30601
-32582
28596
6634
29921
12540
4905
24915
-6218
10704
13243
1705
12535
23611
30631
30032
-18574
5061
17979
-2200
-14081
2444
6862
-28978
-1565
-32713
1538
-21942
10229
-28142
2836
21841
-6361
-20045
18314
4961
27484
7252
28589
-28260
-16270
12395
-22797
-26869
-18194
-6355
-7954
-25175
27111
29227
-3283
31570
9193
10365
28603
-9671
9080
7088
-15420
-30784
20729
9776
-32530
23468
11493
-27454
32409
27445
-29069
29032
-22478
27399
-21035
-18136
13466
-12537
26957
10500
15216
26511
5344
3959
26689
2256
-2188
-16103
29124
23467
-20616
-30239
16598
31365
25600
-31214
-5327
5638
6882
-27653
-14081
-24698
-185
18160
3173
-12389
22883
-10661
-1465
-4734
9841
-17140
-17161
10782
16115
-6598
18582
-16717
23375
22498
-19660
19615
22412
-21828
-29614
21412
-17880
9411
1951
-29811
-16839
-4747
5568
-31994
-25739
-4291
-7320
-10496
27885
19584
-27228
5243
18578
-30564
32160
-10903
-19623
8338
-5453
-24392
21154
9397
-32035
-16598
20227
4932
6026
-18071
32519
28856
-5088
5093
30366
-4138
29836
28839
-9188
-7822
-1882
-27270
-25709
-17625
29467
13319
-1938
30265
-26575
-31927
-25514
21713
29297
30414
-3307
-31355
-21990
-30236
26695
1765
6259
-31515
15196
22530
10515
-26254
-4642
3006
18065
-30623
21700
4366
7357
-24019
-13746
-14273
-21273
-28439
-4844
-25535
2061
-23798
-11874
-21436
6776
10543
8740
-234
-29343
-13163
27742
16697
25899
4820
13296
16944
11471
-26858
10087
-13214
11237
-32693
29350
-16878
-21032
17585
-2698
-10113
-5097
-21889
-25928
-1519
-27398
16973
4169
-12307
-13885
-9593
3065
-19413
-20412
-17236
7070
25568
22884
-1921
5295
-18316
10745
-28273
7910
-28449
12674
19694
-7702
-7532
7722
19900
28531
30276
31928
19266
-19339
19870
-6802
8730
-23167
-27671
21065
29799
-27386
27116
-4133
-22026
-27878
31744
-18283
-27040
-12794
-14727
10947
9528
31600
31071
-6616
7583
-11189
-29308
16552
23717
-29826
2965
12967
30708
25368
-1974
11066
-21863
7125
-1078
31215
32742
3346
31919
-21911
18631
-31690
-19603
17705
9197
-17548
-32309
10043
24158
18299
9278
5829
9934
22099
-5001
-22334
-3807
-363
-3604
31655
19058
13284
-15584
15919
28259
-24058
-26261
-13099
-17628
-5707
24882
-887
-9405
2880
21363
-24230
-22171
30651
-23377
14172
-11763
-9035
-27033
-16186
4179
11627
-2365
16483
19685
29297
-30994
-7292
-5791
-20695
1673
29381
-24370
-16176
8636
-10075
697
-23604
-18845
-9777
5031
1685
-9402
-4334
6634
9695
-14800
-26546
7449
26694
-12152
-13210
-16901
-29501
-2130
-1822
-7222
-19741
10980
16086
20970
7857
27511
24854
-28901
-23299
27230
-7691
-9884
-24773
-28771
3885
11087
23130
-10762
-22464
-7839
-21606
-17933
-4618
-21563
-5134
-17585
16015
14737
12287
20945
-14740
11895
-10507
-7175
-29327
31617
32279
-2840
-20628
20824
22539
11677
-27894
-15271
8734
-30464
16610
29999
3380
19620
8118
-346
18526
23578
11914
-29627
-30764
3392
-21504
-17294
-6128
-15149
-21469
-29644
7564
-29778
15395
-19346
25016
-20462
-12049
1939
3206
-2867
4205
-10220
-28314
-30245
-23242
26545
31413
4124
-32394
-25095
-28668
-7267
15212
-3314
24669
-21756
30068
20610
-21682
28884
25871
-11967
2844
-3750
14521
14241
2113
23359
1161
3154
-25442
26582
-16139
7289
18060
30366
-3206
8213
-26243
32607
-17710
15500
-21110
14292
-18354
5032
-30355
-32533
-31988
1429
-17358
-20861
12342
-1255
29302
-1691
18345
15755
-2282
-22598
-10492
-27174
-30082
20482
1035
-23959
25295
-22487
5783
-23615
-20608
-12626
17020
-21578
5411
10337
-27753
29363
31446
-1692
28168
-3266
760
9703
14550
29487
25404
31671
-22710
17929
-15198
-11350
-12405
-6350
21692
26008
23111
-15738
-24913
-20371
25035
26087
5537
-32621
4857
8121
-4323
-18894
6524
13806
13252
24329
22147
-2634
23978
-21923
22539
25605
6166
-17244
-23727
-23280
14194
29853
-19841
28437
22892
16994
-31788
-15363
26210
-8441
-18593
-29840
11049
-21879
22721
-5603
21836
-27076
-1154
-14920
2904
-24402
-6226
-27618
21604
9089
28886
5883
19140
-17017
-17915
28741
-21170
26372
1020
-7547
16720
-16326
-17122
-26884
-2427
13904
5860
22419
3080
19263
-6182
-8050
7159
21056
30620
-2643
-12415
24806
15037
-24155
3208
7817
-21967
8764
-4674
-5768
25997
-7038
-22529
-17881
6716
3037
9623
23566
-6457
28749
17963
27797
17345
-12518
-15830
-5952
28207
9929
-22799
-19140
-8349
-8702
17487
16511
30108
14894
27053
-15874
-25459
741
-12121
-26796
27864
-14149
9740
-21964
-3953
5247
-1682
-21978
-8841
-6452
-19438
14644
9954
-7043
-30491
-19921
-4487
10360
-30819
18788
7545
-17451
19974
-19667
-7713
6857
-6700
-9059
-28943
-12000
-1012
-9985
-15699
20711
-14421
6810
-10246
23790
-7772
1569
26841
-4073
-19472
-21347
-9039
-16532
-451
16649
20359
18125
3174
-7024
26928
16484
23675
-11941
30623
-13204
-773
-21776
6379
5167
-10200
26858
-14586
-9951
-24676
-4692
20059
20631
-6801
23556
29667
17328
13099
18141
-15329
-15432
-16995
-28607
-20336
6914
3506
-8488
19749
9717
11213
-7182
11357
-20969
-29372
27865
2112
24278
14158
29948
16274
24513
-16906
6557
-23861
-31966
15890
-30359
-13132
19542
-16938
29686
-30329
-16277
-10544
10089
10172
28777
21319
7718
-8788
-6597
28086
11095
17305
19903
-4702
-6488
23978
30004
-1581
5617
-14683
9674
26460
-22869
9879
10542
21417
-493
7972
-4602
-1748
28554
-23796
17096
11626
32382
12411
14632
-11019
2649
-6096
-20048
-780
29479
-16584
22787
27202
-17199
13120
-22534
-17173
11003
-2980
-10709
9958
-8015
24586
1610
1369
-4762
-1652
10084
-17577
-1445
-25463
-12649
20687
19734
-24945
24952
-2564
-13913
15158
-24418
27363
-3240
-26556
19308
-26343
18721
-15709
-28942
-7881
29229
32383
-27609
28137
26420
24424
9873
28794
-11446
-25171
-30974
-15519
-19234
16481
-5953
-27391
3332
-26311
-21877
2674
970
-28124
1110
450
-12255
-9847
14797
-1875
-18511
32086
14315
10766
4572
16380
-27299
-21372
-28335
7767
22714
29691
-17169
-3612
-10588
-18593
-20613
-9350
-24421
6243
-8662
-21721
-22350
9342
-30497
16696
17404
-1885
-17508
-8636
1191
14652
-27328
-23533
-17859
2615
2660
-16395
8223
-18408
-8927
-3057
-12301
26642
-10379
-22397
21706
-28572
22332
4291
2276
16139
12566
10458
31110
-20575
11129
20530
18501
20479
12004
-8409
2158
-21743
-26753
20995
-28930
-30067
13366
-14323
23020
16681
23752
12639
-11911
-24157
-12617
-32366
-3617
-16195
-3558
-11803
-10848
-14579
-22010
24212
-20046
9116
-7060
3701
19564
-18230
-12533
-30110
-31956
-15644
2872
29263
-8270
22187
24941
-25706
3325
-29378
1491
15089
13430
-13624
5629
-18820
-19576
1664
29337
-3319
7146
25453
7366
21117
-26074
10704
23943
-23954
15187
14536
29606
-26657
-14157
31633
-7587
-5308
23078
2127
4667
30092
-22967
-30835
-22532
9007
14496
-28538
3112
-6353
-18465
11342
1160
-9731
19703
651
18448
30752
-1440
-3580
-20941
-17575
15269
26919
1496
12372
26003
-13698
-10909
27793
-31073
-19989
31553
-25249
-30725
34
-10539
-14184
31727
28443
28721
-9835
-8445
-13295
-15523
-3086
-7491
13993
-3888
-637
-23978
-29613
-18363
8936
-7207
-24164
11810
-29320
-9373
-14951
-16567
-7439
19162
1126
5985
-12004
7196
-10680
-25398
23143
-12411
-10472
-18451
-18496
19491
-12026
-3390
10690
11943
-21391
20544
-21280
-14582
-27731
-4261
-2519
-11357
-5047
-28896
-15072
-20668
23307
-21520
-18159
-22285
-26832
-20570
-12492
10545
30948
-28357
-29657
4340
4200
-29107
-10671
13244
27465
-28959
19190
19411
-10890
7811
-9253
13507
27511
-3687
4792
13652
-9999
-23292
-2686
-24559
25017
14953
23358
1866
-17698
-22117
32586
-30547
-2145
23668
31671
-29996
-22819
-27520
26299
-24950
-30653
17270
17869
-22286
28523
-32053
-14813
-6134
-32104
-4013
3025
-5246
-28545
-8111
16893
-19478
29222
23150
-9017
-2104
-22993
-20248
-22941
-27901
6488
7588
-18360
21129
-4424
-26324
-19029
-12461
-4667
27351
-20655
-21492
-9680
31728
10888
32753
-5397
22383
-24821
31745
680
-19559
-1915
11377
31959
25207
10760
-12892
31307
20081
7150
-3705
11723
-7857
-28351
4672
1448
-9495
-4617
-10398
2026
30486
-22889
-4923
-5059
-26301
-23012
140
-6883
-32396
1019
4987
-6377
3564
-6598
540
8227
17701
-8860
-17469
-744
-15059
-24097
-27737
-17660
-20465
4347
-19204
-29309
-4848
-1700
-19202
-17445
31618
-20155
-10927
-31415
24388
26895
-11480
-24289
-9754
-19484
-20405
1491
26922
2416
25764
-7618
-18970
-26167
-32180
-3919
29853
25238
5412
2202
-13993
28926
22265
28121
31801
-12765
1623
15614
-29967
22104
-8634
4450
6359
5526
-22850
-4709
3779
32067
18518
9590
10786
4171
-32665
13281
349
-129
850
15549
11915
6457
-26838
1900
11054
17555
-7011
-29990
18832
23366
-7681
-28921
6713
-30804
5627
24998
19816
-9830
14434
-28263
7232
5888
17274
-26451
-14229
25995
1262
-5627
-1247
-22627
-15983
18009
32502
3081
23059
30181
19124
14727
28529
-28745
-12565
10693
-20305
-28243
-30879
-9438
-25497
30573
-1462
14922
-7306
4188
24456
-29940
15659
27354
21137
30495
30285
29026
32568
-12448
-9987
16500
4761
-2065
-15197
-5778
-27678
1086
-11006
-10615
-30841
14654
-16110
-14538
21271
-16841
-23180
1705
-10146
-23236
-21214
-17787
13834
22032
-1831
8478
19484
-24651
30930
15629
3481
-10950
11238
9816
6240
31022
-4411
16029
-27764
-14961
8107
15627
22138
-8954
-12003
-15419
-3283
11102
-13146
-14697
2856
31411
-13798
5888
14332
9215
27138
6509
1338
-15198
15595
-18799
-7019
-16868
-31550
-13082
-4307
-2306
-15691
23822
-28140
-31355
1702
29686
-9449
-20501
-21120
-15635
-26767
24870
27440
20054
8849
-6324
14739
7114
-30770
9527
-25462
-7286
19765
11207
22668
-22220
5390
4625
-11251
23633
-15518
-2208
8189
17336
-11864
12705
-1954
-11514
21283
-4889
20760
-6671
-7891
6864
-14941
5956
6556
6353
5363
-12611
21024
-4192
2246
-32689
-22909
-5695
-14336
10384
26619
32399
12326
-31326
31994
7701
-20984
-5564
-23798
29549
2637
-15075
-11914
-755
3352
-17314
-29076
-32064
23616
-30403
9745
-1051
-13554
6619
-12958
-22946
29862
5694
1960
11272
30355
12854
-25808
32744
16844
27011
26341
1245
-14235
-24253
-12393
5832
29588
31916
13494
-16259
24779
1120
-20932
-5051
-8101
-11573
-4819
-2473
1144
20622
-30836
27513
-19820
-28067
-28712
9749
4083
31047
-32048
15951
12905
20677
3514
-25879
5050
-23860
-7028
14768
13784
30595
-11247
12078
-26695
-4559
31900
2143
15283
-16542
27291
19519
18129
-6722
-16384
14934
19197
30984
-2567
16928
20905
-13162
20756
-2242
-18630
10372
14581
-4451
-6824
-28472
-23130
18577
-20089
27425
-15624
8854
26103
-13500
-26499
-12346
13353
-27810
24571
-22062
19548
-29704
-15187
25189
10389
-28593
8826
-16024
4139
-17412
-29687
20280
-2107
29871
13717
-15473
-8854
18313
-31025
-19448
24337
3754
15627
-6618
-383
20296
-22083
-24389
32137
13615
27897
-9307
5880
22286
-29965
-4046
26105
-2049
25167
3311
-14678
-30559
-22095
-23993
31198
-9134
19034
-6653
13360
1858
-11673
-98
10050
2770
32173
-10761
-22973
12386
-20864
-10226
-24251
18213
-30222
-10762
12533
29694
26890
15332
-20178
3622
29247
24272
3176
-9991
17986
-17962
-7432
15866
-17953
25412
29738
17453
-3678
32619
-21039
19436
13576
4383
-7611
5613
-26691
-11323
6729
-3562
-11974
-24529
-18223
8149
5933
12891
30888
9888
2700
-10408
-12801
-8077
-5904
-28730
-26824
20721
4057
-17441
18586
28214
-2122
5748
-25489
-18705
-19324
-16656
18472
26196
4718
173
10585
-30541
-23195
-11093
-8089
31280
-13899
13522
-29270
-13949
-27235
7610
1222
3683
-31486
-12936
-11410
31592
-26966
27085
10741
-23907
25624
31151
477
18794
-22604
-30689
24503
-24285
3654
-654
19298
-8779
-2184
32149
19879
-12607
24685
13547
7762
-7706
21562
-21629
-16196
-10414
-28588
-7564
16865
-23640
-4751
-17619
-14308
-11398
12553
-25843
-21176
29331
-22190
4856
-24046
404
25757
29387
8670
4821
10500
-18248
-14576
18526
28787
-24205
-30787
-10600
17495
9666
-20184
28044
31262
-20764
-11598
-9536
21984
-3894
8735
26288
7685
40
-26954
9056
12875
-9389
28816
26831
-23082
13862
-28356
31096
11074
-8963
-3734
8736
21761
-22213
-413
-31071
18077
14296
13769
-14823
16715
29439
4064
-3289
-26524
22755
-1339
17095
512
-11129
29303
21916
27221
-17345
4903
-25267
-25186
-27325
17259
-11745
15282
18331
32501
-26298
13542
-27167
-2654
-3509
5435
14797
-15371
8137
-4475
6272
-2131
9275
-27373
-12585
25102
30347
-15989
7433
-5102
16470
-3711
4854
9304
29826
-29730
3618
14209
14623
18118
5863
-18899
23538
-19109
8891
5582
16552
19332
-7398
-26211
-29908
-20996
12124
12181
16467
-30163
10266
10275
4618
-24473
-18262
1319
24332
28098
-24162
-6984
-10411
27962
-23295
10931
-20515
-19257
-27895
-20944
-11978
-21726
-27577
875
-2610
-17473
10928
-22475
-25051
23329
-17569
17951
602
-22540
-20232
21639
-18919
25899
19623
-28909
9101
16701
13208
-5662
-20894
-27630
-26143
10495
20985
-3545
-13700
-4175
2332
-5539
20522
25638
-11406
-15005
-24922
18077
-27959
-20556
10465
18395
-7912
-32046
-9191
11943
26444
-18812
-20739
-23059
-24278
-26085
32229
-30561
-24666
-17486
-12060
-16033
21732
4367
22425
-25461
13785
-1159
-15575
-988
-1019
-2896
-12524
31681
19784
-827
13701
-20832
14132
-23821
3428
26621
-27136
-16744
26397
31618
-834
-13120
12334
-9957
-15334
28355
-26737
-23096
22124
3430
29975
-3654
8633
10356
25576
-19639
-32097
-8434
30797
-16342
-25891
16300
-11204
31529
-26809
742
-9369
-20907
24966
-19687
18040
-287
32043
-7348
-23763
-279
15232
8162
-23511
12124
30434
-30822
-32060
25178
27950
-24840
-11344
-30596
3035
-8130
-16408
3028
6776
-780
-12140
-27235
24475
-23929
-21538
-24769
-16081
2852
-20072
-11610
8618
17827
29409
-19630
-31835
-23978
-20800
-15728
-3922
30200
19341
21005
32091
5752
-16944
-26626
24731
-30453
10254
29753
-6616
22710
-11747
1783
20422
25450
27414
27222
19136
-18364
7256
-17156
-30165
-31263
32455
19928
25686
8562
-9683
11294
-17556
-20090
-6018
-19485
-11679
-23026
8938
-861
-20248
-7695
-2883
17337
10409
2471
2091
16658
-20400
32460
-5344
-2268
15732
-16964
-10599
3010
-2769
-13429
-6659
-31046
-26795
25376
32424
-23076
20339
-12990
14835
1617
-8735
-15927
24990
-18802
18948
278
22528
-12847
26833
21560
-30740
-20321
-19443
-27802
29110
-32100
-11322
-14473
-15241
-4417
6218
18516
-6493
-7592
-9114
-13482
-8017
27185
-10969
-26491
31921
27767
5114
-25740
-25494
27091
-16100
17049
16854
12846
1604
-30130
-19129
-27377
-32116
23186
18343
30911
6692
-28125
-27337
-13098
19463
-916
20968
8727
32154
29911
-28157
-9664
19726
25509
1566
-15463
-22908
-22761
8577
-23935
18333
6087
17599
31661
19360
2978
-9659
-17720
-17023
-20011
-2897
356
-28818
-8386
26609
23094
22638
9679
26541
4314
4661
-23053
12304
-16479
5966
-4849
31377
-22516
-30137
-21416
21346
-12777
-23506
-1875
21414
-10227
-14765
6530
-9510
31882
32733
-32680
10606
-10049
-24008
13344
1904
12674
21840
22094
-7099
-31839
17252
-28340
12662
-18358
3448
15074
22115
-32031
32755
21450
7382
-17016
-32120
-22124
-31547
-13277
-11129
5693
-2974
5212
-28020
16650
1890
-28117
-5074
13738
-6672
31125
19093
14672
23433
31560
-10381
-16050
24645
-12255
-18895
-16841
31599
3964
22628
-25944
2341
18839
28687
-8042
16188
-30017
25692
8315
19282
-8192
31471
-2899
-17580
7627
29713
14874
-10894
7174
26359
20914
-4344
-32239
-17302
-1706
31248
-12451
8595
8119
-29327
11953
733
-16618
2578
20484
3950
30924
-7975
-27455
-11434
-32250
17502
-19976
27928
-2989
20943
-5717
24059
11485
3516
15132
30114
1946
-18857
30334
-32704
-20777
-31211
-8126
-9859
31248
-21710
32647
-14816
28243
32165
1841
-18434
14470
11228
-28374
-22278
-29889
-10425
-22804
14790
-12756
-22690
-31598
14024
-1359
21985
-28382
-1285
-15824
-14375
32244
-19450
10756
-24329
-9428
264
-10013
-20068
25091
-765
-13566
-15221
15381
28196
-28228
6619
11798
-20042
-31475
5496
-17232
1552
-24421
-15716
-7583
12908
-19079
-14952
-8857
1407
22224
-19421
-1170
-19104
-20670
292
-28728
-27274
30515
358
-19792
811
-2361
-4523
-2817
2883
10927
-2164
6147
-21487
-4163
13374
13321
-7837
-4203
26094
-13096
-4114
-8679
-19786
16657
-5991
-26750
14532
-21511
26064
-15206
-11616
-19780
-5877
-23421
27979
29940
-4105
22752
23357
-10778
20533
18814
14949
8564
29899
-25965
21079
7581
2994
21222
-15083
-29379
-26541
11510
29878
-6948
-16400
9515
18932
-17346
19141
1763
12962
-12626
15290
-9089
11568
-30345
6832
31317
17008
9952
7634
-6661
-26966
459
17280
1306
31704
-12262
25997
28431
-1370
15655
12584
-5655
23833
18780
1223
-10784
9946
26939
-22264
-29153
9936
27052
6980
26555
8349
20534
-22971
26625
15578
-15664
31027
14251
5885
30654
-22800
-2431
2115
-16572
-22872
-19112
-16177
20527
8914
-26694
-31901
5788
-13431
-6662
14855
-24295
13530
-6260
-6267
4140
23708
-15813
25252
-13727
5310
2990
22746
-15772
1479
27834
17422
7683
16946
-16066
-11866
-30864
19512
13590
-6196
10933
29230
28549
-32659
-2729
2587
-28200
14255
4603
10682
7659
527
27032
-24810
701
27440
13845
25334
14316
23948
7461
-1255
10458
-7175
-13086
-20647
-11224
-16144
-20894
13068
12374
-10906
-13099
-19115
-3525
1596
2106
766
-31192
-23159
-12106
-26905
24386
13466
23214
17809
9710
7702
17626
-24955
25995
-3201
30537
30687
-24810
-8600
-27602
-30545
21344
-22291
26997
15513
-22131
-24158
-7539
-5401
28279
-10004
-29623
31159
15546
-9697
-22386
-5911
15363
-26819
32174
-32668
-15534
22882
-29912
-30151
-20248
23032
-26571
31610
-6518
31214
-22037
-13250
-5308
-31478
-20674
21704
-322
17021
-6886
26359
-31700
13318
19854
-32249
27391
-15398
-13818
-31596
14347
-12009
24854
12719
28753
15576
32730
-13633
-18988
-31544
31882
-24753
14305
15678
-5003
7622
-6192
-22770
3785
2987
-18431
-1313
-28246
-16810
26896
10715
28343
26798
-18381
23144
23513
28146
-9747
4703
11369
6017
-8791
-25493
-19444
12263
-24937
24345
4916
28985
30156
-19560
-20368
-27478
-22585
7475
-9661
-31979
-18443
-30500
10995
-11192
-4670
414
-28588
-13288
18066
10269
1041
-15560
4551
-28257
24493
-13099
10251
11645
-4642
-5537
-25396
-24618
27678
-23509
1307
15150
-32285
18943
-20258
7
-5098
-24693
30945
7760
-5845
-25871
4839
12183
-27507
15169
4544
26624
15511
18014
13328
24720
-24561
-29632
10091
30887
-28882
-11752
-11723
-13110
12467
-2001
-22106
-29623
-28210
8406
29261
21694
27337
-8963
19335
-11714
-18219
-6666
-23313
-5161
-2817
29478
7291
-540
-31111
-2784
-19103
-26213
-18522
-7798
-32034
21346
-23355
-24645
24065
31283
1437
-1218
-20681
-3506
-6980
-9879
11880
13408
-11206
-30134
-2249
-16736
-23434
24587
26087
-31107
-14892
-2190
-8005
27785
-20846
-9103
4248
-10087
-11805
17413
22317
-6341
-7017
26280
12323
-11576
-15788
21474
8658
-11967
-32437
-24481
24883
-8570
-17600
-951
5081
-4486
-18277
22837
26905
-28595
17021
-9250
28543
2743
-2803
15027
-9702
-1039
-11093
24752
-28892
-20807
6193
-14052
-319
-20870
8029
514
-29661
5536
15320
11420
-11690
-5605
-30554
-25979
6269
17992
-4709
28116
8918
31218
2443
-3892
13907
2452
13894
15482
3541
25728
-24932
29062
24891
-22421
-19740
31678
27731
-24871
27068
21073
-19816
-23532
-25131
-11411
-11202
-27190
32488
19718
3963
26966
16315
16285
-23589
16217
-26680
28238
-3715
26923
17800
-18904
-696
14262
-19238
11943
-17451
-29533
-8711
31812
-17227
-9300
-5899
-27062
-11067
-5086
27958
14696
-712
10749
-4278
-509
-17913
15644
30769
-16674
20891
-32123
7173
-665
-6071
-27611
-15889
-12917
-18192
-11116
-24593
29877
-4467
32164
-20045
28764
-27148
12013
8846
-10134
-15270
3052
23399
-30834
-9954
12408
-16396
-27404
13762
24138
-11334
-21832
-17308
26138
21196
24257
22287
13033
-16958
13087
-1651
-29757
-29896
1395
31212
15641
9733
-30577
-690
-19839
19631
1493
-23360
17096
-26655
21054
21503
17874
20901
-29226
21363
-305
-3093
-6255
30458
6765
-15824
-22267
-8408
-3257
6831
-23421
27026
7405
12025
-24986
-9250
-8763
-13772
8546
-2576
-30685
10861
-3685
-7570
4510
26365
20559
12913
-14221
21811
9233
-11577
6129
-25404
5881
18248
22365
-27880
10216
25467
19806
25286
29050
-1756
-27981
26808
2986
-16431
10761
-31860
-25078
-16876
-18774
17018
-14027
21046
4318
24460
-22232
-1302
-31612
14143
27323
21254
13036
5368
25320
2326
16624
-24189
17805
-18368
-27952
-24638
8873
9711
26846
27702
10113
22473
9903
9011
9926
-5642
-2161
1555
-14143
-16447
4843
31926
24176
-602
-15774
-9225
14359
15342
30607
-7930
-5425
13
-25912
1408
434
15391
32216
17613
-2704
27198
17042
3473
-12788
16014
-22979
31644
10156
23391
-985
6363
5718
2176
27763
-3659
16697
17496
-31426
-18289
-11957
-13119
2309
-32100
1318
18736
23624
955
3385
32250
-4699
-5207
-5093
-5412
-25090
-8966
15030
9229
-4186
30236
-24613
26465
19807
14071
4278
16713
4066
16847
-1768
-20502
30328
-8942
3369
26197
16171
30556
31016
10256
-23459
10638
-5508
-5953
9048
-26344
-2792
-15311
9955
-27005
5502
10588
3974
3409
7442
-9248
11340
2867
-11361
1705
-20780
-21482
657
18801
-19826
-10981
-21255
-8443
6036
584
28759
32542
-21827
7308
3810
2080
-19545
17301
-29079
11025
4239
11863
16617
24259
-539
-11391
6174
-20032
32674
27420
30088
-16932
6319
-16950
3926
-20594
-2613
13187
32495
-3236
-999
-13024
15791
-17920
30449
-12996
13746
-6874
-32066
14795
-11918
-14358
-31215
25911
-31044
-6117
1264
4415
-12403
19217
-11768
-25703
23995
21123
15825
-14529
27573
11849
-22364
-11492
21424
11914
-17912
32108
-9408
-20550
22414
-2748
-12561
-9688
-19026
15038
-7330
27715
4666
-25091
31766
7545
-12772
24495
6458
-9738
18708
-3777
-12543
27433
31975
10500
16256
-7333
28790
18728
-11186
-28014
-8129
-4750
14078
-6389
-13420
21871
-18727
12878
17289
8904
-15130
-11736
29645
-27261
-18846
30508
2819
-3284
-28924
-11585
27504
-10527
27175
8473
-20048
21855
61
17056
15332
9188
2306
31564
4031
-1605
7552
10788
-16328
-23401
-26904
-6330
17071
-13585
-20739
15339
16708
20153
-6115
21043
899
-6855
-4046
-20703
-13833
25239
4150
15302
-26596
-24389
26565
16312
-478
-8355
-32065
-19026
-29734
25146
-32276
-27920
-7346
9657
-18976
16756
4744
30659
-7686
-14448
-11884
-29875
7829
21635
26640
10556
25073
1673
2867
22345
25725
-14655
13937
-25710
21903
17868
4325
-19304
-21098
31880
29371
-1619
30034
16125
-2181
-16502
-30265
-26554
30465
24116
-13480
22517
17400
12184
-3161
-23999
-2446
10755
30265
28249
29156
25378
30635
-28354
-13574
27353
-13943
25268
5416
-722
-19475
-1863
-10007
5642
20598
-2259
14057
21292
-22768
832
-15203
25160
8045
-9685
8564
-23100
29852
-31987
-11633
10865
-8302
-2815
-14642
-23478
-9896
-27168
32286
-21012
30836
23939
-13540
-29207
13310
19613
4646
32485
-11646
17725
-29754
16966
11422
-31603
2392
27661
-8020
23298
31843
-15623
30697
28039
-28992
-10605
-14895
-4655
-18667
17409
20022
-30302
6268
8662
27306
10357
-1111
-8021
11036
11532
27559
-26778
7040
5613
-21288
-6136
-30866
641
-26054
-47
260
12408
30611
-15916
17819
-30765
28024
8289
-19426
8516
-15255
26955
27956
-29209
20170
-23076
20081
24118
31267
7122
14702
-19889
437
-6319
-7003
-29401
-18651
10477
-10366
-14847
25942
-12972
-22124
-18209
21474
-31313
-19026
7511
8073
-29055
1244
-17384
-19686
5517
18863
12837
-16942
-25072
22648
-22516
-19768
-28143
-1320
30532
24745
-14362
7295
-1456
-27394
-15065
-26482
25459
-5159
-16017
1802
-26800
-3084
22514
3645
2365
-9383
21372
10079
-29492
-2979
-14532
-31616
-10736
-4164
-3091
11202
15066
22457
25377
4364
25877
-16179
-25697
14505
-24434
8993
-25979
-15393
13347
-26563
-20303
31701
-11105
30709
10804
-20638
3690
-23416
17577
-3946
19938
-24041
25663
-8797
32532
10782
6340
15275
-12513
25630
10365
-5555
29388
-27539
7373
-27735
-25614
27650
255
-9998
-14576
27643
27492
11961
-17262
-14691
-9313
13114
9977
29007
-30928
-17118
-26645
31758
-12929
-17582
2100
-32613
17657
8769
-19472
21934
-5356
10177
13650
28417
-11060
6367
-11328
29215
29852
-20567
19416
-28485
-22861
18213
14732
-21090
15000
-1788
13026
5887
-14021
18025
-11045
22039
-6700
-26874
15982
-15152
29266
-18862
-27583
26830
6759
7181
2300
-16180
10805
20861
7673
-11179
11471
28240
-654
29127
29012
2432
16992
-22117
-5821
22297
31801
23995
-8339
-26497
22809
15182
-1939
-10250
-5499
11288
5375
-6613
-4253
-13866
-16504
-25583
30299
14570
-10880
-19009
-11214
2792
30583
2990
-21319
-19280
13642
4257
11888
-21927
-23127
-27035
-21968
15631
1334
-20973
12500
4684
-1716
12597
-2749
-1013
-2474
-617
23656
-4677
-18517
352
-31297
30299
8634
30064
7165
-29162
284
-25117
-29489
-31274
17905
-6651
-30899
-12969
17520
4461
-32050
-23593
23499
-31216
-25190
10489
6971
22869
-4610
10682
-527
-32258
19158
-11325
-29917
-28670
-3776
1460
-19368
-12265
-3317
-14887
4931
-2426
-792
-118
-28541
23674
22761
6156
-31800
2776
19171
-7853
-21071
29268
-30162
24681
21411
2944
1138
5032
-13941
27706
10409
12298
20361
6410
-13738
7739
-19096
25492
-30280
16397
-17110
-3041
19289
6201
-21740
2402
25075
31868
-13066
-2535
24605
22538
-21334
-2093
-18450
-571
-7186
-21094
26854
-22202
-27176
-24268
11489
29717
28042
-26937
20709
15220
-16652
-3966
11296
-15559
23767
-4303
18923
-28323
8106
16633
32477
30373
13510
6641
32023
-4959
9615
30836
-17711
4052
6460
7470
25412
31711
21557
-10853
-20135
30307
-5880
-3185
12162
-15377
-27814
-26543
20470
7313
23179
-12582
5060
-1450
19833
-6936
389
-21783
27114
8045
-13596
-20735
15287
-23351
-31473
2019
1528
9610
16698
25680
-4070
-21333
-12073
-30931
30913
4603
12769
-28636
-10760
-5725
23983
13582
-28287
652
16894
-23474
12345
-3487
15389
12994
5876
-16107
-8828
-27956
29470
-13680
24899
24550
27042
25180
23730
-29846
-8002
-32351
10359
-22400
-6012
-528
26349
-982
-8362
-29433
-24043
29402
9858
-20147
24327
-20438
28633
-25514
-18909
-11334
-133
-12369
18599
-18878
-6987
-1532
-18745
-7684
26477
-30548
30611
14079
24273
13727
-15967
6971
-21761
22958
11466
9312
-11742
2247
-15424
30112
-10157
19383
-23398
9139
-18991
-4518
-30224
27889
-20037
-27200
-13718
-4683
8881
-7848
-9570
27751
-1535
24624
-24682
27503
12946
30183
24318
-14246
-25681
25925
13854
28057
30676
24767
25829
31706
-27208
27236
-1949
27039
-9115
-15233
21476
14163
27745
1672
18055
-10783
14154
-12736
-21976
-20990
11623
4302
16041
-9228
13963
21457
-4394
-6668
-21890
-20525
-19621
2540
-9021
28518
19688
4508
-9919
14412
17922
25028
-13623
-20102
420
-20884
-25599
-17680
-2702
-23729
5396
-17031
28365
28119
26592
22081
-18040
3118
-24827
8844
13830
15056
6095
-30782
9373
32294
4375
-18972
-9854
-24577
-1141
5306
8849
-25252
-2986
21859
-7779
15699
15451
-8731
19291
-29681
13417
-28836
28884
15413
436
-10109
-14096
14850
-10826
-22818
24649
-4950
20718
15129
17389
11033
26857
-5065
2419
10552
-11624
30904
11566
-8929
-6784
-22792
-10740
-16444
-29655
-29135
-10249
11842
27130
-2080
7654
17073
93
-17618
-12678
26031
-1068
22118
-6143
-4199
26156
7571
-15002
13151
3341
31959
3471
-6829
1771
22355
20466
-7348
31042
11150
-26744
31834
-22237
10004
-21521
27639
-12230
9678
26202
-31672
26999
-27122
-17911
354
17421
30829
18975
9007
6063
-14650
32626
-4704
-3034
5713
31377
-21449
29091
-28106
-31427
-29879
9852
25253
-17423
-1592
-20309
27399
-24235
15318
26379
17286
-31139
-22197
30340
16932
-24426
5541
-16981
-27647
-12110
-15692
9094
-8846
25970
30953
8522
-10933
-16824
-30415
-9289
-10139
-26404
-17182
7308
22786
13152
-4319
-31909
-18860
-20626
-14397
30296
-28799
7186
-305
6409
-15847
20363
23260
-3055
