31060
-1821
29900
-13969
-7091
18199
-8422
-19208
-6980
2757
-30779
-22302
-114
8146
20756
-3083
1816
-12382
-32677
-29475
25386
-10242
31521
-11021
11140
4933
22484
-26984
16442
13208
8212
31816
31753
-4908
-27623
-25417
23964
26275
-4709
-10442
-3874
10551
-11700
28108
15214
-22308
5285
22754
2388
14893
-21658
-9916
-13494
-7940
19196
1998
27822
-14715
-21996
-7526
-28695
28304
-71
4509
4189
-8106
-29980
21175
-1083
-23561
12831
9336
-18500
7344
31996
7113
9480
21305
25222
-15188
27192
32136
-16847
6825
-19096
-3894
-31628
-17051
-10760
27691
-6953
-22846
-27930
-11904
10315
11538
20639
-25760
-23974
-10986
-22582
24273
8169
-19921
-21203
-18947
-18173
24554
-17704
-32333
-9887
24444
-11724
284
30606
-20196
20997
19266
16593
16884
12412
5137
6697
974
4432
3672
-30346
11189
26415
-24095
-12632
28754
1711
30440
30098
-16605
-2363
-12410
14606
-4330
-10056
25881
27418
32059
-22461
26602
-27909
-30809
1945
9216
-19762
5694
-3928
19038
-7197
16044
10808
-22894
31697
3443
9328
10250
436
-26107
-24693
-2788
-20178
-18664
16152
-21796
13014
-31890
6114
-31495
-13918
30688
25808
2787
7032
28630
12727
-2689
19316
24854
-4639
9850
24234
27366
26149
27493
-7254
-16866
20788
-2006
2980
29909
-5816
-23249
20974
-6342
23861
-30209
29124
27602
-27144
27541
29854
-14437
27583
11003
-14366
30622
23820
-30977
-32139
-26874
21885
1025
-12169
11
32163
18949
4295
-19872
10188
21540
3395
-19434
-9294
-26445
-19083
-19919
13295
30140
20589
-22369
937
14792
-17800
-8290
31938
21873
3339
18165
11179
4358
-27216
-20860
-20041
27052
-7499
-15035
15784
-3183
18309
28906
31342
-5434
-24126
-13889
-29843
581
18406
-21350
9136
2201
31320
-2408
828
-21201
-17548
-18560
-3692
19015
-2115
8902
19477
-16676
-2131
29397
-16969
-30699
23655
3558
22546
-4104
13240
-3735
-22460
20540
-3236
17895
-20345
-18557
-17254
-26239
-31970
-4646
-31283
9287
4248
19283
-2794
-16366
8994
-719
-380
-27123
-26952
31897
8503
14098
-29112
7410
-9540
13775
-1228
-19622
17969
-24262
17771
8370
5655
-28668
-27808
-30990
24991
19861
7165
-10094
-10203
17716
1185
1524
-20963
-4885
-12288
13222
-18357
-16017
-21052
-19381
10041
4881
19538
-20282
-9626
-17503
-32472
-20799
21640
-1155
-23534
-12562
-21641
18849
18626
-5851
-27039
-22271
-23790
-1433
314
-8001
-4765
16795
-10744
8079
-16212
6110
-32740
-5744
15607
-18544
5417
1828
30513
-19803
-16533
-25985
25263
-9950
2336
-26824
14354
-9155
11539
-21618
-20930
29535
28957
10712
13965
-16343
-10421
-22530
7312
18014
-27627
-17099
4073
30264
-29703
-30598
11877
-27634
10889
2741
8566
27962
-2182
740
9334
-30113
-13320
-22990
-11217
11423
13869
11033
-2101
9357
-18061
-16204
-24857
-680
17024
17354
-31200
32744
-4183
21651
4646
-19376
13345
6132
16369
-6902
25026
-22424
-26201
23640
26942
29254
9347
1796
-832
-24242
-15489
-5055
30175
29469
-10360
-9323
3703
4385
-25515
18489
-32752
-20504
2714
-4971
-30473
25492
11279
6834
-757
29347
-2646
-32658
29481
-10336
-30991
22775
-31661
30534
-13737
9069
2022
12212
-3173
1947
-13199
2821
14653
-32225
5288
-2219
3866
29521
19534
17252
5763
-22471
-20140
4871
-4391
-8960
-4788
22302
5159
15130
15426
-31905
28579
-24139
12933
28827
8358
17921
-20870
23155
23444
-24570
12220
-24321
22926
4525
17402
23407
31487
20423
13593
26782
-13640
-5709
-9921
22433
-19162
-5911
8197
32015
-8214
-12098
-1475
-18321
-17523
-4835
-20074
24120
-10566
1529
27681
-1377
-20768
26248
-19310
3970
-10093
-291
-10977
1244
14877
-27790
-18359
-7008
15592
-32004
6622
19915
-4975
-9589
20342
5269
-18112
12629
25535
-27873
22636
-1604
-13530
29792
7593
952
-13270
5778
4819
-6010
-5498
32391
-13034
21082
28249
-11784
-8029
-22124
10551
-5688
11320
-31187
-11265
22549
25038
-21529
5300
-17984
9458
1301
-23524
-16714
-7083
24095
-19126
-22184
-8030
-2905
-25536
2349
14261
-26375
17045
-26754
-12752
-24380
16760
19970
31912
10519
-18167
14622
1849
-403
13123
9891
-18885
-8347
-3312
-26102
23738
-27423
-18820
-1216
8859
-3554
19825
-20405
-11832
30529
3231
8153
20481
22593
24223
-23520
-11729
22604
-1833
9949
-22582
21843
-27044
16335
-11610
-7652
2711
-3846
2680
22255
-14634
10280
-2250
31849
23269
14781
16232
5268
1703
-22784
-17441
1436
-32668
20831
15712
-31267
639
-28730
8614
-4020
23634
29714
17822
29278
24786
-16115
-3262
-13548
24127
27353
24730
-26757
6158
19096
-1325
32432
-6871
-14307
14596
12575
-14050
5897
-27841
-31687
12444
2972
-14501
-2201
8502
-24845
25106
5397
-13617
-1997
-22974
-2202
-12770
-7078
726
3822
23953
-17558
-31005
-31256
-27905
4213
-27507
3793
20706
-16468
3013
-18616
-7228
-31232
23949
32163
-28681
3555
32458
28481
7650
6898
27502
-29205
-31908
-21698
-28833
-28598
-12128
-9333
18369
-25463
29425
-23474
724
-31063
14452
20268
-4241
18550
19863
-29505
27227
6692
16039
-29234
-29652
-27529
-7856
11110
16373
-27282
9307
-5563
18397
-29100
19503
-18426
-29440
-26799
-30478
23573
-17500
-11585
6637
-26909
16238
-26643
-11453
29554
18017
29287
3506
-8574
-32724
-23926
-26103
-26322
11293
-588
23526
26123
26843
20391
22987
32210
26240
-3772
-20101
-6520
-9392
15601
-21315
-26967
-21408
-9707
8272
2404
5683
6349
-20749
-3264
-26605
-28942
29084
29230
1968
22325
12090
-29422
527
-18284
-9148
-27242
-18022
6364
20599
2561
30826
-14190
11650
2641
2201
26441
32599
-487
-9572
32237
-15167
18873
-32452
27267
18962
-29854
25774
-26189
14391
1249
7989
10155
-4479
-87
5765
31671
-1663
-28323
-18538
24325
21919
-24344
19340
12004
-1342
23237
-6711
-1761
11180
-25492
-4648
-4858
15907
10465
-15556
-20630
21914
18884
19806
-12967
-14996
-31453
8159
23504
28878
-20025
-19962
-30868
16426
-17954
-10304
-6590
-7727
2708
16534
21678
9258
29319
-27235
12482
611
10326
-10518
-29875
26795
-16985
22263
-11374
806
-30787
-5816
-28058
-18257
25057
-29751
-23759
29214
-17391
-24058
17213
13405
-30695
-18057
-10953
-5622
-10416
-25308
-18137
-26390
29526
23121
407
-7353
7125
-21312
31931
-29235
25092
-9021
12767
22745
30080
17590
-5047
7979
13342
-2054
14107
-71
-23569
3005
-22606
79
23122
17466
-20855
12693
32162
-25854
-28706
10785
-23420
-13643
-7128
2279
16309
-32201
29299
-29858
-13439
16943
-19136
-9032
-26431
14234
8980
-28256
22473
30372
30284
19368
25226
3884
23003
15357
3209
-22358
-18934
28441
32061
22611
-32492
-7843
23729
-14224
23125
-20472
371
-12846
16810
-27237
24378
12128
6239
-7157
-32495
-18539
15740
-1457
12602
19487
-6317
12223
-14747
26185
-24637
16849
-593
27216
11277
-8370
-22341
5076
-7018
9218
2665
-12388
25436
19218
18883
-7387
12032
8137
-25651
-21340
7844
19320
-12253
7452
13905
-25597
19202
3624
11630
-16633
-30164
-7731
-17826
5031
16573
10488
26473
-20575
-18489
5795
25361
-19694
-19047
-23133
-12718
31947
18203
-12328
14759
-15198
17398
-12205
17498
2347
-13616
-4024
-2634
-3817
16431
-12830
18743
17464
-12740
8686
21402
-27273
12618
14069
5634
-16836
29013
10134
9282
-31151
-26642
26854
-9718
-29209
28883
6621
-13132
17997
16290
-19159
-31071
-221
24882
26512
14102
-21320
-11365
-16091
-4745
17329
22568
-24033
-32211
-1888
-28585
-22438
18562
8252
-20930
-3430
-157
11422
-22152
-6182
-8881
14549
31056
8420
3422
-20119
-2538
13240
25585
22272
30614
-19322
5449
30940
7671
-5143
-16504
-19704
-11261
-9885
10670
-19730
-13238
22050
21660
22983
14305
-2150
-16779
30700
-11880
-3892
-17497
-29278
-10490
15780
19375
17553
12910
-10391
-24090
-32098
28644
-10475
31799
29022
-23689
-24817
27398
24307
14733
-20575
-21668
16945
11987
4345
25164
-28876
12520
-14738
1447
13648
24003
32588
-1617
-26604
26289
23861
-7204
-18586
-5837
-16359
-24634
3453
-22095
28656
-25032
17784
9088
-17290
-15488
-8506
-1479
-19412
22045
-17022
24232
14185
-4198
30887
-23651
-30377
2706
-16716
25680
-20600
-19934
7121
-20520
-3661
-29252
15537
-20928
-18244
370
-9662
2309
21384
-17736
29034
-8762
25631
-16693
-9308
-16149
-728
-4347
-2413
24398
-32661
-24949
-5951
14070
-5664
-3747
8947
-24890
5134
10215
-6375
7196
-19513
31520
-14592
6493
-8935
5259
-26483
6548
2972
-3994
-22200
2368
12175
-29293
20625
29379
-6191
27846
25579
-14950
26574
-16045
10156
-31900
2140
-15834
26188
-20349
24091
29758
-552
-8432
21426
24432
6533
-16928
-30276
14594
-2766
11073
8678
13151
9002
-18824
-15853
28409
15187
-31081
29232
-14425
18128
-31103
866
-8202
17409
23032
19942
28124
-22755
14703
-136
-16297
-24039
-3282
-10820
7260
-2620
-3024
-13450
-31399
-4673
-24613
17921
25633
27498
24812
7849
22141
-18378
-27179
-3002
-26258
7729
-7799
15252
-11753
10932
-23893
-15859
-26792
25052
9970
-26238
30530
-28662
-31588
24392
-3819
-20877
-26111
2591
-10569
13567
29298
-24762
-16937
4873
-31154
31422
11458
-32657
-6610
-20793
4130
5699
15886
29944
-32175
20790
-20680
-9621
14436
-24865
-15861
-16842
10998
6229
-18959
-9741
-19722
30448
24608
-13906
4454
-4616
-20002
1058
16292
-1601
22839
12469
-22334
30777
-21958
24819
4896
-19858
6456
-24239
-3180
5226
-26604
-30217
-3407
-32701
4199
23706
12701
-21945
11342
-1598
-20451
26222
2804
-16199
6100
5773
-30111
11143
16480
9844
-4235
19120
-19809
29857
24288
-16186
23112
23498
13783
10160
-30778
-9591
26352
2138
-16492
9033
-12211
-30756
21542
7340
1799
10089
13491
-1309
-13164
22558
-20111
-29421
-31671
22604
-14151
-24228
20979
8526
-17259
-1561
-13509
22611
28431
31880
-1894
-7917
-18771
-19947
10835
12516
14684
-6774
-32093
-9456
-20447
17683
18362
-25166
-1766
25682
-30780
3228
20677
25982
18016
-25372
-32000
-18076
-32501
-11487
-26189
29134
30043
-2346
15640
-20845
-18958
14418
-17618
-30252
-21317
10715
-8507
3631
15407
31173
721
16311
-1802
8494
-2919
9671
-6378
6481
1005
22787
-4915
-29877
-17337
-28841
-5
-22557
27212
-2925
13842
29248
-9963
15275
-21709
24538
6556
22541
19009
1610
-6861
-8022
-573
2786
23845
24477
-15134
7179
-6297
12467
5837
7378
-29363
-17893
-6003
13583
-14089
-13144
-3603
-25861
-27822
17319
13466
-26460
20525
9677
5734
10689
-5670
5283
-12437
22590
29431
223
-7571
8071
-2910
32728
12345
10418
-6157
-9307
-25396
7209
-11001
19782
16792
21915
4452
-9899
-2211
-14717
-15783
21612
-23814
-25957
22161
-14253
19356
-13171
6466
-8285
28151
30322
-25589
5455
-31246
3678
-2331
14364
-10462
-24341
-17969
22851
-26419
-30374
-16639
-19122
31708
18600
-15183
-23070
-5837
10114
32333
-24893
-12402
-14717
30588
-8694
-9125
-14409
-16593
-29702
21771
-17539
20142
-8011
-13964
1133
553
4397
6397
-17909
-6334
-27793
14147
-24763
18142
1497
6308
4005
-6865
-21230
14527
21127
11216
-24021
-23572
14056
21950
-1649
-31776
21146
-15369
-30745
-24188
29296
17619
-22226
30506
17149
-2172
7218
17980
-11544
14109
18158
24038
-4262
19488
-24350
18661
4729
-21349
-21644
25183
-17170
-24294
21867
-26778
-22526
28692
1791
-9091
-3604
4043
22599
-30675
24121
7602
31426
20559
13336
19302
4283
-26384
19482
-29896
-16440
1004
-6723
-26998
-23776
24321
-14797
14372
-21525
16208
21852
3861
-12600
20913
-17379
23796
24808
-18556
-12633
-20440
18986
384
28781
10598
9080
-8555
-28367
-5770
16682
32556
-13198
-565
24806
24269
-15470
30870
-7519
-22739
-4897
-9251
27661
31680
-19216
-11382
-12848
-6730
-29442
4989
23416
12068
-15436
-26563
-31298
682
-9307
-30209
19680
-19992
13390
-20703
-15711
23869
14943
-21748
-18236
21396
-2630
18050
3606
5923
-1780
-7648
29019
30557
13294
-2554
14244
-10490
-19415
17105
-3631
17799
-32298
-17404
14270
-2140
-1766
-9405
-9705
-27089
25528
-16879
-9611
-18799
-21433
-19512
1962
27290
-5073
26594
23885
9376
21396
-30730
-1520
-5344
-28165
-2964
13062
-5344
29640
21900
-18223
9504
10411
-18974
-12923
23564
-7465
13097
-25297
3928
-15912
-31
21097
-1922
15385
-9274
18556
-18908
8528
-3944
2599
-6939
13408
29780
28681
-30719
28267
-18208
-16052
20781
17441
1094
9090
9324
13440
-21951
20554
4992
13835
-7541
-15056
-22133
-8692
-22504
21974
12830
6137
2394
26777
-14355
16730
-10232
-15616
4836
9437
-30194
-22621
-16296
-3272
16246
-10845
-350
30321
-13447
30293
25259
24310
-31660
30037
-15972
-30869
-15779
-29097
3691
-9768
3391
13692
4094
-4681
-13089
-30866
-2939
18520
-17415
20815
-19733
-1348
22131
-3238
26732
32120
7146
-18689
-24968
10031
29753
9420
-24382
-32077
15887
-17429
-22674
-4212
24358
-19298
7710
26940
-19000
9924
30950
27457
-245
5936
-23632
31819
-25793
6790
-23437
19791
-13469
-22864
-9197
28919
-23776
-17089
-20734
10048
-4712
-21705
-30875
29838
9510
25439
-11103
6630
22582
-5257
-23018
12672
31057
-20147
-31708
-31888
-31448
-8994
20354
-2701
910
25646
-24057
29392
-18944
-16630
19661
-14363
15162
11761
11296
-6978
30905
-2006
-23039
-12932
-5950
-13272
15203
-10691
22502
427
13244
14125
-6008
23341
361
28575
16388
11440
-1478
18130
15331
23109
-19773
-26330
26789
-13086
5317
-4675
-31407
-24141
-5611
31671
-31067
18666
14810
-20127
29355
20586
1361
-12062
-7252
16369
26711
5189
3864
2333
-13607
18332
-29258
-27066
30305
5805
14052
-26481
627
-27778
194
-24235
9703
-19575
17818
13149
-26490
667
15913
28194
17467
-16156
24123
-17848
18720
-3653
-6268
26944
4297
-17546
-7694
18374
-22636
-32696
-5128
-29513
9397
-23480
-209
-16332
-11335
6483
31052
-15828
-18585
-12369
-8906
-9913
22341
-21031
2647
13627
20931
20863
-4178
-25687
13488
-12963
-21295
13275
21795
-17939
-3872
1683
14905
26917
-7829
-24721
21720
19588
-12225
24300
-10971
13702
13621
13293
32170
11807
1563
12266
879
-18511
23919
17915
10103
-3329
18235
-23149
27571
28337
27364
-12227
-25610
5812
25911
24626
-21125
26850
15532
25265
6299
-13876
5022
-4378
10955
-11390
13038
15154
-24797
-9023
10368
21221
24562
-27052
-7407
-6320
-14208
10731
-31053
30104
-27695
-4381
8783
-2405
3283
-23630
6787
13437
-22675
16585
-16206
-32714
31204
28271
24823
13858
6948
12867
17260
-7964
18071
-31384
-22454
3941
2173
32032
9108
-23793
28151
7279
8483
3677
21106
4212
3173
-27072
-6020
-32485
31872
19422
16264
18650
-6688
-3814
26657
-9971
-19547
-6202
-23283
13246
-11826
15708
6683
17884
7732
-16372
-16827
2397
8302
-30858
-3323
-20758
11842
10735
4831
5384
-17852
-21284
24819
-23498
20709
-7367
13278
1131
-29277
19433
5934
-5392
-13040
-16164
1345
-6712
14416
2845
-31910
-21620
3678
9383
25631
27664
-12680
-11653
-2528
-31397
32726
-331
15147
-10878
13578
-15939
25099
-16248
21150
-10661
27006
-23909
17850
18888
-14970
29073
18273
4024
2932
-27440
-6495
19892
7939
-10012
21944
-24725
-2270
23401
-31990
-9510
30399
-24154
7335
-10748
18213
-32065
-31712
-17986
-16364
-30681
21295
11874
-16266
-7820
-32555
-4835
9871
-4684
25750
-21366
-2611
29816
32236
7256
13438
32389
-2487
-21197
6859
15216
-9370
-3094
-10864
4215
13662
29158
-5987
10233
16649
2373
-2827
-24595
-14305
25356
22911
20240
-14210
-20051
31179
9716
6341
12512
24970
-31273
30289
-28629
17583
-20362
-22283
0
22353
-15804
-29219
2088
-11302
10116
-17902
602
-20265
2604
5413
-9799
9844
29360
4946
24116
1127
27591
286
11190
20745
6011
1577
14883
10999
-2329
14893
27324
-15049
22312
9649
29073
4257
6580
-9770
4267
6851
29062
17081
20788
-25119
-7274
26180
2229
7315
-31245
10317
1919
-6029
7431
-20948
6873
-5647
-22664
-17775
21331
27535
-10844
-26461
-1555
30091
-29137
-12650
-3227
-27904
-6460
-9060
-461
-24299
-5154
-7595
1559
28717
-29289
8962
-13804
30311
28729
18951
-4764
4716
-29631
-12761
32517
3231
-28730
-29109
22327
31543
22705
19567
-25261
25151
-14175
-27913
-14955
15286
31449
-3117
-17833
-5848
2619
19877
-22070
8079
11285
-4337
-32424
-8961
23829
-27023
12873
26275
-9174
-20332
12458
-756
17906
-4536
17363
-8346
-5473
-28817
-26719
-11016
-27841
945
-2310
-20179
22408
-13927
3863
3931
-609
11107
25443
16149
-27723
27329
-17522
-20395
-4717
-11977
-30678
-6882
27148
16532
-30562
-32294
18421
26695
-20639
-12812
-13754
10288
19375
-20308
21057
-17564
-24439
-9871
-5075
9677
-1
27591
-3508
-32454
10612
5509
-12177
-19036
10459
-15114
855
-29513
-16866
-23661
-3937
-18079
-2168
21515
-5532
-29322
-26667
-5172
1940
22918
-21830
-29667
16826
9202
10521
8564
-20465
-5626
20846
-14681
-27554
-9135
6017
3990
-28024
-31890
-4608
-30286
-28162
-5762
25209
5956
28092
27824
6784
-23107
18163
29141
8296
17181
6173
24162
-11973
13467
21598
1640
1646
-7300
-12361
26229
2764
31360
-10108
30923
7433
32026
-22623
-3762
24288
1545
13360
-15347
-14219
16555
-21879
26556
-24563
21899
-12760
14623
-24802
20113
5395
2417
11501
30924
-18935
3080
-30836
26739
29416
18773
19699
6240
-14230
-28172
-10483
-3555
-5133
-9018
-30302
19534
12532
2770
-18503
27737
-10510
25049
811
-29949
26621
-11464
16170
11499
-20563
1042
29767
11409
-10549
3623
-32070
19773
16274
-8107
24727
17222
-23434
1277
4207
10581
-20261
-29756
24626
9899
26682
18503
-27444
-28502
28361
-18362
-23358
17117
29005
19200
-23932
13018
-29719
2663
30844
18644
-20566
639
-9362
-5639
29197
28793
10665
10309
-12015
20084
13678
-30067
28196
29005
32357
1287
-31355
11385
-5672
28302
30818
4907
27823
-29964
-368
-7547
9906
-10142
-6070
3025
-32386
-22989
4795
21420
23722
-3119
18759
28703
-18477
-17101
16977
-923
-3483
26005
-32668
-12968
6427
-4277
28405
-29601
-14773
763
16503
5654
31436
-21741
2765
17505
-26612
-15865
2902
25629
16329
26472
-26743
14883
13858
20029
-11856
-1742
1853
-16088
29808
-31490
-12904
-21095
10689
-4057
-21225
11998
1314
372
19734
-7756
10989
20789
28516
-28320
1950
22615
13462
25676
5563
-28289
29243
-15929
21516
13045
21274
-27931
-3027
6247
5391
20975
26426
12566
25341
-32501
-20359
7299
-15697
29670
25989
26057
15081
-9306
9966
-15433
19878
-31903
-12118
-10257
8882
3065
26280
-3270
-21347
-30625
22721
-30436
12315
6033
6504
-29199
16176
25313
-30116
28539
27075
-272
30726
-21428
26906
31875
-32762
6640
2402
6206
-1589
3715
-8918
-27558
-19648
-7989
25171
29673
19327
-10415
-16717
-21487
3920
-15400
-22720
3168
-13187
-24675
19780
8736
-9125
-10610
26670
10613
-1963
-1573
-6669
7197
-14146
-27254
16623
-2817
23641
-8139
-10102
19736
8160
-8577
20212
-16080
-2029
-6972
-1056
24680
28670
-23294
-25995
-19035
-29993
-10303
23433
513
-618
1043
27855
-4611
-6278
-3567
22891
-31897
25039
9070
31708
23373
7828
1868
-29886
-21618
-13591
11018
-18978
-4181
16154
-8816
-21401
-23060
-29285
7351
-27877
-28487
-6203
29720
30323
-28772
20337
6872
27340
-10919
17338
-11137
-32460
24734
25041
-24255
13923
-29996
-26087
-30922
12374
-25765
-26660
-27799
3481
-7851
-16104
2894
7913
-7453
-31950
31005
24591
16042
-25733
4543
25686
-20482
-3075
-29685
3372
-10151
10219
12656
-26952
-26708
-25609
-5689
2404
-29878
31735
11627
-19208
-8457
-3579
23735
-16088
-31845
1286
27296
-22969
-21576
2045
-5130
31628
-21858
-30139
145
-7267
3651
-2586
13243
-498
26499
16311
13912
22235
-7567
-28648
-30152
-30180
-22668
-3435
22287
-8798
13837
4628
-24135
26188
30121
4637
-17174
22443
25873
24006
-9752
16956
21025
-24485
8288
16113
31422
19430
-20039
-11869
7206
-20641
31196
26824
-22915
5649
19610
6542
23581
9158
-32683
4122
2759
11731
-16049
-13675
-15881
-19969
17496
-18896
11331
-64
7226
8623
29158
-13354
-17580
23503
32099
-1584
11817
21705
-24264
1550
3989
-4175
8122
-16458
26425
15821
-25288
-29347
32448
10827
26428
-16928
889
-10539
-31327
-6970
-10839
-32668
-29696
-16489
-26666
-21932
-24318
-19142
26346
-10716
9496
22994
13087
-28819
22130
14119
16203
22794
-24990
27737
-10857
-1465
21951
18905
-14958
-12859
5924
30826
7033
-30916
4771
4348
-1676
9644
6506
-24883
26291
-15686
-19531
-18673
21886
25713
12320
-30218
30213
28908
6727
-10308
22081
-28126
-8489
28325
-30211
-12106
24219
-1145
-16307
-32630
-28499
16368
-28933
-28858
-10311
8170
-5381
-7879
-28210
-2779
-30231
2923
28520
17145
-5288
8509
13517
-2347
-10539
31203
-81
32331
-3726
30178
9045
-24718
14548
-12203
20165
-22971
16605
-14444
9518
-27593
4279
27635
-27522
9251
10544
31948
-31112
-32473
-18765
-22963
9542
30274
-1577
17467
-1000
-2041
26471
18775
27667
-29011
-4926
26054
21237
-26270
-27039
25712
18240
-6398
-8715
29529
-6626
23452
-190
-98
-39
19270
-12023
1132
-20438
-31013
-26343
3781
-24124
13303
18468
-4347
-14489
-31096
-8865
-4571
2317
5502
-9202
-32452
31961
-19149
-19582
22822
-7709
4875
-11736
-16965
-19885
-9733
47
-19787
18049
28006
-11100
4471
-23574
11626
-14356
12497
-1627
-5762
28278
-29697
-16268
11443
-6201
-24606
-20474
2571
18387
-21051
-23435
-3530
26328
-24026
22027
9972
26429
18030
26069
-13706
30730
-29640
3801
-31805
-29988
28633
18231
11131
-9268
3202
12950
5567
15977
-2364
21834
30554
-16206
-22844
8480
-23792
-32290
8450
-10985
15276
-13327
-24677
-18042
1232
-141
-27876
500
-10237
-22906
-25615
-17851
-28029
-8538
16850
16388
24505
29861
5747
2002
4989
8324
13983
-16661
-14071
31561
30597
-12346
-21865
-23045
-15171
-12154
24768
-9514
12476
981
-9437
-16241
-11586
54
28314
2372
-12482
4381
-23559
-13714
-5064
16768
-4622
-12609
2641
-18703
2956
16567
-4127
-531
-28800
19705
30797
16675
6581
-17609
-7988
8195
-20032
-3710
14697
13074
-10896
29036
-22152
4180
5573
25682
-14914
-8954
21925
-28624
20195
-21533
-24042
-10831
-25963
24526
6774
6448
-5826
-26980
-21185
-9153
30753
17714
14108
9998
-8085
-9722
-183
29125
-6052
22409
-2296
9502
-2883
-24255
17713
-32059
13496
-7197
-30394
25655
6222
-28322
10030
-2352
18853
-32619
23536
6887
15437
-3459
-3649
-24338
-29531
-28515
5515
-31274
-31067
-11579
8766
-11223
28636
-25125
-11214
-8185
-22251
-30958
2080
26799
4636
-8539
17993
-8763
-7757
-3876
5035
23459
-3212
27784
30821
17889
-10101
6919
-21725
2724
-17119
-10912
-26402
21066
20830
-28109
10907
6475
29058
-23945
-32454
1098
14902
5835
-8460
-10507
-1736
-32631
17632
-16528
-12271
-16735
3617
7946
28999
5140
27259
-6255
-30632
11129
24342
-1728
10607
-17571
-31673
-31693
6830
-17073
-11758
-17469
-27834
29125
31657
14190
-884
19258
-29573
-11860
-7655
2376
26328
19660
-30057
-5757
-9566
-24684
-29217
15291
31346
-19343
-12805
8289
4006
-30988
29371
24156
-2868
-27433
-2986
-10890
-31892
8218
-24977
7982
-21660
1174
2373
16663
12918
23861
18711
-30921
12229
-29310
-26593
3148
-9472
-5112
27298
-12418
17339
18829
27860
-18226
-26397
-32058
27446
-23569
-21759
-11477
12996
-5856
-16073
-4966
2486
1956
-30657
-30422
-32302
21243
-28174
-28939
22567
32461
12587
-14840
6596
27890
-23711
23061
-20516
-30059
-10487
-32662
9155
-18024
24795
2954
-6196
31235
28212
12587
-21753
19698
-409
-1095
-22938
-32365
-27511
-10922
13600
20099
25965
-3676
18089
31312
187
-3342
-18194
17374
-15252
27616
9280
-28925
8115
14686
25291
25229
11969
-32722
24686
-19669
-13905
4877
-12698
23502
5244
5981
-14381
17822
-19023
5079
-1756
18142
16448
-25417
-21872
-29766
20515
24858
22366
24140
-20143
-8446
-3761
-2209
-27143
1432
29553
14132
30761
-25112
22394
18142
19418
1749
13507
10640
-14693
7584
28120
26620
31357
-16317
7350
-21269
24236
5771
-32148
-23907
-15299
-12267
-17659
7920
13584
17737
-17592
26903
-3706
-20613
-25790
12835
4541
10049
13723
5291
14460
-14924
12003
-29633
13523
-26973
-18120
-13590
9257
28437
5655
21452
2232
-25571
-8457
-5882
11966
29968
-5463
14178
31796
-30734
-2596
2007
6950
-3174
30529
-3799
-22323
-3511
12690
-22763
-22429
22497
18408
-16850
25141
19069
29358
-3203
-2543
-29518
-7439
-12894
-30490
-8856
-21417
222
-31985
15712
-3764
12046
-20495
-497
20979
-1196
3373
4640
15452
-12127
-25617
3004
16871
-20638
25545
-22341
-20303
18919
-26920
-30916
-28325
12226
12195
-28366
15909
5024
-17954
19338
3201
-11063
4774
2095
20599
15575
-20101
10779
21880
-25131
-7852
-14616
3001
-9260
-9391
20771
4938
8700
-14548
4886
-6895
24716
-29429
-24725
-20735
-11591
-16359
-30562
-23114
18482
-6658
20439
-11950
10949
15040
-8222
28689
20849
27035
-32357
12582
-703
-5682
-1167
32683
-27942
-16927
-22496
26428
7887
24435
27376
-15018
-11045
-20300
-22198
26765
19819
13544
-20732
-18675
-10530
7375
28036
-153
-32493
24335
30431
29286
-12390
-8103
-13804
24229
-15629
9228
623
-17962
-15361
24184
17509
23754
-7615
-5845
-8807
20511
-11123
-12142
21647
9633
-30920
29468
-29043
261
9141
-10415
-17398
14599
-30218
-20466
30488
-19911
-7255
-29045
-23931
25035
25207
29072
4744
20066
31339
24490
-181
-18724
8554
-2447
-17470
31982
17399
-19102
3241
-30024
3902
22035
-14072
20970
-15823
20509
14261
13362
8114
16478
15873
23102
-15694
23660
29227
-30050
-23284
-13109
24589
-9210
29991
-23431
-13093
5646
-577
17097
-8336
-6321
-27609
-6516
8452
-6156
-28134
-4310
8787
-3658
6512
-298
-9091
18236
-11199
28579
-31430
-2208
4935
-2911
-10697
27823
8359
-6707
12602
-10937
-21752
-13628
-27747
-25957
30362
19203
27724
27173
23585
-17017
17582
-17562
-4739
20697
-1850
20840
3700
25942
-13677
10752
-20198
28277
19281
-10298
-892
-16068
15722
29663
29282
-6006
28496
14709
-7022
-16126
31179
-12006
-18755
25181
12646
21941
-2499
12593
-2558
-11140
12563
28405
-1735
27953
21114
294
13860
-26426
31385
-3710
-3941
-23368
11912
-1699
-29185
-32030
-25952
-14909
17046
-27027
-1863
-11393
-26986
-19072
-7070
2154
21857
-23648
21803
-19090
25787
11090
18274
-25009
-9873
-2824
13382
-8228
12155
-18815
-27166
11937
-22498
16602
-14267
31147
11206
18089
-2274
25706
-1271
-2452
17318
10683
-2795
13738
-6865
10095
-26456
-1941
8511
7621
-8399
-16312
-18041
-10980
15672
-10980
-5620
-18865
2250
-16744
-14504
-16488
18348
-21884
-15551
18235
26944
-25730
19957
-7923
-1980
6659
-20783
-6796
-19121
13080
-24438
-23739
-2993
31640
-7567
-25914
6678
-17685
19677
-2938
6966
-1135
16893
-13134
23630
3941
-10272
-26114
-20867
-25756
-10060
-22228
-11064
14892
-6031
-28653
-1325
-4570
-8360
-19676
4400
30478
-31351
-25323
-21146
-31907
16
-15726
-2933
3275
28086
8995
6022
-10047
-31536
23736
31975
-25779
10003
8791
-26802
-22990
157
31900
15372
21971
-2630
17647
-26001
2733
29406
18097
-18328
-23617
253
4939
2239
-28995
3270
-18743
-1447
6645
19625
-11388
28765
27594
13457
2087
32722
-27894
31153
30353
12800
-21093
16649
23997
-17286
15002
-20011
13802
-4424
1231
-11559
8864
32220
25500
32748
12769
-11054
8792
32026
-20837
-2635
2142
-2500
-31613
-19313
-11926
-24358
-27669
-22057
-32323
3599
7082
7765
-16354
5521
-32468
-17859
19192
29223
26212
-12095
14074
8460
28803
9108
-21699
18590
-20443
32452
-1472
2033
16814
333
-16764
27265
-2249
5720
5584
30327
-24236
17434
10234
-28138
12994
-29593
16027
-26365
-689
-23208
-32180
8700
17663
16686
23397
4532
20906
-17211
-22073
8908
25910
-8283
-31029
32220
-8493
19630
-25821
-126
-28213
9160
-27359
2376
-31988
-18423
20167
7139
16581
29261
24354
28616
17974
-21035
2291
-32599
-18869
-4465
-8683
-136
-11967
-8134
8558
-2173
-23498
-16871
-4228
-4647
-12049
-14744
-17233
24218
30853
11905
12134
25607
-21109
-5889
27180
11365
-22078
-28594
31036
288
-6883
-31233
827
-3080
-2184
-14012
-14912
-22637
-27014
-26359
-12647
-25655
23016
-4741
18615
-14861
20500
4656
11390
23184
-25873
16571
-6822
-13281
-29015
-2856
-5134
12818
4948
-7435
-12352
18147
28622
30119
-15014
-11739
-3960
31852
223
-10471
23995
-10806
-29817
11832
-3610
-29609
4291
31514
19424
4840
-13684
7980
-30520
-28409
-17007
-22885
-5109
-11465
-21203
2254
-3536
-6714
13650
-23315
-13352
-9919
4597
31212
-3585
12523
23884
2153
18567
28108
22376
19877
25016
14827
7094
27516
-1076
6331
30546
-23319
-3789
-19526
16759
18981
4229
18310
6207
27866
20493
-4673
32090
-22067
29314
-8568
7216
8369
21108
-21471
31010
22717
21984
25882
31719
-20677
8061
19304
20112
-28614
14898
31171
-25931
32496
-8396
-2951
28992
26069
12511
28370
-31485
-3410
-9314
31045
1967
28007
14273
25634
-5268
-31695
13626
-29945
-17476
6872
8748
-1563
31616
-4676
26750
5048
-30159
-9914
11547
-29874
-20809
32763
-13718
-13153
17235
-7419
-25423
-29036
-27305
-20992
10551
-26910
31711
-16398
30721
-25044
27608
12625
-8610
-14748
-1008
16859
17307
-5201
-24133
-8704
17863
2754
24709
-29189
-25181
12046
18727
-14797
6648
-5585
27679
3775
-20663
-30241
-2321
-8097
12620
3243
-13818
2020
26043
-15774
-772
16850
-18464
26954
16234
-27445
-1899
-11583
8748
4672
22221
13693
-6901
-2781
-27366
-3152
24286
6570
-21056
-24788
-10849
31662
23613
17239
16201
14071
2627
25423
-3198
13328
21177
31236
-13312
8758
-13012
27314
20352
-1719
-12828
-1541
-1511
-22777
14030
1690
12465
-10292
-25506
-19149
13617
2780
25130
8738
-17767
-32371
32450
-16263
12238
7936
-8638
7881
-6853
-8132
-24621
-28402
-21372
-24888
22506
-17627
16566
4162
2030
-1195
-30709
-6036
17600
7105
-1396
-14214
-8915
-32094
14390
31470
17348
4347
-7498
-2825
-5084
-4947
21179
19746
15362
-6993
-21324
27870
-27416
-6057
13702
19101
15955
30227
18543
-12326
-18642
-15325
27688
-12004
1241
12963
5092
-2301
-13400
-19341
-29288
-30425
6048
29869
13502
-30442
-30391
21715
20212
-12763
26156
-9507
13357
31064
-5602
-16252
-4870
-17765
23353
13287
22853
-20727
20462
30716
-14142
6562
24342
-5545
21629
-17701
-27354
10566
24996
4372
-18063
18784
-16728
7619
11920
20578
14714
14689
18357
29458
18915
-50
4572
-5059
21511
11259
7417
29500
-26484
20753
-32767
-11576
-23885
10134
30756
25075
-1414
-1892
-31806
-9645
-13905
11975
58
-29191
6270
-13733
22929
-4121
30449
9142
-12445
-16730
-21288
-17400
23135
6884
-32042
7014
-21402
-20205
27232
30157
2390
18466
1277
-5981
-14684
-32451
17488
-26797
-5923
-9003
29429
24761
12902
30353
-10197
-26044
-24627
-31290
22259
5590
-8376
-20027
11776
-3604
-17516
-21943
-24505
14769
-9972
23719
604
19106
1709
23452
-11672
-22513
10138
17608
15957
29441
8920
-31398
-30444
23680
-10137
27007
19903
-12472
-25538
2599
-14396
-24896
10222
9459
-24282
-20044
-7473
12687
-9817
8014
18000
-12149
-27254
20272
27937
-1280
18168
14389
-27167
8153
-3152
26544
3232
19086
-8695
-18769
-16241
-21612
2240
-20407
-25140
-13387
16762
5905
-8856
11642
-23080
21751
27639
3083
11941
17742
-8379
-9801
13909
-16599
-28938
-31249
-8767
23651
17425
-29711
22852
11418
-24413
-10922
-23008
-3069
-14904
-8266
-23509
-10718
8395
-6669
-10281
20558
25908
790
-10616
31058
-30950
-25166
-23943
10490
-23978
-25806
3140
29565
-9259
26150
5884
-20521
11047
-16814
-11692
15246
23188
-31609
-20488
-26733
19119
-406
-20290
29161
10304
-4417
27942
27814
25863
23774
26018
-7253
10200
12661
-31916
2774
-15313
28066
-28394
-8633
-3797
-21300
-28082
1019
9110
8122
27196
447
3513
16232
-174
-15318
-27229
-1905
-1860
-29646
-9803
-5961
3001
28706
1903
2224
-4746
-7048
-31583
-13341
30770
-31030
-26947
-13422
-25491
23663
-10089
27437
-26
-29916
20165
-31166
28088
-22367
19753
-13898
5088
30323
-15505
-31472
-12620
-3837
-16376
10577
31199
-22081
22447
-317
-13052
8589
-8784
29931
31576
973
12246
31036
-20955
-7724
-21203
-21976
-23506
6876
-25166
-18872
18682
-29875
-28597
-8886
-17121
-27716
12957
17224
-23379
-11593
-22021
24110
-29288
7681
12568
24401
12551
21613
25465
-2166
-22162
-32730
9232
7105
-19779
-6661
11444
26493
11471
32518
17868
11986
15121
25878
4182
-32096
-31160
-23293
15337
-31435
-13923
20836
-4468
7679
11240
-31117
14815
17232
-4531
-19408
-25815
23714
-79
-13861
-9702
-8429
-20039
-491
4217
-10772
-15499
-17942
-25091
-19138
-12294
-23700
-14848
23163
18568
-22191
-28922
-18445
-30975
-3157
10639
296
-8742
-19343
-17756
-11906
7663
12192
-13014
-25023
-2213
-28359
4733
-18749
11341
24691
-22541
-12051
-11233
2830
-12705
-255
-4825
-27081
-14225
10941
6722
-14297
-14703
-21869
23745
-17756
-10212
23783
10315
-21282
30806
12831
-9463
-14021
3388
-17629
19378
13036
334
-7124
-10163
-15857
-16764
-13231
22271
28256
18237
-30454
20002
29060
-18820
-18874
27622
4312
13865
-30255
737
-5272
10576
-26628
14210
-18218
-31999
-22296
-30094
12335
18782
-12619
-20995
-26384
6341
2318
-10998
19027
-15176
8156
28283
922
30050
-13721
16399
-17493
16804
15557
13405
25671
-5877
1225
-3196
-15245
-9463
11693
-17642
-18780
20434
-1228
16053
9340
-5159
2024
-23454
-31852
-4930
-14200
-26761
-19253
-16289
9728
32066
28915
21897
10483
-7405
18146
-12602
31543
-19745
-4730
23018
-10609
17873
-12772
-6137
-22317
-30803
15023
20928
2379
-18689
-5569
-6500
13411
29837
-5387
-23143
-23360
-829
-23119
17549
11839
-30625
10387
-16802
-10272
28708
21297
22417
24901
21138
17483
27864
-2356
-3421
27588
-24837
-6310
9108
7798
31800
7279
576
-9319
24875
11550
11778
3445
-9162
12280
-30907
9987
-17577
31197
-32162
-30337
-8094
-22973
15881
6053
-4791
-16398
2203
-1142
-30297
-15080
-13862
-24102
-5852
-27145
3234
-14565
-25843
-26059
-4604
14025
31849
19893
23829
25108
-22145
-27005
-4042
13725
9863
8864
6375
30600
-18477
29537
26803
-31412
-16570
836
-6921
-537
32250
25657
5539
-28513
-13650
-28795
2274
-19465
32009
1588
24320
-29389
10090
-21384
27987
-11913
27052
10824
16289
-29504
30556
25181
-10575
-26707
26496
-28508
15774
3498
-27759
-12513
-12260
-2684
-30627
18189
26100
19423
23544
-20157
21542
-24959
14404
-21181
-24164
26431
-13141
21284
32176
2567
-4782
-19249
-13760
-9675
26891
-7556
14662
-8131
-31419
-15526
20448
-920
-7268
-15658
22698
22591
30868
-29550
1279
27895
31232
-22222
24116
-9198
-25617
-26065
12992
15409
-18693
-10752
7225
11830
-10077
-7093
30319
25466
20644
-11184
-12153
-16156
-3061
7478
32739
2894
5683
2352
-5160
-18738
-14950
-27858
21757
5057
12612
14931
10664
17215
-24655
12235
27753
30366
-24321
-25068
-13401
-2517
-18328
22945
22905
18053
26150
-25672
22770
22550
24866
18569
-10455
-5304
3401
10120
11268
-10253
-29277
18124
-4793
-11313
-22057
12818
23266
-19833
25976
-28605
-16349
32023
-30101
2481
-26071
-28414
32583
-9612
30795
-17199
-27151
10627
3290
4396
-1168
31647
-16254
8209
-3781
-22956
31351
-8789
2374
-9265
-18609
16193
-9364
29573
9822
11660
-20096
12387
20875
17650
-26140
24432
19745
-29196
-29960
17866
30165
-21766
-11576
-9622
22378
8751
-17312
-25804
-23776
-5769
30179
-21608
25750
6146
32265
-31959
-32319
18274
-17078
-19271
-1988
-4474
-3754
19574
26810
22629
29507
8683
22693
23151
45
-4775
-18205
-22303
-30537
-12417
13871
10705
31721
2402
-26230
8312
-7901
-18566
28709
-25461
-2669
-26718
-7306
-20921
-12282
2302
32743
-31421
-15366
-9553
20251
-25203
-21141
25633
-23370
19555
14276
24809
-8604
23254
26803
12786
-31467
21945
-16116
-87
-19176
17693
323
23337
-4506
10408
-11600
21305
-9059
30972
25540
-6979
-29372
3937
-17399
25635
-6924
16708
31179
22807
3499
-16555
-30663
10106
-19240
-13347
-15564
17907
5224
-19298
13296
-22585
-7419
8963
-1137
14875
-118
4192
-28571
-11288
14026
-17796
-27555
-2382
-20039
20184
-6075
-24746
25858
-14918
10164
27303
-18124
32119
-2434
-11718
-11264
-30220
-5247
-10741
-25554
19269
-19842
27159
-27642
7054
20243
-30680
10189
-10658
-31042
22519
-23346
-4736
-27344
-28315
-23488
24760
24784
11098
-29341
16293
-3177
-13723
17783
-14370
17462
-29713
-15549
28332
22222
-16776
-24221
2949
6992
15364
-7434
-21585
-266
-24553
2565
26882
14383
4486
-22976
14392
12785
-10368
8439
12152
14446
-22241
-3288
20523
4514
-7904
-4177
-15285
8966
-24862
-3091
-1680
21630
-7204
15784
-22614
-20413
18575
16846
-2664
1152
-30955
-27057
9496
1494
-13065
-5592
-21039
-22642
3085
20928
20792
-1776
-26918
29118
3684
25745
-22821
-2224
-17870
-32414
-28573
22892
19255
-23039
-27368
-16554
13734
-30849
2517
31377
-2160
-7674
17092
6856
21314
-28534
23330
2847
12534
23773
-27740
24589
-3461
-8631
-24241
14041
-21349
20770
21442
-375
-16174
16719
20938
2964
12410
-4529
-15601
18114
30211
19341
-988
13669
-23117
8453
-3706
-29949
-9237
13583
30210
-17844
9462
-5035
-7106
1977
-24120
-27333
-29158
-21108
16582
10385
-13350
20424
20995
29744
-31276
-21270
26930
-30884
27455
6221
-4823
-18536
4058
-14119
-27114
8125
-9410
-9856
31971
-10266
-1789
18572
-13282
-12165
28756
-9854
21403
29001
15062
-21466
-18359
-6574
9484
-9323
4350
26587
-13941
-1618
13410
15593
-5042
22930
12312
-9576
-311
-29011
31623
-13390
-7064
-18441
-4049
-7400
-25365
20909
31969
26807
26458
3253
23573
-156
6848
-29961
-10722
23375
14346
-8977
-28062
-7373
31631
14200
-15598
8589
4544
-14937
9080
30066
15996
24884
-21932
17591
27838
-17287
11799
8827
-27652
5929
15373
-2806
11183
-11934
22701
-23508
21909
30292
-7609
18973
-4407
-11260
11492
-19194
-28943
28352
-82
-97
14588
3893
-31197
17382
-12248
-24383
-19482
13946
-8593
2654
-29220
-15049
15422
-673
11066
25780
10519
31031
-22506
1173
19715
17486
30934
24567
2807
-29194
-11796
-10092
23172
-27836
22665
5301
-10634
14088
19611
10059
6961
20289
-2075
7027
-24273
-25569
24095
-16537
12459
1198
27783
1724
29091
16565
-14295
-31426
-26973
17336
-948
21035
-20235
-10269
6995
-21605
1219
8184
-13902
10969
14797
22533
-22562
2386
-741
-31558
10725
31859
-12244
-458
26338
21222
-8154
3345
-1879
-19206
9766
12802
-30920
-24062
3575
5808
28755
-23472
3148
10080
7926
2997
-696
-975
17690
-15160
-27899
-7209
-15881
5796
-4999
-1772
32558
-21214
10140
2494
-592
16836
-23533
-851
15906
-14822
15313
9188
-14827
32059
28405
-9018
12333
-5956
-23661
31908
1846
4586
-22210
28456
-21552
-14791
6314
-25549
-19041
17370
-12598
18047
-29041
25704
1477
-7443
-2774
15866
-19427
11219
-26383
-2100
-27212
-29980
-3167
-15885
-31039
20491
31056
6143
2406
-24143
14566
9433
13253
-24567
19757
-20645
-8148
2896
8650
-72
-21903
-2324
-28927
27955
24296
20644
-13826
15256
10787
9480
30875
25843
2790
-17331
2972
18440
-6412
18605
8810
-25751
-25170
17932
31466
32701
32522
31277
-8987
-26195
32643
-31585
4253
-21002
-1384
-6084
-6731
-2766
27649
7583
22231
10208
19980
-31545
23164
-25425
-11922
29794
26552
-7312
11824
14662
4401
26569
-21533
27741
-4908
7099
10758
6626
-32697
-8504
7433
-6961
14716
-10927
26507
-24848
-8432
-14875
-22888
12370
16519
14521
-7606
-25817
-29272
-5764
23492
32590
-23388
21184
-29207
21748
-18558
1239
-12382
15271
-26811
-8740
31328
-21218
-28787
-29513
-3295
-3413
-32054
24357
27390
30906
-11462
29622
12226
13804
6223
-25372
30333
-17018
10426
-181
19472
-28204
-8377
-7057
5906
-28458
-1143
-2334
14173
-11521
-13675
4822
-10513
16458
28799
-915
31633
18396
-19420
10976
-6741
-1447
1075
18613
5007
-7284
-24288
20581
17249
20427
6101
-21258
5516
-14669
-9152
-12582
-13689
9294
9088
-18111
13112
-17469
25662
-22476
-25427
19966
-4898
5776
-31657
29492
24584
-19450
-26018
-25778
-26157
-23547
21895
-27732
-24602
-7050
21351
10874
-9401
32067
-32542
-21958
9932
-15009
32095
-3098
-2187
-29560
-26291
-9303
12165
13548
12141
8065
26257
14727
-14754
18082
-12771
21071
22551
-26578
14670
-7370
4436
-17630
18823
13617
16314
15647
2783
31583
-25601
-16299
-32518
-17076
18060
14840
-23954
23558
-10662
-22470
-7051
10121
14774
-18902
24274
-26210
-5047
22897
-5932
8961
24690
3084
17155
18146
-2433
25218
-22223
23406
27544
470
-20201
6018
-20761
19843
18858
-207
16893
23416
2323
-24517
18302
9213
-28522
-2459
30647
6839
14520
-6621
-10028
22738
-183
-26053
-9604
7307
17597
-15908
23979
30925
28890
-2633
23498
21951
-32299
-23706
4686
5320
-14998
851
1313
6751
11846
-4018
30131
13812
-25615
-5305
-15512
-2419
27211
28854
6618
-15036
21105
-26754
-19917
-19572
-25796
9730
-4259
6054
18045
-10824
8566
31067
8487
-13937
23126
8475
-31939
-3095
-3756
-15234
11622
-24418
-15981
-25237
-19115
28320
20754
23793
3108
-19205
489
-5956
-8139
9651
10922
1705
-671
-19560
-1240
-17123
-5778
4914
-21889
-24030
1710
-27073
-27707
-2647
14382
-22311
-9144
23519
3466
47
20627
18987
9955
15956
-30959
1672
-9406
687
14336
1376
6562
5007
-11066
-27509
13123
-9478
-29101
-10803
-19915
21027
-24603
-26986
-17974
19118
-8896
-10572
-20435
113
-8613
12532
25392
-27301
2148
7899
-21735
27031
-18131
17284
-13250
-20970
-10068
31867
17088
4099
-24287
18196
15094
-15993
-19853
-3636
22910
14031
13064
-13747
23677
-15232
12331
-889
4071
6669
-22808
16784
31621
-21144
665
3274
-30498
-29432
-8771
-5306
-7943
-18351
27175
13517
-10818
-27367
-12641
-259
22312
27876
-8848
2325
20731
-26859
13734
24312
-22119
-21640
-11479
-16930
16488
12025
-313
2904
-24753
31160
-7736
8556
-19092
15632
-20360
-21434
28323
4170
32315
4830
-28973
15106
23364
10367
-23588
-19320
20573
16867
7742
-21013
-8590
-22397
-25084
-1101
-9484
-15735
-16501
-15889
-10909
-8035
498
25642
2641
8151
32506
-15149
-10132
25393
-2019
-8630
-18523
-207
7470
21120
9327
27897
-15240
-31619
-9565
-26354
-4659
-9145
24975
13704
-4769
-3500
-20512
-29908
-22711
6666
22340
3677
-8112
-14629
29012
-25767
11690
-9865
31285
-9540
-12021
5647
-6102
22745
20730
-31556
-25684
9414
-7238
5950
-12269
-3329
-5099
3394
-17888
8637
-25653
15687
-1194
-21529
4472
-24416
10706
6820
-22871
-7064
10231
-4334
-20272
18321
-20587
-17571
21896
-32040
1946
2401
29875
-32054
3537
-26606
13916
-28279
2561
-12993
-10710
20721
-27415
2326
18038
-12679
-6935
312
17709
-19392
6858
-23491
-11106
18822
-20919
-29545
1471
17289
30394
-2943
7455
-18238
26039
19293
6817
14661
-10092
-20393
25101
9381
6438
23654
-821
16680
11845
-9213
-12621
-19184
12520
-18110
-7217
-3327
-1362
25101
4240
12713
8917
-7158
31660
-23464
-2574
-29776
-30840
-8763
-5113
26123
-31625
-21735
-29718
-10924
-694
4413
2769
28942
10829
-18636
-12510
3019
-29235
20586
-31159
639
14868
-29841
19280
-3058
16086
9875
-26136
27986
3144
-28006
28615
6525
-21356
20307
-29056
27843
-19264
-16964
-12966
2768
-23727
-21454
-21437
-24963
-31834
18045
15099
-22476
-11952
25566
-31151
27857
25236
21922
-16062
-22232
18237
-19224
32399
-13919
1440
-27746
4969
7420
11343
13645
4933
-6101
-17240
-18023
4983
-26527
27244
22207
789
32180
-2599
27420
23412
27679
-31318
-18822
-12921
19772
-17184
24823
-16508
29256
-17266
29695
11513
-15760
-7507
31210
13399
2100
-29631
12246
-10563
10395
-2335
21802
-16932
-26350
11083
14843
-15857
-29347
-31668
1275
-4871
26359
-28069
19302
19145
-20969
-11921
25878
-11335
14134
-5884
1703
29526
415
-2558
22335
27573
6171
-8126
11075
1455
-10092
22119
-11734
-18792
-28952
-32248
32180
9213
-21913
-21280
-2140
-32529
10301
27944
-8542
7390
30747
23294
-20969
10054
17207
17767
3606
25582
30953
-26210
5808
1665
-19198
10881
19553
-3960
3665
-16953
18942
-21374
10781
-29607
11585
-5222
19855
11189
-4805
-21560
-9651
22024
31651
-16781
20730
21152
1607
23593
-17129
-22994
10957
-29588
-20479
13123
-19336
-7865
25537
6765
-17815
-22922
27313
-29008
31683
5181
12767
26787
1492
-11257
-27017
29447
20627
32005
18249
-22354
-23883
-8714
3882
12730
-17468
12479
-15371
-25685
7396
-17553
26674
32118
1037
-4190
6773
-14285
-936
5815
-28449
18557
-9861
3434
8536
13313
19872
9642
28278
-15527
22361
1217
-26946
-2298
-5657
-14804
-9211
1551
-24139
-7312
-1197
10151
5827
-20840
1437
-31017
1611
3653
32254
-18302
-21461
12221
32739
14846
15490
-752
19470
-21551
-629
-27722
25258
21183
-30641
-11528
8190
-12224
7866
-19121
-28112
-7754
19243
25152
-30674
-2808
22879
-23493
9791
29471
-18510
-18024
-1440
4482
2725
-20928
11587
-6111
-6475
15699
167
27339
-3324
-27604
5094
11117
4874
19792
4487
-8040
7580
18474
8783
-14263
26031
27446
-2494
-14588
-9891
-32751
26946
6178
29857
-10468
19022
-25813
29233
32036
-1999
-8060
-28552
18275
-24235
-17372
8182
25858
-8560
10440
-16865
-6049
-18144
9853
10353
20480
30910
-23545
8617
-26777
20576
-9134
7546
22836
23186
1039
-18583
-15651
22002
-8664
26386
4620
-32345
-32559
16227
-23301
-4001
30747
2407
-966
16935
13430
-18703
3924
-8544
-5503
-31066
-10195
29366
13868
3883
31034
-19492
-5305
-27866
31805
-7318
-972
14510
27625
-26765
-594
30395
8362
24591
15271
20434
-13156
8159
16637
2561
1128
-17817
-6401
-19498
2347
-31176
13897
7251
-13019
-14666
-18665
31304
-27013
-32215
25241
-20635
-800
-8755
23370
-13758
15727
7746
-28541
-30389
-24642
-17474
-14478
-25780
21742
-6197
-20112
-24592
14693
29857
30822
-6402
-3585
14547
27842
-28122
-25242
-10844
16334
-2930
24170
-20235
27194
27558
-8611
-23868
20051
-30789
-29411
-32113
19771
12340
-12397
29629
-8753
18703
-19771
-10370
-25898
-29331
28773
22538
-838
-10040
25439
-4471
7842
10442
32431
14470
-18434
-32464
-18524
3846
-31765
-17075
19650
-24989
-31791
2317
17475
-17040
22220
-21251
132
7847
9837
-22927
-29494
-13218
14069
15095
12495
-32191
-21353
30183
-3521
-27049
26996
-12333
12912
19110
-29143
-17520
9343
11250
28501
-11524
-24405
-2986
31365
3547
-9831
-12741
21984
28313
6592
-29553
10839
9919
-7568
-29648
-31906
-8424
23280
-22695
23490
17017
28767
-26617
-3388
19655
13598
-941
-25823
19764
28734
8301
-10333
12889
-17028
-6621
-10805
-20012
-8820
26360
-27880
23955
-24759
-16860
22979
10336
-22475
-22463
9451
13429
6211
-29139
-3806
-3038
-27433
-21021
23368
6302
-18144
-17598
-7727
-31855
-18785
19502
9111
5129
17283
22497
-6331
-30309
-15093
-5644
19270
-4840
30060
-16048
-32744
-24590
9346
-22240
5861
-18150
6160
-19708
-1024
-15360
12258
-24200
9694
-1578
203
-21685
10086
8073
24643
-22988
-7463
-10531
-9251
-29772
21053
22637
-25484
-7596
31422
6362
10525
-6787
18766
-22932
17250
10882
-19410
-19184
-27272
-13151
-11550
14312
-20087
8473
-9375
-21810
28626
16135
2584
19277
-14075
-3899
-31017
6419
25736
19664
-532
26367
28549
-17455
-13567
-8396
5128
-31024
-15105
-16023
22611
-21551
-7189
21884
16173
-5381
-3406
-10705
9331
10904
-11916
11621
5888
8483
15288
-19017
-5505
-30336
15253
2822
27883
-14157
12246
18245
-13327
19718
-27113
14230
8081
-16843
4611
-23428
-28215
23151
6971
560
-32578
-23330
-22852
-19736
-32294
-1425
-29787
-26467
31566
7951
6571
-21934
22158
-8922
7400
16452
4220
-12709
-8332
25205
-2876
27409
-480
19004
11354
-11609
-12078
-6034
26018
770
17309
-10355
-29980
-12170
-11336
-11031
8731
3072
30544
26764
-20305
-29769
-26960
-7790
-31534
-17197
11994
8911
8736
9217
-495
-3255
-30167
3385
-24596
19404
-7976
13351
6317
10841
2789
-13105
-20465
3947
21259
-23452
-8733
30266
-26773
15438
-31139
11089
-25479
4629
16921
-7115
31231
-58
19217
21691
11531
8068
-13723
-25466
32318
4755
28215
11581
14966
9665
-24727
30148
21639
6161
1053
-18558
17792
-21730
-20887
-12181
12621
-23716
29640
12112
-16835
19067
-716
32683
-27062
12546
13555
10685
-11647
20938
-12038
-8941
-30252
26098
19304
20325
28605
-32115
23055
1307
-20752
-19359
-28738
-32172
-12402
12386
-4858
24042
882
19326
-22266
-18812
-12375
-10831
20161
18538
-2584
-9328
1263
-23206
17476
-29450
-19720
-10835
24163
31662
-8946
917
11035
3357
4446
-6740
-825
-25816
20284
21644
3482
-17593
31628
-22807
18987
-6468
-20769
-18834
14963
22435
27872
-6891
8774
-15371
-12456
12342
31383
-3636
15738
-3677
-7394
5765
4004
-18957
16686
-1149
-29939
-19071
8891
12075
-1859
3613
-27304
-31952
11950
-21343
28767
-31732
22311
-14049
-13051
-30076
874
8825
14075
-30628
29276
-24421
1471
-31633
-13993
-18678
-1532
-11502
5824
10357
-249
-10326
22178
5428
-8222
-14223
13834
3143
-24793
-26733
-5317
4797
32471
-18951
-22795
19143
29446
-14191
-30669
-12375
-16862
23809
-5216
-23888
10236
-13492
-31371
-30520
-28336
-21292
-25683
-32209
-14824
-5215
-15989
-31395
27869
-6382
26893
-8803
25789
24736
14500
-7357
1087
15363
-14320
-24053
25847
-21858
30942
-27949
-19609
29935
-1109
-29466
-12792
-2210
32117
17289
20657
-11248
25635
-1763
10469
22025
-4011
-2419
-22071
5047
26713
26957
-27277
-14781
28919
-22934
-13260
5056
-21808
23153
-24966
13063
-32557
24444
-31549
-821
16102
15179
21497
-9987
-31402
13999
14807
-14040
-8500
-15033
12983
31509
10252
-31397
30263
-11261
10853
270
4714
-24285
-25949
16925
-6322
4739
24478
-29177
-8358
-8612
-25240
22439
22971
-24723
22362
14672
-19021
-25319
231
17876
28627
24101
29191
-24071
29565
-12989
8577
-17995
27466
-1203
-15415
3157
-28289
-12539
-16830
-28385
9905
-15455
-21286
5522
12398
15225
-3255
-12354
-16370
21705
-21057
-21798
18146
28427
7989
22123
-30473
-19507
13190
19804
-6487
24581
15152
8819
-27324
-8508
-23245
-13174
-24699
-27715
13373
23895
8655
-27410
-6482
-24594
-16090
-21332
-2533
-25974
2800
-23615
-25400
-22255
-3676
8755
-5883
17857
14594
27229
-24264
3989
25272
314
-20432
-17157
21277
-25190
28099
20362
22099
24388
14214
27910
20735
29855
10136
22341
19286
14554
-12550
31497
-29171
-17446
-14672
13836
2538
-14514
11614
-1280
-7952
-22132
-22903
29635
9395
27868
-22270
-8489
-7919
19542
-12411
-20092
25627
9755
25375
-20218
-28274
-6034
-26141
8101
-22955
4559
-30577
5224
-8246
-25835
13011
10620
-13334
8475
-28980
17002
26637
14091
-8295
-23115
-11776
-30145
3737
17092
-4490
6342
23862
-17825
-30244
-16533
-12735
12801
-20430
18971
14598
28084
-2026
-25223
12205
21368
15683
21595
-23089
-3017
-20393
22395
17659
-31312
-8798
3022
-10863
15170
-15045
-14248
17357
-23894
8769
-22288
32377
-17332
19630
20677
9968
-23444
-21441
15498
17605
21088
-4331
-5719
-12557
9590
19378
10986
26283
16826
11461
-16593
-30896
23150
-22830
21175
31182
-2429
582
16534
-24495
-5178
-31896
-28942
26433
24604
-11971
18505
-9652
-27716
-9538
22589
-27156
20038
20311
30715
-3321
-6278
-17747
19268
8770
17557
31079
24404
-31712
18365
-18395
-20239
-4594
19099
-6684
22917
-6326
30664
-15943
6983
-21728
24546
-21690
18217
-18810
-10388
2001
24016
-30066
-28270
13522
21990
22833
15016
-21957
-3314
-26388
-23019
32717
25438
21972
10961
22711
12300
-6735
11576
-22378
-15836
-15331
-29096
10846
7670
-32093
-24060
-18973
9260
-13230
-15111
-9493
31193
2542
-3531
-14006
-26279
-31271
-1933
-28093
32132
5169
16476
3228
4393
-22817
-25629
-1215
-21533
-25155
-2202
-31220
-8556
21671
20282
-24378
-26509
-8838
-20265
-4891
12013
-24993
11588
11043
-18860
-27473
-14762
-22529
-27106
26300
22481
-11427
32002
9416
-20776
-16387
25406
-16060
-19581
-12409
20109
-1809
23704
23514
-12915
-30949
29195
17688
25093
28745
25382
-12672
7673
26706
3978
21429
9613
24050
-20634
3553
17612
-32730
-11141
-11409
15060
-31362
23600
-17589
15265
30135
-17745
11707
-18571
15045
13697
-12415
-24829
23636
20616
-11437
-1971
-1359
-28782
23595
-31050
27152
12131
-26157
1427
6715
-803
11899
7116
-32128
30041
-28440
-21462
29369
-2454
-32376
-16999
-16989
17194
-13760
-1704
-14961
-7481
-14202
-13495
-3903
-1463
-21375
-26292
17131
-11326
27362
-24883
29632
-22421
-23666
32342
18680
9249
32447
18288
-15955
-25916
-10800
11835
-18743
-29380
7683
-27359
-3878
19513
4072
-30032
-25352
-23213
-25311
-27571
-17016
9173
5625
17969
-14901
-24166
5
-2291
-25812
1083
3809
-16126
-22793
9286
27450
19751
1851
27319
-15650
-10317
14742
-25062
-10662
-27698
-16513
8789
24516
-15548
-6376
-27228
9661
7315
24382
23112
21523
-27227
-24401
-14345
4220
-32338
25375
-1159
-9312
22492
-26770
-23808
32018
-9551
25636
-29637
-12649
-20489
-26222
25185
28314
-24095
13105
18249
-25004
10520
4885
-12219
19124
14895
26722
18280
-8883
20926
6931
10716
24583
32378
26884
8343
-4198
-30269
29437
28352
20056
-25855
5477
19735
3056
24765
-13761
-31493
-13478
27024
22715
-22932
-16495
-29587
9971
-28934
-7524
17168
-14126
23181
4589
-22990
-17989
8519
12607
-13338
17126
14868
24607
12993
-22738
-2277
27874
-19008
-3460
-6252
8487
-540
20624
17901
-14939
25360
-31800
23450
25646
-30163
-14645
18780
-3378
-18630
18826
18700
7170
-1739
17474
1623
-10252
691
16971
23728
-25342
-13692
13144
-15338
208
-17841
2792
-11968
14308
-11584
-11184
24118
21888
5577
-26483
-15875
1926
28953
9398
-7157
29448
17461
-15125
-6199
7506
-13739
15469
-26474
9710
-1260
14234
10817
32249
-9529
-1050
-5358
-23095
30650
-13711
-28368
20734
-27469
9770
-32621
14110
10990
-2237
7391
25741
-18348
-3333
-12913
-12580
2301
-3181
-9357
24225
8590
24127
-27763
27440
25855
-10932
916
-2295
-763
23408
26524
8409
-29156
14036
23290
-21774
16305
8419
-9633
-5806
-28727
-23860
-13895
2304
29108
-23723
424
8664
18320
24521
-2706
5985
16544
-10457
-13200
-23231
-16128
-23480
10669
890
1054
-4812
-12014
5565
31863
-9113
-31893
30066
-8680
2827
-30926
-11875
-22572
27836
23949
-17034
1434
-1284
-612
3872
7898
31496
-31764
28051
27738
24011
-27761
-29030
-17899
23703
32521
10651
26561
13034
28123
-23408
14639
2715
6659
26237
-15554
-21659
-20061
-17284
-28834
-16997
6135
26789
32313
-25521
