-31620
-25583
16589
17951
-9142
18554
-18278
-15331
-27891
-8333
6268
18065
21454
-7936
-14478
30073
17050
-21948
-25925
14560
-5720
-11184
-28149
-54
27482
-3317
30943
-21886
-11129
-22050
22106
29128
24759
26116
-6996
15099
12935
17019
26548
17925
13761
-27251
19018
8935
-3082
-1535
27762
-12737
-23230
-25348
-17759
-17918
-13252
11624
-29773
-26489
14975
31279
21993
-11026
8119
9974
10653
26113
-14873
21301
23196
23373
-16484
1965
31063
-15129
20503
26352
610
21038
-4983
26188
-19447
10636
10494
6539
2901
-28457
9163
-15314
14813
-24313
-4943
-28857
3674
-21955
20648
1300
29658
9086
726
9838
20812
20900
24804
-26436
-7383
21524
29106
660
-949
22426
32505
13991
8302
9315
-10542
11239
-32525
-14737
-17374
-2037
11453
25891
28641
-29147
-1825
27925
2291
-16128
19733
-15646
-14349
-9278
7139
-10153
-28482
31237
-3408
9682
25647
3479
-2856
-18088
24500
-30889
975
-6534
22626
25531
-30464
6021
-370
-13101
30696
1345
-25103
18463
-27569
-1045
-14531
11225
-32213
-11151
6555
12803
-6436
2969
18899
20761
-32557
-3228
-27820
5829
19766
-30104
19363
-17122
32679
-20191
-11029
-10264
-3610
-2891
-18437
1587
-21383
32675
-14053
-315
-11982
-824
13042
-13031
26376
6281
15408
-32460
-22355
8699
4281
-30834
-27043
-27472
-24034
-30832
-22776
8864
23967
-32704
19622
20356
-1241
-28097
1671
-24770
-24029
16307
26619
-15895
7716
-9765
15004
-4336
-12212
-9256
23899
22848
-2264
649
19151
-17807
12019
19648
-21580
25921
-16475
6101
-12485
-32344
23728
-5210
-20210
-25119
-18457
20071
-15641
23487
19968
-32459
11596
22398
-9810
-10035
-8465
10870
7869
-23018
-14573
-16471
-10215
21243
13838
32726
24439
-11876
2531
12267
11055
6683
-1567
-27181
5782
-2684
11248
1367
14545
-31348
22368
8568
14818
9759
5384
19527
-12510
17395
11868
1895
-5526
12797
-29268
-5684
-23411
-2455
28363
-16498
-3734
-8578
-32310
-21297
-6789
-1969
6029
-7187
-18586
-26250
-20647
-21631
-22516
14164
7891
-1424
-14242
12723
17522
-8034
30932
-772
31691
1902
-4332
-29485
4011
-6621
-8662
31752
-13601
-29825
-20884
9614
1420
-4370
12409
-13876
23244
18567
18387
24654
-4682
23942
-12653
-883
-12244
-25601
10907
-17523
-9565
-9399
-16916
25604
-15873
-10857
-20688
19403
-21366
-2123
-1395
-20466
-1261
-30587
-19205
-29358
-430
29082
22898
20846
-24237
5664
-20874
12514
-4660
32113
24500
2700
-23397
30935
-8336
13911
506
4297
29933
20008
6533
-28955
13372
-2585
8899
1490
29234
32684
-30034
-20180
12344
5326
9540
-23673
-1655
14403
-14319
23775
-20800
27920
3720
31201
19840
32175
-16272
-18350
30048
25394
27232
-20049
30455
-23873
-17290
-7353
17921
24584
-6900
-27835
-12246
26912
6298
24936
-759
7614
13179
-30459
-24261
-10338
9593
24101
8353
25492
-27879
12364
-10237
-9571
-24856
-925
-32625
14513
24649
8069
15117
31957
-31341
-12363
-20933
-24371
-22225
32071
-19378
-6210
-31381
27907
-6341
-964
-14878
-8961
-7440
23367
-7774
31344
7899
25105
-25895
-23257
-2733
31291
16143
847
2153
-12549
-13882
26766
5233
5393
-18324
9982
18736
-23963
26038
7729
-19743
-20908
-21699
-28292
-25654
25634
18113
14460
-9773
-21451
26144
26246
-25254
8832
15726
1316
-19218
-20953
22489
10221
11837
-9854
13717
17854
-29874
13359
-16806
26438
-10775
11373
21967
22892
-23125
-6983
19196
32648
-1260
-3405
21211
13525
-19897
-2593
22934
9780
4420
15630
14121
-11373
797
-13241
-807
-28753
31949
-32143
-31897
-1230
-15317
-31329
-1385
-26936
-28328
27358
18793
6598
-535
752
27955
-8493
-14411
-26581
-4469
1547
-2177
-5417
18492
2186
-3264
15052
-31928
-1474
-905
-31029
-11245
1617
23900
-17773
-2658
20408
-5897
-30078
28942
24967
-26207
24493
2305
6577
9590
-27620
-1165
16163
-17047
-24758
-22056
9979
5707
16822
-26374
32054
18162
-19555
22149
-9753
-14542
5893
-10455
12786
16840
23686
-13968
-9294
459
21935
31442
-9354
-16909
1956
15108
27395
-5111
20466
-12017
-508
-7574
-16587
-19854
14760
13114
6195
-25747
-32165
-23315
-21589
29826
-31419
19492
27608
25866
31180
21487
-13439
-26517
10261
25910
27012
3259
27301
-23184
28673
23394
5934
15043
-23416
25964
12159
13728
5824
-6732
16437
18113
-23680
-25114
9415
-26052
21087
8206
-27863
-20774
25109
1495
-20860
20569
-12084
-3543
-24966
-27338
1836
-12682
-29301
-7964
30004
6983
15472
-29807
-4277
-23243
-6421
18039
-4249
29559
14356
7037
-5363
5111
10298
-17779
15301
935
4568
9051
-6515
5114
-11186
20235
-22815
-28960
-5355
-24450
-5125
5951
-7195
16517
-3588
-17314
12540
15625
-31814
-20849
-24916
24270
12741
-14605
21307
32337
18116
-8011
-23010
21799
-9089
-22322
20674
16200
-4981
1603
16125
20432
23382
-25154
-11549
-17945
-30503
23034
-2728
11834
5325
-21165
21082
29499
3161
-16864
15186
-14681
-32546
16937
-11457
-10699
-328
-30504
1946
13914
23063
-22320
-27696
-3757
21678
-32171
22268
-833
-1482
30484
-15228
-16380
10152
31757
16725
1298
23753
-8702
-160
-9063
-17485
26989
5762
29793
1654
30615
-5132
-31398
-6788
18314
-12174
-13657
-9685
-19687
-26959
-838
-19829
20862
-7903
-18039
5408
-16914
15194
-17521
-5566
-20533
4966
15688
-10625
21761
20087
30088
16869
3994
-27272
10835
14949
-11244
29385
-25610
8542
-553
210
-20364
-32724
-1368
19300
11512
-7502
28491
28436
17475
21451
8667
24580
26805
24598
9833
23749
-11868
26746
-11361
-28624
2852
-21200
-16965
-4386
30019
2813
19624
-709
-1095
12116
-15862
7930
24867
-12215
18623
-17738
-8362
-4824
-15737
18709
316
8263
-13227
-20510
-16275
-28375
17001
-12774
-24124
-25093
-15511
-29842
-12882
-27988
-19744
15951
-31585
5744
-22138
24703
-6192
9589
17999
31725
-12710
-28773
19168
24302
16124
32650
22151
-12369
-1232
11674
24911
19362
-16944
7608
-20627
-25996
1840
6351
5111
22179
-29628
-19487
-30438
8502
13549
-1952
-280
-8183
-32182
16303
-14621
-5035
17030
12625
9006
15283
-14776
26787
15554
-21302
-1804
20594
-23167
-9072
5483
-25735
-2609
23905
-15619
-18449
8915
21938
-24855
10413
-11469
25523
5783
8743
-6158
28486
-8200
29186
4555
16194
5022
-22050
-27774
-3822
-321
-26237
27141
25111
30598
30719
-10285
-5669
17783
14949
-26647
21072
2325
9440
28125
7358
31712
29235
1832
14652
-8080
18462
22398
6829
-12506
30079
24809
32227
1739
-28414
21245
29060
-11638
20141
-2339
12108
-11925
31759
2373
-24763
12992
-14960
-2589
15190
27413
-16265
-24152
1460
-7131
-28552
18452
-19081
-5015
32334
-18007
21078
4362
16869
18752
-17032
-13652
-25014
-27690
5795
32549
-22768
-3711
-12263
2294
-15901
3819
26564
-17065
17436
-19197
22497
8139
-21157
69
32641
-13277
17003
32735
-32264
-55
-23002
-19151
-15896
2948
-9453
10548
-9271
23173
-27805
-16927
-9542
-2584
20530
6355
-366
-2289
15
24054
4962
-29346
5322
-18166
19301
7711
30661
-21600
3933
-16622
10606
27479
30849
-24525
-19252
18803
14772
4814
-16542
21288
32724
12202
-4701
16708
25961
25682
-15732
-12580
-17036
24963
29643
433
21255
31554
19357
-11736
9017
28050
-22365
-31003
16355
-15269
15627
-25451
-11994
-8451
-3818
-21721
13356
-24108
-6445
9184
7413
10484
-5897
18545
780
17627
9805
10765
9315
5542
-15727
26270
-18445
-11033
-1836
13252
22902
-30171
19109
16705
29630
22534
3043
29189
-18557
7275
24575
-31913
5672
-446
30307
28490
5555
-49
-11478
-28091
-1249
11449
-15090
-24624
-1411
-8001
-1144
11008
-6528
-31489
-11879
28189
3678
27833
31064
1937
-16480
-4100
18965
-28857
12715
25334
-6874
21564
-22585
403
7165
-17685
32134
-7079
-31727
-11086
-27235
22294
18183
-27786
-24785
23382
335
-26656
-12055
31571
4204
24271
7265
10571
26928
26163
23563
-19297
4623
2051
-8265
130
-31973
-353
25832
26615
-5678
21188
27384
-12385
-27764
3788
16359
31940
27251
-8777
1295
14786
-3916
11599
27330
12525
-13816
30225
13438
-18774
23353
224
11294
15260
21353
-1313
21994
-28556
-30020
-21210
7261
-27797
18820
637
10674
1311
16897
-30229
-12088
-30986
-30452
24028
31819
-27735
-15873
20221
-26078
-2488
-14468
-18876
8588
-9094
-21693
30477
4465
-30468
26359
-32425
-24673
-19446
-5526
23959
-3121
-4918
7664
5953
-28324
19125
3469
3439
24523
17789
-10580
4332
16906
-29003
-25926
31862
-1888
-13946
-16695
-9986
18961
24652
32379
443
-4528
5472
-1241
22532
11821
8379
15124
-30184
-8255
12199
-17235
-24240
27152
-23586
30307
-3483
-6014
-6447
26586
7274
11615
-5477
15433
10614
-390
-15106
-1862
-20390
12682
24958
-10296
-18654
-927
-14428
-17892
22074
7285
-12330
16859
-22622
18479
-23877
-7503
-14327
-16670
-29819
-3223
27657
26398
-10676
-12469
-25879
-30637
25908
-25870
13367
5375
-11229
-4474
-25453
-27497
10598
-3612
-30644
25456
11560
-30378
-19752
15458
31164
-2165
27234
9052
-25971
30177
-32118
16248
491
4778
-1464
-32471
-7949
-3444
-8482
-30830
-11812
-22031
16217
-20944
29863
7569
-1808
23058
22397
-29678
19082
-15751
14345
-18894
9065
-12989
-24036
-28430
20568
24408
-13321
-25833
9409
29809
-7384
14666
-22398
-30791
21668
17013
5285
-5960
26047
-3050
-24757
14897
10796
4158
-6433
-1933
26126
31098
14872
-4729
-16993
6061
-19668
16800
23875
32640
6595
24455
28661
27381
24453
-5744
-4360
-1609
-6960
-24954
24797
21288
-22563
16746
-28962
-13789
-7465
18137
-14809
13592
-27491
10695
32733
-15355
-23411
7096
7696
-6454
7305
-11441
27946
-13955
-12578
32756
30070
-12495
-2339
35
32734
-10790
21673
27211
14700
-8387
651
28999
23294
16737
28662
4959
-29402
5956
26798
-30760
31612
-4997
-1100
-5137
-19931
-26051
13440
24117
-12088
31701
-8807
-16794
7453
-28740
4107
18706
-13540
24365
-3279
-26753
-22558
14651
-24312
20830
32747
2794
-22126
24399
-1244
25426
-19201
11601
6771
-20745
5633
8190
6690
-31062
-11691
11115
16006
-3978
26012
24096
31449
3652
7608
-25430
-2042
-3596
-25574
-16588
-25090
-7836
12985
28844
-16988
26807
-30731
26260
-32488
23486
5987
7766
-20313
-22930
3753
11654
23414
16581
20427
-17095
13166
19975
25775
-22185
-28626
207
-5138
-6286
-18430
32402
-580
-11146
-17658
-1345
-11730
16953
14500
-20362
16936
13535
-29670
11182
14430
-7491
20939
-22436
2707
-11678
8784
29558
-7100
26250
-3774
20954
-4049
9812
5836
-7552
-22712
31488
27042
25639
9210
-3482
-399
30469
-14480
30750
25934
-11328
28117
-1309
14671
12429
7399
-18783
-24585
3429
-422
23908
11176
5355
-28616
-21499
-2205
27463
13578
-11542
-18170
-21260
24932
5226
-2967
-8837
-28153
-26806
-1506
1465
31837
-18263
-28872
-20615
-13409
-16722
20444
14655
12385
-18244
30370
-26135
-14482
11376
11763
2781
-24771
18690
5176
31020
16136
-10290
-29956
2245
-13099
12209
7357
-10948
28629
20012
-27885
-2683
-14373
9422
7560
19956
-1800
10987
6585
-22489
-5988
1048
20371
27791
26957
-16937
20018
-31108
-24037
-30754
17373
22805
14465
-15433
18514
-31243
-20064
-24048
1802
-12046
-27772
27371
10930
1733
-10469
-21549
-8925
-23589
-21568
-28543
-19311
29915
28718
7150
-32208
29192
-7934
-5266
18247
9515
28884
-16617
-6698
30747
27393
9168
23119
13938
-14334
-14787
-12200
4837
11710
-19083
-27571
9364
29272
32576
-17641
5375
-18495
-22724
7655
5736
11879
28660
9809
-22712
-32459
27073
-1494
24079
3974
6274
-12392
6522
27686
-5646
17125
-26912
-21604
-16312
-13693
24117
-7209
-16999
17836
13176
28208
-9065
22357
-13490
-14097
24873
-31786
-8745
-8060
-16183
-18008
5896
-4705
-11193
-27317
-11538
-18406
30497
5582
6496
3059
4653
-22850
13087
-16968
15178
-29852
-24061
31941
-17282
27091
30202
27676
-6895
-2993
-14066
19143
-11377
-274
25434
14559
20933
32643
18219
-7138
31030
5821
26322
12757
17138
-9055
-4625
-31778
-8884
2612
1271
-28480
10379
31775
-13552
-5599
-13986
-23332
-24822
-5637
-32509
-16079
29708
-28998
25054
21730
-6813
-15627
27237
-23821
-19323
-23182
-866
1191
-30108
32258
-10698
-16420
13720
21441
-23533
-10150
-16110
17300
-21150
-28938
-16073
-15338
-24709
-11303
15918
-23696
-11592
3813
4174
-12400
-6777
-23518
29710
9480
19116
-25164
10569
-20632
13264
6632
-28438
-12517
15781
-11816
-31030
3556
-9237
-17982
-24887
-19978
-4431
-29943
-9586
6435
-23845
6541
32036
30948
-25550
25430
-22310
-6284
23444
558
9094
-24421
26072
20259
-32121
-18718
-15170
7254
3181
32644
-23239
-7880
32194
-779
-11488
-31636
8472
-11640
-15297
-28305
-19262
-27813
2246
28264
-24483
13169
-5264
-29875
22853
25065
16084
-1318
7241
15792
1427
-11162
31434
-22168
22264
22203
-28928
2166
-21627
6252
10350
-32482
-3195
16536
511
-30432
9079
25913
-7088
-20287
16736
-29226
28414
-17914
20062
6568
-10735
-27757
-6697
-21615
-24865
4445
-30497
-20383
-27544
-5008
-1503
-7815
-29275
-21642
797
-16529
-26878
27079
24697
-3069
10747
11757
25851
-32746
6055
-26205
-544
28316
26403
28511
14021
-3281
22792
-6840
-5307
20733
-18529
-31031
-8604
-18207
-25140
21996
11802
-21252
10889
-7747
20495
-28773
-4181
18867
22802
-25514
-9214
-15562
31450
27760
-5911
-21355
26878
26236
20858
-1958
-31370
-14061
15151
-20460
17150
-29941
3108
23260
-24307
21218
-5961
-27841
-3021
19685
-32295
25999
-14133
9912
18161
2738
8158
-30121
12282
-2180
32664
12380
9007
-8785
-25656
-16928
-28056
-612
18861
-16552
4243
-662
11663
29431
-8599
-9248
24977
-22130
3755
25314
21237
17847
12046
-15713
-7394
31304
-29345
-713
23613
-11143
-17776
-2274
-10226
3122
10454
4249
-3562
7279
13550
-22229
-30682
-32175
21821
-15583
-26245
-19917
9356
12942
31015
20414
-8310
15572
-24953
-23240
15129
25143
1513
-24249
12981
-21731
-30672
14719
13244
23170
-23559
-839
-14213
967
20231
10253
-18944
-415
8123
-12366
-5306
-16467
16465
-10085
-17226
-20849
5385
-26265
27725
11566
-16164
-14183
1886
1242
-9739
-8028
1746
-8346
-18486
16814
8501
-29325
29706
-9399
-20215
-31377
32049
-9962
2910
16071
12649
-19034
-22068
-20233
-15866
-4729
-11767
9938
352
24436
-28652
20425
3214
-7399
-20025
-14990
28400
-11645
19357
23111
-6211
-13024
-24038
24349
-11407
-25478
10175
5420
-30754
13403
23267
14857
-14962
-10353
-6799
-29445
-13409
-25018
-28447
24758
-658
-23347
-23996
-4777
-20574
19228
29924
-8047
-30125
-12182
17176
10808
21163
-25574
-26798
-18060
31184
17793
-8014
8365
-21794
-2279
-3139
-24913
15891
-11386
-1220
-12569
-22738
19933
-21698
-28908
-28443
17958
17738
25130
-24550
-13108
23111
-30594
8684
17621
-20185
-24799
-16608
-9714
6462
25418
14621
-14206
-28868
17423
10759
-19014
13198
-3131
-1490
26197
25955
28946
20072
1100
3565
7362
-340
9547
-29741
9764
-32247
-20386
14013
-25070
-7468
24722
32498
-15802
28350
31700
3578
4382
-18352
1777
-21710
-11725
1672
10415
-15299
11991
-3052
-12112
-30699
18078
-3752
10977
22270
-11932
9050
-10806
-12467
1512
18528
17946
6027
21184
20747
23465
19991
-29309
-31334
28581
-24551
6180
-28385
738
30244
-21219
1237
-5605
4284
10600
-19341
-27790
19695
-20248
17073
18089
8621
12203
2280
20013
14704
19959
15915
23209
-19277
29491
24385
3733
12253
-13389
1233
26241
5909
31090
-6668
10205
22180
-13946
-13123
24506
-18090
8019
15133
-20239
-25057
-17999
4952
28847
14569
13008
8737
15607
-18806
-20496
18550
26839
25226
-20817
8847
-4500
19371
-8163
4911
26398
12291
7115
-9262
3033
-25537
14233
-4043
-11758
17461
-28258
2848
7846
25588
-6460
-11031
-12613
10002
-3167
-23828
14019
9450
24081
-14970
3897
27514
-7376
27966
-7722
24139
13053
-1091
-5861
-13700
12704
-14886
16931
-78
3364
-23119
-5794
14403
24731
28164
-9685
-1998
25910
19204
-29983
8398
18852
-7681
-31798
19817
-27662
-29825
1609
-23937
-136
22990
14234
-21229
-21895
3095
-26603
-25998
-27192
15087
25917
15497
29859
-18048
-27121
-2277
27140
31904
-5559
-31065
-18475
19364
-8281
2379
-421
14049
24180
-4700
-30484
-3113
-9446
-14846
12575
31564
-2196
12331
18201
2727
-20967
-24101
-7689
-11256
-13561
-12079
-28092
14719
14830
-21251
-17908
-27030
16521
2172
15488
-9279
-3096
31481
1549
11776
-3721
-15150
24548
2459
-2989
-7195
-7893
-16761
1104
-4573
14840
-8915
4704
-26076
29047
24706
-18259
17198
-1986
19780
-16988
5852
21175
-11373
27059
12920
-3795
-28954
-1684
-1012
6569
-9271
-32567
-4227
20318
-23768
-11838
3911
31108
15826
-8261
18034
18688
-1777
-26748
-9678
-3848
3811
-27548
7941
-4016
18129
23584
27866
16264
4334
14788
24141
-26476
8935
9697
27746
23393
-7412
4492
3049
6592
23791
-23170
26314
13597
-30903
-28894
23022
-29235
-2432
-24154
29524
17389
-26859
-3825
-17382
-4619
-8406
22004
20514
-28797
20473
25107
-15408
-6750
7646
26178
5478
-4889
-13325
-16750
-16537
6571
11541
25777
15184
-25450
11827
29264
14888
-22102
25053
20432
-24890
26613
-15647
-13872
-11719
23410
-8170
-29367
2691
4301
16100
12383
-13002
-12120
32567
-22690
-1511
27633
-14248
-22650
3737
-18451
8853
9876
5950
-26217
-13261
27859
8929
708
31
4207
-15543
31162
28121
25041
-3433
-16269
-20028
-20584
8294
25670
-27797
17780
-27380
8204
-19572
14198
-10406
-9908
3796
-208
7980
-24766
-11372
-1591
26599
9621
-341
-1497
24543
-9560
-18866
-27392
-31791
-228
7886
-25028
26582
-12922
9570
-15886
8036
18087
1014
18223
-28753
-18005
-16101
-27223
14869
-2998
-32073
-30127
32512
-18824
14520
7432
-14106
-9782
9015
18527
-17160
24948
12162
32599
5339
-22884
-20840
5699
-25164
-23164
-29699
6792
-16414
30216
-31366
13714
27446
-21215
14277
32013
17706
12146
-11982
22201
-12862
5788
-26223
9725
-12031
1517
19022
22070
-1276
-27251
31530
8845
9201
7756
2011
12181
-16039
-24887
21650
21678
31538
-19872
-22758
15909
20032
21870
11190
17441
-26536
-1662
526
-10654
-29477
-12113
-12426
-25035
28699
-2731
-21304
30341
20354
6053
16424
-1202
16652
-32612
18702
-3010
24240
-20419
-24477
-14247
7184
22885
-22030
-25138
-31534
-31081
1053
301
8920
-25334
7121
-21811
-2568
-21319
16838
7818
15653
-25583
27724
-54
4506
9127
-17521
3575
28530
-28607
-9553
11710
17573
-8681
9275
12130
5338
29859
-9917
-16609
-29938
276
15060
-14654
29801
30313
-32760
3553
13834
-10485
28837
-28552
31277
-22314
29656
28995
23015
2667
-27420
-496
25053
-2296
5029
-1554
-4598
-10391
2316
-7904
16941
-8325
21326
-31622
-3186
-24173
14411
-3242
26130
-25093
-16832
-28515
25907
25892
22710
5183
-9985
27158
5397
2804
11532
-10290
-30886
15656
-3140
19605
-10460
15356
20261
32015
-11326
6868
-24324
-17543
-23183
3025
16769
20329
-22307
25344
16804
-11683
-25026
2890
672
-25989
-23618
-13071
-11543
5935
28789
-20675
340
-3707
17343
-17201
31063
18748
-2603
31621
29405
2824
-25685
-10190
-31031
1225
15436
13113
7936
19130
14968
682
1729
1441
9755
17547
-8207
4450
-28430
27514
-32315
21082
8469
-12667
-20625
-19033
-31689
32053
-691
6584
-19654
-7160
19185
-30649
17204
-30612
-1189
9399
3775
-30757
-6416
2886
16118
4037
15996
-13839
-10181
9178
16014
-4280
20433
-32113
8254
-28219
11813
27225
20598
-26979
30981
-2932
-2903
-18858
25609
1085
4514
-5693
7108
-22354
-21239
11339
9220
14463
-19710
18176
-16212
-7373
-28491
-25313
11380
-4842
29596
-27462
24381
-31998
32471
-11104
-12591
-17533
27632
9329
27370
8814
-7258
3034
1189
2725
14089
23656
27853
-9500
18700
13313
19815
-1191
-23741
-16276
-24444
-17303
-26905
-13885
-23026
-13030
-7152
1917
-32211
29051
-19933
3405
-5907
20903
19965
-19250
4898
-30481
7314
-684
-9441
-3139
-16112
5088
25533
-12373
7563
9986
-22650
-28271
-24301
-1924
19671
19528
-21552
18654
-5933
10682
8819
13629
-7759
22262
240
12576
-25214
-9812
-4174
-17642
8451
6316
4059
32674
-22436
-13084
28863
-26400
-16094
615
-1780
32145
-22727
12759
-9231
-18175
22074
-4989
19451
14992
4812
32707
-12722
-142
-9988
-30878
11911
-13834
-13636
-11009
-15082
-21999
6115
-13866
-15551
-14988
-28535
12164
-17580
-11833
23159
-17359
-31267
-14043
-17275
2936
21155
29926
26393
15220
-18583
-2965
-3434
32722
362
2979
12704
-28716
-19167
-24693
-19500
-5593
15910
6755
208
-22954
-3678
-28045
6387
3167
13334
-12704
15512
11770
-7317
24723
-23609
-22827
-7578
-18582
29088
-4019
26533
-6787
-6560
31193
-30772
28934
-5531
3200
24943
3737
4253
15771
14908
5139
-4754
-1040
-1455
-1044
-29776
-2463
24816
-29593
185
23606
-8057
22333
-4628
25620
-21874
-3355
23075
702
13403
-12595
4748
2711
-7467
3418
32353
21287
12695
10639
25850
-12709
-31154
9063
-16753
17939
329
-5308
23354
6863
-773
15509
-27908
14477
-27937
15180
-7410
12970
32571
-27977
-23687
-19640
29107
17135
12104
7457
-822
-29998
21505
-18860
-5829
-16407
-23112
-30354
32125
-17561
-8566
26910
-27819
-10153
17609
23980
-26613
24471
-17523
-8360
-11789
-15096
-21121
27672
-3111
-14912
-17550
-2205
6879
-30318
-7609
-26951
27284
13228
30885
-4008
-20386
26965
19856
-15072
-28501
-13063
-7230
122
-2857
-845
8588
12313
28785
27272
16467
-8265
598
16418
2428
30195
30370
-14815
1927
-9034
-20422
19425
-30921
-28983
24748
-22287
-17959
-12407
12891
-2673
14293
-11542
-18178
-23589
22870
21406
-6830
1745
-5889
-22806
22709
-1933
-23630
-4237
-3279
-7849
-678
-10452
-7575
4556
-24
15486
3284
-23171
14252
15081
24938
23984
3766
-18580
26414
12603
2457
25159
-9582
21252
-29435
-508
-29938
-13836
-10181
-26855
-10536
-32460
-8378
-24842
31450
23876
-22120
25526
-5996
5482
1339
7199
-31281
-2383
18210
13788
-23276
9877
-29042
-13774
13570
13527
6165
-5689
-30914
-29629
2609
4912
-10638
8358
-31888
6391
17295
-23811
-12889
19766
5329
-5235
-7363
-17943
14520
-12405
8055
32481
-1177
29566
-4614
18188
-20595
-20856
23321
9668
-24815
-8304
17015
-15670
-2803
27014
31996
-7428
17599
10698
329
-19374
20264
1336
-28194
-12729
-26693
-22764
2357
3198
24292
31661
8007
-21256
-22850
8442
8454
20194
-4840
-1230
-8329
26646
26568
-21495
-25797
25753
26516
-32412
14080
-15453
-13041
-22938
-16783
7165
-32267
20270
30916
24826
593
9838
13395
-25856
2393
29756
-3926
-520
29664
-28224
20284
-12751
-20681
5562
-18030
-23840
-29158
-1923
24632
-769
7867
13004
27660
10012
-15925
27194
4181
-816
-26070
30055
17415
-23178
21689
1234
-4621
27167
17233
-18257
25003
5174
18986
-17511
22115
-21186
-9146
215
7717
-28643
-20331
-2707
11536
-32291
-31077
-6583
23085
-11911
-19413
5200
-12180
-11884
12479
-19308
-11306
29468
-14389
14470
-24641
-7603
11868
22027
-26403
22015
19908
-12985
-11587
15395
-17883
-19218
-13639
24261
-11262
-12124
-3432
28979
14192
26848
22422
15132
-8671
-31356
9515
-17568
12793
-10525
-465
6288
-133
2101
1662
16894
2565
-5487
14842
14470
-3026
-5669
13699
-9477
11574
-15812
-10585
14569
25503
-32414
30717
8419
14198
24316
12881
2251
12522
14366
11189
26920
-490
28845
-28342
-2472
1770
23813
13633
-30433
24488
-1999
29008
18551
-22392
-5620
-13699
-4503
11271
20178
2955
10816
-17165
5885
20867
-20406
9949
-5226
-22001
6077
25487
-17940
-19425
18040
781
-17750
23326
27474
-6368
-16622
30556
16001
13549
-13778
-13127
-32518
-14280
-22401
-22391
-11288
-21450
29523
-14494
24355
16783
12995
-9901
-22725
-17177
-4942
-11461
-32020
11590
-21703
23195
-601
27162
4117
-28
-29834
-31091
-9379
25614
5040
-4055
6289
-3549
7943
23724
-22172
-9567
-18080
-7721
-18223
10431
28303
27728
12426
17201
13609
-30423
-20796
20539
13950
-21112
13555
-2196
22414
12697
-3830
18851
14715
-32068
20472
31411
-29716
-3889
-12635
11845
-24026
4673
-16685
-16888
-26067
-3012
28984
8271
-31040
21158
-6057
14509
3285
-16245
22768
-30936
16954
8093
10314
-12987
-11668
-1015
1066
-5228
-438
-18670
-30552
-318
11164
14713
-2594
-5858
-14486
3069
-14889
11165
24313
-3723
-20373
11244
-7372
-2830
29735
-12373
-19376
9519
26232
-26508
-13614
19858
-22913
-9843
-5317
27965
-20292
-15067
16020
-10196
14286
6229
20701
31781
-27446
-17025
27220
23306
-8272
28313
-15888
-11172
24358
13967
21320
6475
29660
-24467
27112
23776
29331
13025
20679
10276
5129
11059
-18424
-8947
-11245
-8934
-15637
-14443
-9936
-14107
-23337
-20802
32308
12717
-1547
5804
19482
-12251
833
4092
23783
10323
-17405
-17422
-24244
-23552
-17907
-30653
16258
1645
4777
-10941
-27477
25815
15127
-22168
-18434
-23599
-18005
-31544
-29255
-27783
25648
-2650
-28732
-6938
9971
14701
25870
-31905
-10246
10218
-24957
-25974
-30255
21997
-8494
-7781
-743
17108
11284
-30511
18945
25833
-2005
26674
-22163
-2407
-11596
-877
1141
-4404
-25854
18055
-17243
-26294
-21186
-9830
-28416
18678
-5893
-30590
8232
12809
-29336
-30985
-30123
-10270
8762
-29569
3733
5486
-31209
23665
15883
-301
-29267
-13331
-25769
-11390
12568
16605
-973
-15322
-21859
12069
-18260
-13579
2846
-30155
18375
-2708
28509
55
-27657
-30918
-27869
11524
-14914
26174
-15247
-3624
-21734
-19509
-13345
19029
3228
-15355
1282
-2403
777
-16088
3199
287
-31234
57
8965
-16093
-6619
-30178
3218
-25731
11071
-16140
-6078
-20929
-22052
-20898
30441
1453
-6931
-269
26935
31795
-3648
-22027
-28251
31309
4770
30565
11359
22757
18332
-32288
16586
30162
-12547
27760
-14602
-13595
-30601
-911
21960
-32571
15829
-638
20222
1698
32372
-30180
-13535
-15098
-9968
2911
31036
-30466
29233
147
-23929
-25360
-22623
29583
24491
-19030
-12367
-27461
-7594
14883
3776
-7012
610
4818
-3530
1885
23490
-15968
-20219
-16505
-6999
-31741
-9888
-7972
-27131
22959
8843
24265
-16334
9691
-4572
-8533
-20725
10031
-9273
604
27842
29433
3538
28080
-18687
-19977
-2527
-1442
27998
9036
4207
-32254
2189
31772
-30617
19053
24101
-11872
-2679
21877
-13505
-4536
-14219
-2078
12426
-27191
-27013
30916
-28948
-29453
-14418
10599
30006
9642
23291
29636
8805
-1238
-22132
-22699
10331
26211
-1041
-12966
4284
-19144
-7160
28877
-14856
-26473
-15846
-6537
9610
-9234
26662
27704
-13842
-8804
31949
29878
-30620
-25470
10272
29329
-20150
-4066
-2090
-14174
10753
-25103
-22404
25442
21656
-22094
-12209
-19848
-3080
-16320
-11752
1256
25144
16362
-27502
-547
-19634
-32603
2825
26950
-24907
-26522
-2486
14269
13176
-6560
29131
-17368
-3473
-18034
-20180
22869
-11628
-22935
30907
-13521
9930
15915
-31611
21777
-28654
3296
-15880
16666
-1834
4683
-6479
8351
9707
20868
11467
-4231
13917
22720
-22649
29839
17045
-5617
-23734
-17305
12126
12976
-3612
-6594
8283
-11222
-13377
-25678
-17620
-14563
8176
-9778
18575
30162
-2728
26616
28291
-8861
-21948
-17947
-415
-32055
-7544
31030
8070
-31755
10134
16107
7599
-9099
-19373
6259
-11298
22063
12998
-19426
-15041
-10940
-10383
11493
9137
-2906
21669
-12441
-25341
25053
-15064
11624
24851
20834
24379
3076
23346
25685
